1.000000000000000000e+00 0.000000000000000000e+00 0.000000000000000000e+00
1.399999999999999911e+00 0.000000000000000000e+00 1.094236363636363585e+01
1.800000000000000044e+00 0.000000000000000000e+00 2.188472727272727170e+01
2.200000000000000178e+00 0.000000000000000000e+00 3.282709090909090577e+01
2.600000000000000089e+00 0.000000000000000000e+00 4.376945454545454339e+01
3.000000000000000000e+00 0.000000000000000000e+00 5.471181818181818102e+01
3.399999999999999911e+00 0.000000000000000000e+00 6.565418181818181154e+01
3.799999999999999822e+00 0.000000000000000000e+00 7.659654545454544916e+01
4.200000000000000178e+00 0.000000000000000000e+00 8.753890909090908679e+01
4.599999999999999645e+00 0.000000000000000000e+00 9.848127272727272441e+01
5.000000000000000000e+00 0.000000000000000000e+00 1.094236363636363620e+02
5.400000000000000355e+00 0.000000000000000000e+00 1.203659999999999854e+02
