1.000000000000000000e+00 0.000000000000000000e+00 0.000000000000000000e+00
1.399999999999999911e+00 0.000000000000000000e+00 2.735999999999998522e+01
1.800000000000000044e+00 0.000000000000000000e+00 5.471999999999998465e+01
2.200000000000000178e+00 0.000000000000000000e+00 8.207999999999998408e+01
2.600000000000000089e+00 0.000000000000000000e+00 1.094399999999999693e+02
3.000000000000000000e+00 0.000000000000000000e+00 1.367999999999999545e+02
3.399999999999999911e+00 0.000000000000000000e+00 1.641599999999999397e+02
3.799999999999999822e+00 0.000000000000000000e+00 1.915199999999999250e+02
4.200000000000000178e+00 0.000000000000000000e+00 2.188799999999999386e+02
4.599999999999999645e+00 0.000000000000000000e+00 2.462399999999998954e+02
5.000000000000000000e+00 0.000000000000000000e+00 2.735999999999999091e+02
5.400000000000000355e+00 0.000000000000000000e+00 3.009599999999999227e+02
