1.959324999999999983e+00 0.000000000000000000e+00 6.497999999999997556e+01
2.005030555555555427e+00 0.000000000000000000e+00 6.877999999999997272e+01
2.050736111111111093e+00 0.000000000000000000e+00 7.257999999999998408e+01
2.096441666666666759e+00 0.000000000000000000e+00 7.637999999999999545e+01
2.142147222222221981e+00 0.000000000000000000e+00 8.017999999999996419e+01
2.187852777777777646e+00 0.000000000000000000e+00 8.397999999999997556e+01
2.233558333333333312e+00 0.000000000000000000e+00 8.777999999999998693e+01
2.279263888888888978e+00 0.000000000000000000e+00 9.157999999999999829e+01
2.324969444444444200e+00 0.000000000000000000e+00 9.537999999999996703e+01
2.370674999999999866e+00 0.000000000000000000e+00 9.917999999999997840e+01
