2.899999999999999911e+00 0.000000000000000000e+00 5.197622727272727161e+01
2.901299376299376398e+00 0.000000000000000000e+00 5.201177289264789749e+01
2.902598752598752441e+00 0.000000000000000000e+00 5.204731851256850916e+01
2.903898128898128927e+00 0.000000000000000000e+00 5.208286413248913505e+01
2.905197505197504970e+00 0.000000000000000000e+00 5.211840975240974672e+01
2.906496881496881457e+00 0.000000000000000000e+00 5.215395537233037260e+01
2.907796257796257500e+00 0.000000000000000000e+00 5.218950099225098427e+01
2.909095634095633987e+00 0.000000000000000000e+00 5.222504661217161015e+01
2.910395010395010473e+00 0.000000000000000000e+00 5.226059223209223603e+01
2.911694386694386516e+00 0.000000000000000000e+00 5.229613785201284770e+01
2.912993762993763003e+00 0.000000000000000000e+00 5.233168347193347358e+01
2.914293139293139046e+00 0.000000000000000000e+00 5.236722909185408525e+01
2.915592515592515532e+00 0.000000000000000000e+00 5.240277471177471114e+01
2.916891891891892019e+00 0.000000000000000000e+00 5.243832033169533702e+01
2.918191268191268062e+00 0.000000000000000000e+00 5.247386595161594869e+01
2.919490644490644549e+00 0.000000000000000000e+00 5.250941157153657457e+01
2.920790020790020591e+00 0.000000000000000000e+00 5.254495719145718624e+01
2.922089397089397078e+00 0.000000000000000000e+00 5.258050281137781212e+01
2.923388773388773121e+00 0.000000000000000000e+00 5.261604843129842379e+01
2.924688149688149608e+00 0.000000000000000000e+00 5.265159405121904967e+01
2.925987525987526094e+00 0.000000000000000000e+00 5.268713967113967556e+01
2.927286902286902137e+00 0.000000000000000000e+00 5.272268529106028723e+01
2.928586278586278624e+00 0.000000000000000000e+00 5.275823091098091311e+01
2.929885654885654667e+00 0.000000000000000000e+00 5.279377653090152478e+01
2.931185031185031153e+00 0.000000000000000000e+00 5.282932215082215066e+01
2.932484407484407196e+00 0.000000000000000000e+00 5.286486777074276233e+01
2.933783783783783683e+00 0.000000000000000000e+00 5.290041339066338821e+01
2.935083160083160170e+00 0.000000000000000000e+00 5.293595901058401410e+01
2.936382536382536212e+00 0.000000000000000000e+00 5.297150463050462577e+01
2.937681912681912699e+00 0.000000000000000000e+00 5.300705025042525165e+01
2.938981288981288742e+00 0.000000000000000000e+00 5.304259587034586332e+01
2.940280665280665229e+00 0.000000000000000000e+00 5.307814149026648920e+01
2.941580041580041716e+00 0.000000000000000000e+00 5.311368711018711508e+01
2.942879417879417758e+00 0.000000000000000000e+00 5.314923273010772675e+01
2.944178794178794245e+00 0.000000000000000000e+00 5.318477835002835263e+01
2.945478170478170288e+00 0.000000000000000000e+00 5.322032396994896430e+01
2.946777546777546775e+00 0.000000000000000000e+00 5.325586958986959019e+01
2.948076923076922817e+00 0.000000000000000000e+00 5.329141520979020186e+01
2.949376299376299304e+00 0.000000000000000000e+00 5.332696082971082774e+01
2.950675675675675791e+00 0.000000000000000000e+00 5.336250644963145362e+01
2.951975051975051834e+00 0.000000000000000000e+00 5.339805206955206529e+01
2.953274428274428320e+00 0.000000000000000000e+00 5.343359768947269117e+01
2.954573804573804363e+00 0.000000000000000000e+00 5.346914330939330284e+01
2.955873180873180850e+00 0.000000000000000000e+00 5.350468892931392872e+01
2.957172557172556893e+00 0.000000000000000000e+00 5.354023454923454040e+01
2.958471933471933379e+00 0.000000000000000000e+00 5.357578016915516628e+01
2.959771309771309866e+00 0.000000000000000000e+00 5.361132578907579216e+01
2.961070686070685909e+00 0.000000000000000000e+00 5.364687140899640383e+01
2.962370062370062396e+00 0.000000000000000000e+00 5.368241702891702971e+01
2.963669438669438438e+00 0.000000000000000000e+00 5.371796264883764138e+01
2.964968814968814925e+00 0.000000000000000000e+00 5.375350826875826726e+01
2.966268191268191412e+00 0.000000000000000000e+00 5.378905388867889314e+01
2.967567567567567455e+00 0.000000000000000000e+00 5.382459950859950482e+01
2.968866943866943942e+00 0.000000000000000000e+00 5.386014512852013070e+01
2.970166320166319984e+00 0.000000000000000000e+00 5.389569074844074237e+01
2.971465696465696471e+00 0.000000000000000000e+00 5.393123636836136825e+01
2.972765072765072514e+00 0.000000000000000000e+00 5.396678198828197992e+01
2.974064449064449001e+00 0.000000000000000000e+00 5.400232760820260580e+01
2.975363825363825487e+00 0.000000000000000000e+00 5.403787322812323168e+01
2.976663201663201530e+00 0.000000000000000000e+00 5.407341884804384335e+01
2.977962577962578017e+00 0.000000000000000000e+00 5.410896446796446924e+01
2.979261954261954060e+00 0.000000000000000000e+00 5.414451008788508091e+01
2.980561330561330546e+00 0.000000000000000000e+00 5.418005570780570679e+01
2.981860706860706589e+00 0.000000000000000000e+00 5.421560132772631846e+01
2.983160083160083076e+00 0.000000000000000000e+00 5.425114694764694434e+01
2.984459459459459563e+00 0.000000000000000000e+00 5.428669256756757022e+01
2.985758835758835605e+00 0.000000000000000000e+00 5.432223818748818189e+01
2.987058212058212092e+00 0.000000000000000000e+00 5.435778380740880777e+01
2.988357588357588135e+00 0.000000000000000000e+00 5.439332942732941945e+01
2.989656964656964622e+00 0.000000000000000000e+00 5.442887504725004533e+01
2.990956340956341108e+00 0.000000000000000000e+00 5.446442066717067121e+01
2.992255717255717151e+00 0.000000000000000000e+00 5.449996628709128288e+01
2.993555093555093638e+00 0.000000000000000000e+00 5.453551190701190876e+01
2.994854469854469681e+00 0.000000000000000000e+00 5.457105752693252043e+01
2.996153846153846168e+00 0.000000000000000000e+00 5.460660314685314631e+01
2.997453222453222210e+00 0.000000000000000000e+00 5.464214876677375798e+01
2.998752598752598697e+00 0.000000000000000000e+00 5.467769438669438387e+01
3.000051975051975184e+00 0.000000000000000000e+00 5.471324000661500975e+01
3.001351351351351227e+00 0.000000000000000000e+00 5.474878562653562142e+01
3.002650727650727713e+00 0.000000000000000000e+00 5.478433124645624730e+01
3.003950103950103756e+00 0.000000000000000000e+00 5.481987686637685897e+01
3.005249480249480243e+00 0.000000000000000000e+00 5.485542248629748485e+01
3.006548856548856286e+00 0.000000000000000000e+00 5.489096810621809652e+01
3.007848232848232772e+00 0.000000000000000000e+00 5.492651372613872240e+01
3.009147609147609259e+00 0.000000000000000000e+00 5.496205934605934829e+01
3.010446985446985302e+00 0.000000000000000000e+00 5.499760496597995996e+01
3.011746361746361789e+00 0.000000000000000000e+00 5.503315058590058584e+01
3.013045738045737831e+00 0.000000000000000000e+00 5.506869620582119751e+01
3.014345114345114318e+00 0.000000000000000000e+00 5.510424182574182339e+01
3.015644490644490805e+00 0.000000000000000000e+00 5.513978744566244927e+01
3.016943866943866848e+00 0.000000000000000000e+00 5.517533306558306094e+01
3.018243243243243334e+00 0.000000000000000000e+00 5.521087868550368682e+01
3.019542619542619377e+00 0.000000000000000000e+00 5.524642430542429850e+01
3.020841995841995864e+00 0.000000000000000000e+00 5.528196992534492438e+01
3.022141372141371907e+00 0.000000000000000000e+00 5.531751554526553605e+01
3.023440748440748393e+00 0.000000000000000000e+00 5.535306116518616193e+01
3.024740124740124880e+00 0.000000000000000000e+00 5.538860678510678781e+01
3.026039501039500923e+00 0.000000000000000000e+00 5.542415240502739948e+01
3.027338877338877410e+00 0.000000000000000000e+00 5.545969802494802536e+01
3.028638253638253452e+00 0.000000000000000000e+00 5.549524364486863703e+01
3.029937629937629939e+00 0.000000000000000000e+00 5.553078926478926292e+01
3.031237006237006426e+00 0.000000000000000000e+00 5.556633488470988880e+01
3.032536382536382469e+00 0.000000000000000000e+00 5.560188050463050047e+01
3.033835758835758956e+00 0.000000000000000000e+00 5.563742612455112635e+01
3.035135135135134998e+00 0.000000000000000000e+00 5.567297174447173802e+01
3.036434511434511485e+00 0.000000000000000000e+00 5.570851736439236390e+01
3.037733887733887528e+00 0.000000000000000000e+00 5.574406298431297557e+01
3.039033264033264015e+00 0.000000000000000000e+00 5.577960860423360145e+01
3.040332640332640501e+00 0.000000000000000000e+00 5.581515422415422734e+01
3.041632016632016544e+00 0.000000000000000000e+00 5.585069984407483901e+01
3.042931392931393031e+00 0.000000000000000000e+00 5.588624546399546489e+01
3.044230769230769074e+00 0.000000000000000000e+00 5.592179108391607656e+01
3.045530145530145560e+00 0.000000000000000000e+00 5.595733670383670244e+01
3.046829521829521603e+00 0.000000000000000000e+00 5.599288232375731411e+01
3.048128898128898090e+00 0.000000000000000000e+00 5.602842794367793999e+01
3.049428274428274577e+00 0.000000000000000000e+00 5.606397356359856587e+01
3.050727650727650619e+00 0.000000000000000000e+00 5.609951918351917755e+01
3.052027027027027106e+00 0.000000000000000000e+00 5.613506480343980343e+01
3.053326403326403149e+00 0.000000000000000000e+00 5.617061042336041510e+01
3.054625779625779636e+00 0.000000000000000000e+00 5.620615604328104098e+01
3.055925155925155678e+00 0.000000000000000000e+00 5.624170166320165265e+01
3.057224532224532165e+00 0.000000000000000000e+00 5.627724728312227853e+01
3.058523908523908652e+00 0.000000000000000000e+00 5.631279290304290441e+01
3.059823284823284695e+00 0.000000000000000000e+00 5.634833852296351608e+01
3.061122661122661182e+00 0.000000000000000000e+00 5.638388414288414197e+01
3.062422037422037224e+00 0.000000000000000000e+00 5.641942976280475364e+01
3.063721413721413711e+00 0.000000000000000000e+00 5.645497538272537952e+01
3.065020790020790198e+00 0.000000000000000000e+00 5.649052100264600540e+01
3.066320166320166241e+00 0.000000000000000000e+00 5.652606662256661707e+01
3.067619542619542727e+00 0.000000000000000000e+00 5.656161224248724295e+01
3.068918918918918770e+00 0.000000000000000000e+00 5.659715786240785462e+01
3.070218295218295257e+00 0.000000000000000000e+00 5.663270348232848050e+01
3.071517671517671300e+00 0.000000000000000000e+00 5.666824910224909218e+01
3.072817047817047786e+00 0.000000000000000000e+00 5.670379472216971806e+01
3.074116424116424273e+00 0.000000000000000000e+00 5.673934034209034394e+01
3.075415800415800316e+00 0.000000000000000000e+00 5.677488596201095561e+01
3.076715176715176803e+00 0.000000000000000000e+00 5.681043158193158149e+01
3.078014553014552845e+00 0.000000000000000000e+00 5.684597720185219316e+01
3.079313929313929332e+00 0.000000000000000000e+00 5.688152282177281904e+01
3.080613305613305819e+00 0.000000000000000000e+00 5.691706844169344492e+01
3.081912681912681862e+00 0.000000000000000000e+00 5.695261406161405660e+01
3.083212058212058349e+00 0.000000000000000000e+00 5.698815968153468248e+01
3.084511434511434391e+00 0.000000000000000000e+00 5.702370530145529415e+01
3.085810810810810878e+00 0.000000000000000000e+00 5.705925092137592003e+01
3.087110187110186921e+00 0.000000000000000000e+00 5.709479654129653170e+01
3.088409563409563408e+00 0.000000000000000000e+00 5.713034216121715758e+01
3.089708939708939894e+00 0.000000000000000000e+00 5.716588778113778346e+01
3.091008316008315937e+00 0.000000000000000000e+00 5.720143340105839513e+01
3.092307692307692424e+00 0.000000000000000000e+00 5.723697902097902102e+01
3.093607068607068467e+00 0.000000000000000000e+00 5.727252464089963269e+01
3.094906444906444953e+00 0.000000000000000000e+00 5.730807026082025857e+01
3.096205821205820996e+00 0.000000000000000000e+00 5.734361588074087024e+01
3.097505197505197483e+00 0.000000000000000000e+00 5.737916150066149612e+01
3.098804573804573970e+00 0.000000000000000000e+00 5.741470712058212200e+01
3.100103950103950012e+00 0.000000000000000000e+00 5.745025274050273367e+01
3.101403326403326499e+00 0.000000000000000000e+00 5.748579836042335955e+01
3.102702702702702542e+00 0.000000000000000000e+00 5.752134398034397123e+01
3.104002079002079029e+00 0.000000000000000000e+00 5.755688960026459711e+01
3.105301455301455071e+00 0.000000000000000000e+00 5.759243522018520878e+01
3.106600831600831558e+00 0.000000000000000000e+00 5.762798084010583466e+01
3.107900207900208045e+00 0.000000000000000000e+00 5.766352646002646054e+01
3.109199584199584088e+00 0.000000000000000000e+00 5.769907207994707221e+01
3.110498960498960574e+00 0.000000000000000000e+00 5.773461769986769809e+01
3.111798336798336617e+00 0.000000000000000000e+00 5.777016331978830976e+01
3.113097713097713104e+00 0.000000000000000000e+00 5.780570893970893565e+01
3.114397089397089591e+00 0.000000000000000000e+00 5.784125455962956153e+01
3.115696465696465633e+00 0.000000000000000000e+00 5.787680017955017320e+01
3.116995841995842120e+00 0.000000000000000000e+00 5.791234579947079908e+01
3.118295218295218163e+00 0.000000000000000000e+00 5.794789141939141075e+01
3.119594594594594650e+00 0.000000000000000000e+00 5.798343703931203663e+01
3.120893970893970693e+00 0.000000000000000000e+00 5.801898265923264830e+01
3.122193347193347179e+00 0.000000000000000000e+00 5.805452827915327418e+01
3.123492723492723666e+00 0.000000000000000000e+00 5.809007389907390007e+01
3.124792099792099709e+00 0.000000000000000000e+00 5.812561951899451174e+01
3.126091476091476196e+00 0.000000000000000000e+00 5.816116513891513762e+01
3.127390852390852238e+00 0.000000000000000000e+00 5.819671075883574929e+01
3.128690228690228725e+00 0.000000000000000000e+00 5.823225637875637517e+01
3.129989604989605212e+00 0.000000000000000000e+00 5.826780199867700105e+01
3.131288981288981255e+00 0.000000000000000000e+00 5.830334761859761272e+01
3.132588357588357741e+00 0.000000000000000000e+00 5.833889323851823860e+01
3.133887733887733784e+00 0.000000000000000000e+00 5.837443885843885027e+01
3.135187110187110271e+00 0.000000000000000000e+00 5.840998447835947616e+01
3.136486486486486314e+00 0.000000000000000000e+00 5.844553009828009493e+01
3.137785862785862800e+00 0.000000000000000000e+00 5.848107571820071371e+01
3.139085239085239287e+00 0.000000000000000000e+00 5.851662133812133959e+01
3.140384615384615330e+00 0.000000000000000000e+00 5.855216695804195126e+01
3.141683991683991817e+00 0.000000000000000000e+00 5.858771257796257714e+01
3.142983367983367859e+00 0.000000000000000000e+00 5.862325819788319592e+01
3.144282744282744346e+00 0.000000000000000000e+00 5.865880381780381470e+01
3.145582120582120389e+00 0.000000000000000000e+00 5.869434943772443347e+01
3.146881496881496876e+00 0.000000000000000000e+00 5.872989505764505225e+01
3.148180873180873363e+00 0.000000000000000000e+00 5.876544067756567813e+01
3.149480249480249405e+00 0.000000000000000000e+00 5.880098629748628980e+01
3.150779625779625892e+00 0.000000000000000000e+00 5.883653191740691568e+01
3.152079002079001935e+00 0.000000000000000000e+00 5.887207753732753446e+01
3.153378378378378422e+00 0.000000000000000000e+00 5.890762315724815323e+01
3.154677754677754464e+00 0.000000000000000000e+00 5.894316877716877201e+01
3.155977130977130951e+00 0.000000000000000000e+00 5.897871439708939079e+01
3.157276507276507438e+00 0.000000000000000000e+00 5.901426001701001667e+01
3.158575883575883481e+00 0.000000000000000000e+00 5.904980563693062834e+01
3.159875259875259967e+00 0.000000000000000000e+00 5.908535125685125422e+01
3.161174636174636010e+00 0.000000000000000000e+00 5.912089687677187300e+01
3.162474012474012497e+00 0.000000000000000000e+00 5.915644249669249177e+01
3.163773388773388540e+00 0.000000000000000000e+00 5.919198811661311055e+01
3.165072765072765026e+00 0.000000000000000000e+00 5.922753373653372932e+01
3.166372141372141513e+00 0.000000000000000000e+00 5.926307935645435521e+01
3.167671517671517556e+00 0.000000000000000000e+00 5.929862497637497398e+01
3.168970893970894043e+00 0.000000000000000000e+00 5.933417059629559276e+01
3.170270270270270530e+00 0.000000000000000000e+00 5.936971621621621864e+01
3.171569646569646572e+00 0.000000000000000000e+00 5.940526183613683031e+01
3.172869022869023059e+00 0.000000000000000000e+00 5.944080745605745619e+01
3.174168399168399102e+00 0.000000000000000000e+00 5.947635307597807497e+01
3.175467775467775589e+00 0.000000000000000000e+00 5.951189869589869375e+01
3.176767151767151631e+00 0.000000000000000000e+00 5.954744431581931252e+01
3.178066528066528118e+00 0.000000000000000000e+00 5.958298993573993130e+01
3.179365904365904605e+00 0.000000000000000000e+00 5.961853555566055718e+01
3.180665280665280648e+00 0.000000000000000000e+00 5.965408117558117596e+01
3.181964656964657134e+00 0.000000000000000000e+00 5.968962679550179473e+01
3.183264033264033177e+00 0.000000000000000000e+00 5.972517241542241351e+01
3.184563409563409664e+00 0.000000000000000000e+00 5.976071803534303228e+01
3.185862785862785707e+00 0.000000000000000000e+00 5.979626365526365106e+01
3.187162162162162193e+00 0.000000000000000000e+00 5.983180927518426984e+01
3.188461538461538680e+00 0.000000000000000000e+00 5.986735489510489572e+01
3.189760914760914723e+00 0.000000000000000000e+00 5.990290051502551449e+01
3.191060291060291210e+00 0.000000000000000000e+00 5.993844613494613327e+01
3.192359667359667252e+00 0.000000000000000000e+00 5.997399175486675205e+01
3.193659043659043739e+00 0.000000000000000000e+00 6.000953737478737082e+01
3.194958419958419782e+00 0.000000000000000000e+00 6.004508299470798960e+01
3.196257796257796269e+00 0.000000000000000000e+00 6.008062861462861548e+01
3.197557172557172755e+00 0.000000000000000000e+00 6.011617423454923426e+01
3.198856548856548798e+00 0.000000000000000000e+00 6.015171985446985303e+01
3.200155925155925285e+00 0.000000000000000000e+00 6.018726547439047181e+01
3.201455301455301328e+00 0.000000000000000000e+00 6.022281109431109059e+01
3.202754677754677815e+00 0.000000000000000000e+00 6.025835671423171647e+01
3.204054054054053857e+00 0.000000000000000000e+00 6.029390233415232814e+01
3.205353430353430344e+00 0.000000000000000000e+00 6.032944795407295402e+01
3.206652806652806831e+00 0.000000000000000000e+00 6.036499357399357280e+01
3.207952182952182874e+00 0.000000000000000000e+00 6.040053919391419157e+01
3.209251559251559360e+00 0.000000000000000000e+00 6.043608481383481745e+01
3.210550935550935403e+00 0.000000000000000000e+00 6.047163043375542912e+01
3.211850311850311890e+00 0.000000000000000000e+00 6.050717605367605501e+01
3.213149688149688377e+00 0.000000000000000000e+00 6.054272167359667378e+01
3.214449064449064419e+00 0.000000000000000000e+00 6.057826729351729256e+01
3.215748440748440906e+00 0.000000000000000000e+00 6.061381291343791844e+01
3.217047817047816949e+00 0.000000000000000000e+00 6.064935853335853011e+01
3.218347193347193436e+00 0.000000000000000000e+00 6.068490415327915599e+01
3.219646569646569922e+00 0.000000000000000000e+00 6.072044977319977477e+01
3.220945945945945965e+00 0.000000000000000000e+00 6.075599539312039354e+01
3.222245322245322452e+00 0.000000000000000000e+00 6.079154101304101232e+01
3.223544698544698495e+00 0.000000000000000000e+00 6.082708663296163110e+01
3.224844074844074981e+00 0.000000000000000000e+00 6.086263225288225698e+01
3.226143451143451024e+00 0.000000000000000000e+00 6.089817787280286865e+01
3.227442827442827511e+00 0.000000000000000000e+00 6.093372349272349453e+01
3.228742203742203998e+00 0.000000000000000000e+00 6.096926911264411331e+01
3.230041580041580040e+00 0.000000000000000000e+00 6.100481473256473208e+01
3.231340956340956527e+00 0.000000000000000000e+00 6.104036035248535796e+01
3.232640332640332570e+00 0.000000000000000000e+00 6.107590597240596964e+01
3.233939708939709057e+00 0.000000000000000000e+00 6.111145159232659552e+01
3.235239085239085099e+00 0.000000000000000000e+00 6.114699721224720719e+01
3.236538461538461586e+00 0.000000000000000000e+00 6.118254283216783307e+01
3.237837837837838073e+00 0.000000000000000000e+00 6.121808845208845895e+01
3.239137214137214116e+00 0.000000000000000000e+00 6.125363407200907062e+01
3.240436590436590603e+00 0.000000000000000000e+00 6.128917969192969650e+01
3.241735966735966645e+00 0.000000000000000000e+00 6.132472531185030817e+01
3.243035343035343132e+00 0.000000000000000000e+00 6.136027093177093406e+01
3.244334719334719175e+00 0.000000000000000000e+00 6.139581655169154573e+01
3.245634095634095662e+00 0.000000000000000000e+00 6.143136217161217161e+01
3.246933471933472148e+00 0.000000000000000000e+00 6.146690779153279749e+01
3.248232848232848191e+00 0.000000000000000000e+00 6.150245341145340916e+01
3.249532224532224678e+00 0.000000000000000000e+00 6.153799903137403504e+01
3.250831600831600721e+00 0.000000000000000000e+00 6.157354465129464671e+01
3.252130977130977207e+00 0.000000000000000000e+00 6.160909027121527259e+01
3.253430353430353250e+00 0.000000000000000000e+00 6.164463589113588426e+01
3.254729729729729737e+00 0.000000000000000000e+00 6.168018151105651015e+01
3.256029106029106224e+00 0.000000000000000000e+00 6.171572713097713603e+01
3.257328482328482266e+00 0.000000000000000000e+00 6.175127275089774770e+01
3.258627858627858753e+00 0.000000000000000000e+00 6.178681837081837358e+01
3.259927234927234796e+00 0.000000000000000000e+00 6.182236399073898525e+01
3.261226611226611283e+00 0.000000000000000000e+00 6.185790961065961113e+01
3.262525987525987770e+00 0.000000000000000000e+00 6.189345523058023701e+01
3.263825363825363812e+00 0.000000000000000000e+00 6.192900085050084868e+01
3.265124740124740299e+00 0.000000000000000000e+00 6.196454647042147457e+01
3.266424116424116342e+00 0.000000000000000000e+00 6.200009209034208624e+01
3.267723492723492829e+00 0.000000000000000000e+00 6.203563771026271212e+01
3.269022869022869315e+00 0.000000000000000000e+00 6.207118333018333800e+01
3.270322245322245358e+00 0.000000000000000000e+00 6.210672895010394967e+01
3.271621621621621845e+00 0.000000000000000000e+00 6.214227457002457555e+01
3.272920997920997888e+00 0.000000000000000000e+00 6.217782018994518722e+01
3.274220374220374374e+00 0.000000000000000000e+00 6.221336580986581311e+01
3.275519750519750417e+00 0.000000000000000000e+00 6.224891142978642478e+01
3.276819126819126904e+00 0.000000000000000000e+00 6.228445704970705066e+01
3.278118503118503391e+00 0.000000000000000000e+00 6.232000266962767654e+01
3.279417879417879433e+00 0.000000000000000000e+00 6.235554828954828821e+01
3.280717255717255920e+00 0.000000000000000000e+00 6.239109390946891409e+01
3.282016632016631963e+00 0.000000000000000000e+00 6.242663952938952576e+01
3.283316008316008450e+00 0.000000000000000000e+00 6.246218514931015164e+01
3.284615384615384492e+00 0.000000000000000000e+00 6.249773076923076331e+01
3.285914760914760979e+00 0.000000000000000000e+00 6.253327638915138920e+01
3.287214137214137466e+00 0.000000000000000000e+00 6.256882200907201508e+01
3.288513513513513509e+00 0.000000000000000000e+00 6.260436762899262675e+01
3.289812889812889996e+00 0.000000000000000000e+00 6.263991324891325263e+01
3.291112266112266038e+00 0.000000000000000000e+00 6.267545886883386430e+01
3.292411642411642525e+00 0.000000000000000000e+00 6.271100448875449018e+01
3.293711018711018568e+00 0.000000000000000000e+00 6.274655010867510185e+01
3.295010395010395055e+00 0.000000000000000000e+00 6.278209572859572773e+01
3.296309771309771541e+00 0.000000000000000000e+00 6.281764134851635362e+01
3.297609147609147584e+00 0.000000000000000000e+00 6.285318696843696529e+01
3.298908523908524071e+00 0.000000000000000000e+00 6.288873258835759117e+01
3.300207900207900114e+00 0.000000000000000000e+00 6.292427820827820284e+01
3.301507276507276600e+00 0.000000000000000000e+00 6.295982382819882872e+01
3.302806652806652643e+00 0.000000000000000000e+00 6.299536944811944039e+01
3.304106029106029130e+00 0.000000000000000000e+00 6.303091506804006627e+01
3.305405405405405617e+00 0.000000000000000000e+00 6.306646068796069216e+01
3.306704781704781659e+00 0.000000000000000000e+00 6.310200630788130383e+01
3.308004158004158146e+00 0.000000000000000000e+00 6.313755192780192971e+01
3.309303534303534189e+00 0.000000000000000000e+00 6.317309754772254138e+01
3.310602910602910676e+00 0.000000000000000000e+00 6.320864316764316726e+01
3.311902286902287162e+00 0.000000000000000000e+00 6.324418878756379314e+01
3.313201663201663205e+00 0.000000000000000000e+00 6.327973440748440481e+01
3.314501039501039692e+00 0.000000000000000000e+00 6.331528002740503069e+01
3.315800415800415735e+00 0.000000000000000000e+00 6.335082564732564236e+01
3.317099792099792221e+00 0.000000000000000000e+00 6.338637126724626825e+01
3.318399168399168708e+00 0.000000000000000000e+00 6.342191688716689413e+01
3.319698544698544751e+00 0.000000000000000000e+00 6.345746250708750580e+01
3.320997920997921238e+00 0.000000000000000000e+00 6.349300812700813168e+01
3.322297297297297280e+00 0.000000000000000000e+00 6.352855374692874335e+01
3.323596673596673767e+00 0.000000000000000000e+00 6.356409936684936923e+01
3.324896049896049810e+00 0.000000000000000000e+00 6.359964498676998090e+01
3.326195426195426297e+00 0.000000000000000000e+00 6.363519060669060678e+01
3.327494802494802784e+00 0.000000000000000000e+00 6.367073622661123267e+01
3.328794178794178826e+00 0.000000000000000000e+00 6.370628184653184434e+01
3.330093555093555313e+00 0.000000000000000000e+00 6.374182746645247022e+01
3.331392931392931356e+00 0.000000000000000000e+00 6.377737308637308189e+01
3.332692307692307843e+00 0.000000000000000000e+00 6.381291870629370777e+01
3.333991683991683885e+00 0.000000000000000000e+00 6.384846432621431944e+01
3.335291060291060372e+00 0.000000000000000000e+00 6.388400994613494532e+01
3.336590436590436859e+00 0.000000000000000000e+00 6.391955556605557121e+01
3.337889812889812902e+00 0.000000000000000000e+00 6.395510118597618288e+01
3.339189189189189388e+00 0.000000000000000000e+00 6.399064680589680876e+01
3.340488565488565431e+00 0.000000000000000000e+00 6.402619242581741332e+01
3.341787941787941918e+00 0.000000000000000000e+00 6.406173804573805342e+01
3.343087318087317961e+00 0.000000000000000000e+00 6.409728366565866509e+01
3.344386694386694447e+00 0.000000000000000000e+00 6.413282928557927676e+01
3.345686070686070934e+00 0.000000000000000000e+00 6.416837490549991685e+01
3.346985446985446977e+00 0.000000000000000000e+00 6.420392052542052852e+01
3.348284823284823464e+00 0.000000000000000000e+00 6.423946614534114019e+01
3.349584199584199506e+00 0.000000000000000000e+00 6.427501176526175186e+01
3.350883575883575993e+00 0.000000000000000000e+00 6.431055738518239195e+01
3.352182952182952036e+00 0.000000000000000000e+00 6.434610300510300362e+01
3.353482328482328523e+00 0.000000000000000000e+00 6.438164862502361530e+01
3.354781704781705010e+00 0.000000000000000000e+00 6.441719424494425539e+01
3.356081081081081052e+00 0.000000000000000000e+00 6.445273986486486706e+01
3.357380457380457539e+00 0.000000000000000000e+00 6.448828548478547873e+01
3.358679833679833582e+00 0.000000000000000000e+00 6.452383110470610461e+01
3.359979209979210069e+00 0.000000000000000000e+00 6.455937672462673049e+01
3.361278586278586555e+00 0.000000000000000000e+00 6.459492234454734216e+01
3.362577962577962598e+00 0.000000000000000000e+00 6.463046796446795383e+01
3.363877338877339085e+00 0.000000000000000000e+00 6.466601358438859393e+01
3.365176715176715128e+00 0.000000000000000000e+00 6.470155920430920560e+01
3.366476091476091614e+00 0.000000000000000000e+00 6.473710482422981727e+01
3.367775467775468101e+00 0.000000000000000000e+00 6.477265044415045736e+01
3.369074844074844144e+00 0.000000000000000000e+00 6.480819606407106903e+01
3.370374220374220631e+00 0.000000000000000000e+00 6.484374168399168070e+01
3.371673596673596673e+00 0.000000000000000000e+00 6.487928730391229237e+01
3.372972972972973160e+00 0.000000000000000000e+00 6.491483292383293247e+01
3.374272349272349203e+00 0.000000000000000000e+00 6.495037854375354414e+01
3.375571725571725690e+00 0.000000000000000000e+00 6.498592416367415581e+01
3.376871101871102177e+00 0.000000000000000000e+00 6.502146978359479590e+01
3.378170478170478219e+00 0.000000000000000000e+00 6.505701540351540757e+01
3.379469854469854706e+00 0.000000000000000000e+00 6.509256102343601924e+01
3.380769230769230749e+00 0.000000000000000000e+00 6.512810664335664512e+01
3.382068607068607236e+00 0.000000000000000000e+00 6.516365226327727100e+01
3.383367983367983278e+00 0.000000000000000000e+00 6.519919788319788267e+01
3.384667359667359765e+00 0.000000000000000000e+00 6.523474350311849435e+01
3.385966735966736252e+00 0.000000000000000000e+00 6.527028912303913444e+01
3.387266112266112295e+00 0.000000000000000000e+00 6.530583474295974611e+01
3.388565488565488781e+00 0.000000000000000000e+00 6.534138036288035778e+01
3.389864864864864824e+00 0.000000000000000000e+00 6.537692598280098366e+01
3.391164241164241311e+00 0.000000000000000000e+00 6.541247160272160954e+01
3.392463617463617354e+00 0.000000000000000000e+00 6.544801722264222121e+01
3.393762993762993840e+00 0.000000000000000000e+00 6.548356284256284709e+01
3.395062370062370327e+00 0.000000000000000000e+00 6.551910846248347298e+01
3.396361746361746370e+00 0.000000000000000000e+00 6.555465408240408465e+01
3.397661122661122857e+00 0.000000000000000000e+00 6.559019970232469632e+01
3.398960498960498899e+00 0.000000000000000000e+00 6.562574532224532220e+01
3.400259875259875386e+00 0.000000000000000000e+00 6.566129094216594808e+01
3.401559251559251429e+00 0.000000000000000000e+00 6.569683656208655975e+01
3.402858627858627916e+00 0.000000000000000000e+00 6.573238218200718563e+01
3.404158004158004402e+00 0.000000000000000000e+00 6.576792780192781152e+01
3.405457380457380445e+00 0.000000000000000000e+00 6.580347342184842319e+01
3.406756756756756932e+00 0.000000000000000000e+00 6.583901904176904907e+01
3.408056133056133419e+00 0.000000000000000000e+00 6.587456466168966074e+01
3.409355509355509461e+00 0.000000000000000000e+00 6.591011028161028662e+01
3.410654885654885504e+00 0.000000000000000000e+00 6.594565590153089829e+01
3.411954261954261991e+00 0.000000000000000000e+00 6.598120152145152417e+01
3.413253638253638478e+00 0.000000000000000000e+00 6.601674714137215005e+01
3.414553014553014521e+00 0.000000000000000000e+00 6.605229276129276172e+01
3.415852390852391007e+00 0.000000000000000000e+00 6.608783838121338761e+01
3.417151767151767494e+00 0.000000000000000000e+00 6.612338400113401349e+01
3.418451143451143537e+00 0.000000000000000000e+00 6.615892962105462516e+01
3.419750519750520024e+00 0.000000000000000000e+00 6.619447524097525104e+01
3.421049896049896066e+00 0.000000000000000000e+00 6.623002086089586271e+01
3.422349272349272553e+00 0.000000000000000000e+00 6.626556648081648859e+01
3.423648648648648596e+00 0.000000000000000000e+00 6.630111210073710026e+01
3.424948024948025083e+00 0.000000000000000000e+00 6.633665772065772614e+01
3.426247401247401569e+00 0.000000000000000000e+00 6.637220334057835203e+01
3.427546777546777612e+00 0.000000000000000000e+00 6.640774896049896370e+01
3.428846153846154099e+00 0.000000000000000000e+00 6.644329458041958958e+01
3.430145530145530142e+00 0.000000000000000000e+00 6.647884020034020125e+01
3.431444906444906628e+00 0.000000000000000000e+00 6.651438582026082713e+01
3.432744282744282671e+00 0.000000000000000000e+00 6.654993144018143880e+01
3.434043659043659158e+00 0.000000000000000000e+00 6.658547706010206468e+01
3.435343035343035645e+00 0.000000000000000000e+00 6.662102268002269057e+01
3.436642411642411687e+00 0.000000000000000000e+00 6.665656829994330224e+01
3.437941787941788174e+00 0.000000000000000000e+00 6.669211391986392812e+01
3.439241164241164217e+00 0.000000000000000000e+00 6.672765953978453979e+01
3.440540540540540704e+00 0.000000000000000000e+00 6.676320515970516567e+01
3.441839916839916746e+00 0.000000000000000000e+00 6.679875077962577734e+01
3.443139293139293233e+00 0.000000000000000000e+00 6.683429639954640322e+01
3.444438669438669720e+00 0.000000000000000000e+00 6.686984201946702910e+01
3.445738045738045763e+00 0.000000000000000000e+00 6.690538763938764077e+01
3.447037422037422250e+00 0.000000000000000000e+00 6.694093325930826666e+01
3.448336798336798736e+00 0.000000000000000000e+00 6.697647887922889254e+01
3.449636174636174779e+00 0.000000000000000000e+00 6.701202449914950421e+01
3.450935550935550822e+00 0.000000000000000000e+00 6.704757011907011588e+01
3.452234927234927309e+00 0.000000000000000000e+00 6.708311573899074176e+01
3.453534303534303795e+00 0.000000000000000000e+00 6.711866135891136764e+01
3.454833679833679838e+00 0.000000000000000000e+00 6.715420697883197931e+01
3.456133056133056325e+00 0.000000000000000000e+00 6.718975259875260519e+01
3.457432432432432812e+00 0.000000000000000000e+00 6.722529821867323108e+01
3.458731808731808854e+00 0.000000000000000000e+00 6.726084383859384275e+01
3.460031185031184897e+00 0.000000000000000000e+00 6.729638945851445442e+01
3.461330561330561384e+00 0.000000000000000000e+00 6.733193507843508030e+01
3.462629937629937871e+00 0.000000000000000000e+00 6.736748069835570618e+01
3.463929313929313913e+00 0.000000000000000000e+00 6.740302631827631785e+01
3.465228690228690400e+00 0.000000000000000000e+00 6.743857193819694373e+01
3.466528066528066887e+00 0.000000000000000000e+00 6.747411755811756962e+01
3.467827442827442930e+00 0.000000000000000000e+00 6.750966317803818129e+01
3.469126819126819417e+00 0.000000000000000000e+00 6.754520879795880717e+01
3.470426195426195459e+00 0.000000000000000000e+00 6.758075441787941884e+01
3.471725571725571946e+00 0.000000000000000000e+00 6.761630003780004472e+01
3.473024948024947989e+00 0.000000000000000000e+00 6.765184565772065639e+01
3.474324324324324476e+00 0.000000000000000000e+00 6.768739127764128227e+01
3.475623700623700962e+00 0.000000000000000000e+00 6.772293689756190815e+01
3.476923076923077005e+00 0.000000000000000000e+00 6.775848251748251982e+01
3.478222453222453492e+00 0.000000000000000000e+00 6.779402813740314571e+01
3.479521829521829535e+00 0.000000000000000000e+00 6.782957375732375738e+01
3.480821205821206021e+00 0.000000000000000000e+00 6.786511937724438326e+01
3.482120582120582064e+00 0.000000000000000000e+00 6.790066499716499493e+01
3.483419958419958551e+00 0.000000000000000000e+00 6.793621061708562081e+01
3.484719334719335038e+00 0.000000000000000000e+00 6.797175623700624669e+01
3.486018711018711080e+00 0.000000000000000000e+00 6.800730185692685836e+01
3.487318087318087567e+00 0.000000000000000000e+00 6.804284747684748424e+01
3.488617463617463610e+00 0.000000000000000000e+00 6.807839309676809592e+01
3.489916839916840097e+00 0.000000000000000000e+00 6.811393871668872180e+01
3.491216216216216139e+00 0.000000000000000000e+00 6.814948433660933347e+01
3.492515592515592626e+00 0.000000000000000000e+00 6.818502995652995935e+01
3.493814968814969113e+00 0.000000000000000000e+00 6.822057557645058523e+01
3.495114345114345156e+00 0.000000000000000000e+00 6.825612119637119690e+01
3.496413721413721643e+00 0.000000000000000000e+00 6.829166681629182278e+01
3.497713097713098129e+00 0.000000000000000000e+00 6.832721243621244867e+01
3.499012474012474172e+00 0.000000000000000000e+00 6.836275805613306034e+01
3.500311850311850215e+00 0.000000000000000000e+00 6.839830367605367201e+01
3.501611226611226702e+00 0.000000000000000000e+00 6.843384929597429789e+01
3.502910602910603188e+00 0.000000000000000000e+00 6.846939491589492377e+01
3.504209979209979231e+00 0.000000000000000000e+00 6.850494053581553544e+01
3.505509355509355718e+00 0.000000000000000000e+00 6.854048615573616132e+01
3.506808731808732205e+00 0.000000000000000000e+00 6.857603177565678720e+01
3.508108108108108247e+00 0.000000000000000000e+00 6.861157739557739887e+01
3.509407484407484290e+00 0.000000000000000000e+00 6.864712301549801055e+01
3.510706860706860777e+00 0.000000000000000000e+00 6.868266863541863643e+01
3.512006237006237264e+00 0.000000000000000000e+00 6.871821425533926231e+01
3.513305613305613306e+00 0.000000000000000000e+00 6.875375987525987398e+01
3.514604989604989793e+00 0.000000000000000000e+00 6.878930549518049986e+01
3.515904365904366280e+00 0.000000000000000000e+00 6.882485111510112574e+01
3.517203742203742323e+00 0.000000000000000000e+00 6.886039673502173741e+01
3.518503118503118809e+00 0.000000000000000000e+00 6.889594235494236329e+01
3.519802494802494852e+00 0.000000000000000000e+00 6.893148797486297497e+01
3.521101871101871339e+00 0.000000000000000000e+00 6.896703359478360085e+01
3.522401247401247382e+00 0.000000000000000000e+00 6.900257921470421252e+01
3.523700623700623868e+00 0.000000000000000000e+00 6.903812483462483840e+01
3.525000000000000355e+00 0.000000000000000000e+00 6.907367045454546428e+01
3.526299376299376398e+00 0.000000000000000000e+00 6.910921607446607595e+01
3.527598752598752885e+00 0.000000000000000000e+00 6.914476169438670183e+01
3.528898128898128927e+00 0.000000000000000000e+00 6.918030731430731350e+01
3.530197505197505414e+00 0.000000000000000000e+00 6.921585293422793939e+01
3.531496881496881457e+00 0.000000000000000000e+00 6.925139855414855106e+01
3.532796257796257944e+00 0.000000000000000000e+00 6.928694417406917694e+01
3.534095634095634431e+00 0.000000000000000000e+00 6.932248979398980282e+01
3.535395010395010473e+00 0.000000000000000000e+00 6.935803541391041449e+01
3.536694386694386960e+00 0.000000000000000000e+00 6.939358103383104037e+01
3.537993762993763003e+00 0.000000000000000000e+00 6.942912665375165204e+01
3.539293139293139490e+00 0.000000000000000000e+00 6.946467227367227792e+01
3.540592515592515532e+00 0.000000000000000000e+00 6.950021789359288960e+01
3.541891891891892019e+00 0.000000000000000000e+00 6.953576351351351548e+01
3.543191268191268506e+00 0.000000000000000000e+00 6.957130913343414136e+01
3.544490644490644549e+00 0.000000000000000000e+00 6.960685475335475303e+01
3.545790020790021035e+00 0.000000000000000000e+00 6.964240037327537891e+01
3.547089397089397522e+00 0.000000000000000000e+00 6.967794599319600479e+01
3.548388773388773565e+00 0.000000000000000000e+00 6.971349161311661646e+01
3.549688149688149608e+00 0.000000000000000000e+00 6.974903723303722813e+01
3.550987525987526094e+00 0.000000000000000000e+00 6.978458285295785402e+01
3.552286902286902581e+00 0.000000000000000000e+00 6.982012847287847990e+01
3.553586278586278624e+00 0.000000000000000000e+00 6.985567409279909157e+01
3.554885654885655111e+00 0.000000000000000000e+00 6.989121971271971745e+01
3.556185031185031598e+00 0.000000000000000000e+00 6.992676533264034333e+01
3.557484407484407640e+00 0.000000000000000000e+00 6.996231095256095500e+01
3.558783783783783683e+00 0.000000000000000000e+00 6.999785657248156667e+01
3.560083160083160170e+00 0.000000000000000000e+00 7.003340219240219255e+01
3.561382536382536657e+00 0.000000000000000000e+00 7.006894781232281844e+01
3.562681912681912699e+00 0.000000000000000000e+00 7.010449343224343011e+01
3.563981288981289186e+00 0.000000000000000000e+00 7.014003905216405599e+01
3.565280665280665673e+00 0.000000000000000000e+00 7.017558467208468187e+01
3.566580041580041716e+00 0.000000000000000000e+00 7.021113029200529354e+01
3.567879417879418202e+00 0.000000000000000000e+00 7.024667591192591942e+01
3.569178794178794245e+00 0.000000000000000000e+00 7.028222153184653109e+01
3.570478170478170732e+00 0.000000000000000000e+00 7.031776715176715697e+01
3.571777546777546775e+00 0.000000000000000000e+00 7.035331277168776865e+01
3.573076923076923261e+00 0.000000000000000000e+00 7.038885839160839453e+01
3.574376299376299748e+00 0.000000000000000000e+00 7.042440401152902041e+01
3.575675675675675791e+00 0.000000000000000000e+00 7.045994963144963208e+01
3.576975051975052278e+00 0.000000000000000000e+00 7.049549525137025796e+01
3.578274428274428320e+00 0.000000000000000000e+00 7.053104087129086963e+01
3.579573804573804807e+00 0.000000000000000000e+00 7.056658649121149551e+01
3.580873180873180850e+00 0.000000000000000000e+00 7.060213211113210718e+01
3.582172557172557337e+00 0.000000000000000000e+00 7.063767773105273307e+01
3.583471933471933824e+00 0.000000000000000000e+00 7.067322335097335895e+01
3.584771309771309866e+00 0.000000000000000000e+00 7.070876897089397062e+01
3.586070686070686353e+00 0.000000000000000000e+00 7.074431459081459650e+01
3.587370062370062396e+00 0.000000000000000000e+00 7.077986021073520817e+01
3.588669438669438883e+00 0.000000000000000000e+00 7.081540583065583405e+01
3.589968814968814925e+00 0.000000000000000000e+00 7.085095145057644572e+01
3.591268191268191412e+00 0.000000000000000000e+00 7.088649707049707160e+01
3.592567567567567899e+00 0.000000000000000000e+00 7.092204269041769749e+01
3.593866943866943942e+00 0.000000000000000000e+00 7.095758831033830916e+01
3.595166320166320428e+00 0.000000000000000000e+00 7.099313393025893504e+01
3.596465696465696915e+00 0.000000000000000000e+00 7.102867955017956092e+01
3.597765072765072958e+00 0.000000000000000000e+00 7.106422517010017259e+01
3.599064449064449001e+00 0.000000000000000000e+00 7.109977079002078426e+01
3.600363825363825487e+00 0.000000000000000000e+00 7.113531640994141014e+01
3.601663201663201974e+00 0.000000000000000000e+00 7.117086202986203602e+01
3.602962577962578017e+00 0.000000000000000000e+00 7.120640764978264770e+01
3.604261954261954504e+00 0.000000000000000000e+00 7.124195326970327358e+01
3.605561330561330990e+00 0.000000000000000000e+00 7.127749888962389946e+01
3.606860706860707033e+00 0.000000000000000000e+00 7.131304450954451113e+01
3.608160083160083076e+00 0.000000000000000000e+00 7.134859012946512280e+01
3.609459459459459563e+00 0.000000000000000000e+00 7.138413574938574868e+01
3.610758835758836049e+00 0.000000000000000000e+00 7.141968136930637456e+01
3.612058212058212092e+00 0.000000000000000000e+00 7.145522698922698623e+01
3.613357588357588579e+00 0.000000000000000000e+00 7.149077260914761212e+01
3.614656964656965066e+00 0.000000000000000000e+00 7.152631822906823800e+01
3.615956340956341108e+00 0.000000000000000000e+00 7.156186384898884967e+01
3.617255717255717595e+00 0.000000000000000000e+00 7.159740946890947555e+01
3.618555093555093638e+00 0.000000000000000000e+00 7.163295508883008722e+01
3.619854469854470125e+00 0.000000000000000000e+00 7.166850070875071310e+01
3.621153846153846168e+00 0.000000000000000000e+00 7.170404632867132477e+01
3.622453222453222654e+00 0.000000000000000000e+00 7.173959194859195065e+01
3.623752598752599141e+00 0.000000000000000000e+00 7.177513756851257654e+01
3.625051975051975184e+00 0.000000000000000000e+00 7.181068318843318821e+01
3.626351351351351671e+00 0.000000000000000000e+00 7.184622880835381409e+01
3.627650727650727713e+00 0.000000000000000000e+00 7.188177442827442576e+01
3.628950103950104200e+00 0.000000000000000000e+00 7.191732004819505164e+01
3.630249480249480243e+00 0.000000000000000000e+00 7.195286566811566331e+01
3.631548856548856730e+00 0.000000000000000000e+00 7.198841128803628919e+01
3.632848232848233216e+00 0.000000000000000000e+00 7.202395690795691507e+01
3.634147609147609259e+00 0.000000000000000000e+00 7.205950252787752675e+01
3.635446985446985746e+00 0.000000000000000000e+00 7.209504814779815263e+01
3.636746361746361789e+00 0.000000000000000000e+00 7.213059376771876430e+01
3.638045738045738275e+00 0.000000000000000000e+00 7.216613938763939018e+01
3.639345114345114318e+00 0.000000000000000000e+00 7.220168500756000185e+01
3.640644490644490805e+00 0.000000000000000000e+00 7.223723062748062773e+01
3.641943866943867292e+00 0.000000000000000000e+00 7.227277624740125361e+01
3.643243243243243334e+00 0.000000000000000000e+00 7.230832186732186528e+01
3.644542619542619821e+00 0.000000000000000000e+00 7.234386748724249117e+01
3.645841995841996308e+00 0.000000000000000000e+00 7.237941310716311705e+01
3.647141372141372351e+00 0.000000000000000000e+00 7.241495872708372872e+01
3.648440748440748393e+00 0.000000000000000000e+00 7.245050434700434039e+01
3.649740124740124880e+00 0.000000000000000000e+00 7.248604996692496627e+01
3.651039501039501367e+00 0.000000000000000000e+00 7.252159558684559215e+01
3.652338877338877410e+00 0.000000000000000000e+00 7.255714120676620382e+01
3.653638253638253897e+00 0.000000000000000000e+00 7.259268682668682970e+01
3.654937629937630383e+00 0.000000000000000000e+00 7.262823244660745559e+01
3.656237006237006426e+00 0.000000000000000000e+00 7.266377806652806726e+01
3.657536382536382469e+00 0.000000000000000000e+00 7.269932368644867893e+01
3.658835758835758956e+00 0.000000000000000000e+00 7.273486930636930481e+01
3.660135135135135442e+00 0.000000000000000000e+00 7.277041492628993069e+01
3.661434511434511485e+00 0.000000000000000000e+00 7.280596054621054236e+01
3.662733887733887972e+00 0.000000000000000000e+00 7.284150616613116824e+01
3.664033264033264459e+00 0.000000000000000000e+00 7.287705178605179412e+01
3.665332640332640501e+00 0.000000000000000000e+00 7.291259740597240580e+01
3.666632016632016988e+00 0.000000000000000000e+00 7.294814302589303168e+01
3.667931392931393031e+00 0.000000000000000000e+00 7.298368864581364335e+01
3.669230769230769518e+00 0.000000000000000000e+00 7.301923426573426923e+01
3.670530145530145560e+00 0.000000000000000000e+00 7.305477988565488090e+01
3.671829521829522047e+00 0.000000000000000000e+00 7.309032550557550678e+01
3.673128898128898534e+00 0.000000000000000000e+00 7.312587112549613266e+01
3.674428274428274577e+00 0.000000000000000000e+00 7.316141674541674433e+01
3.675727650727651064e+00 0.000000000000000000e+00 7.319696236533737022e+01
3.677027027027027106e+00 0.000000000000000000e+00 7.323250798525798189e+01
3.678326403326403593e+00 0.000000000000000000e+00 7.326805360517860777e+01
3.679625779625779636e+00 0.000000000000000000e+00 7.330359922509921944e+01
3.680925155925156123e+00 0.000000000000000000e+00 7.333914484501984532e+01
3.682224532224532609e+00 0.000000000000000000e+00 7.337469046494047120e+01
3.683523908523908652e+00 0.000000000000000000e+00 7.341023608486108287e+01
3.684823284823285139e+00 0.000000000000000000e+00 7.344578170478170875e+01
3.686122661122661182e+00 0.000000000000000000e+00 7.348132732470232042e+01
3.687422037422037668e+00 0.000000000000000000e+00 7.351687294462294631e+01
3.688721413721413711e+00 0.000000000000000000e+00 7.355241856454355798e+01
3.690020790020790198e+00 0.000000000000000000e+00 7.358796418446418386e+01
3.691320166320166685e+00 0.000000000000000000e+00 7.362350980438480974e+01
3.692619542619542727e+00 0.000000000000000000e+00 7.365905542430542141e+01
3.693918918918919214e+00 0.000000000000000000e+00 7.369460104422604729e+01
3.695218295218295701e+00 0.000000000000000000e+00 7.373014666414667317e+01
3.696517671517671744e+00 0.000000000000000000e+00 7.376569228406728485e+01
3.697817047817047786e+00 0.000000000000000000e+00 7.380123790398789652e+01
3.699116424116424273e+00 0.000000000000000000e+00 7.383678352390852240e+01
3.700415800415800760e+00 0.000000000000000000e+00 7.387232914382914828e+01
3.701715176715176803e+00 0.000000000000000000e+00 7.390787476374975995e+01
3.703014553014553290e+00 0.000000000000000000e+00 7.394342038367038583e+01
3.704313929313929776e+00 0.000000000000000000e+00 7.397896600359101171e+01
3.705613305613305819e+00 0.000000000000000000e+00 7.401451162351162338e+01
3.706912681912681862e+00 0.000000000000000000e+00 7.405005724343223505e+01
3.708212058212058349e+00 0.000000000000000000e+00 7.408560286335286094e+01
3.709511434511434835e+00 0.000000000000000000e+00 7.412114848327348682e+01
3.710810810810810878e+00 0.000000000000000000e+00 7.415669410319409849e+01
3.712110187110187365e+00 0.000000000000000000e+00 7.419223972311472437e+01
3.713409563409563852e+00 0.000000000000000000e+00 7.422778534303535025e+01
3.714708939708939894e+00 0.000000000000000000e+00 7.426333096295596192e+01
3.716008316008316381e+00 0.000000000000000000e+00 7.429887658287658780e+01
3.717307692307692424e+00 0.000000000000000000e+00 7.433442220279719947e+01
3.718607068607068911e+00 0.000000000000000000e+00 7.436996782271782536e+01
3.719906444906444953e+00 0.000000000000000000e+00 7.440551344263843703e+01
3.721205821205821440e+00 0.000000000000000000e+00 7.444105906255906291e+01
3.722505197505197927e+00 0.000000000000000000e+00 7.447660468247968879e+01
3.723804573804573970e+00 0.000000000000000000e+00 7.451215030240030046e+01
3.725103950103950456e+00 0.000000000000000000e+00 7.454769592232092634e+01
3.726403326403326499e+00 0.000000000000000000e+00 7.458324154224153801e+01
3.727702702702702986e+00 0.000000000000000000e+00 7.461878716216216390e+01
3.729002079002079029e+00 0.000000000000000000e+00 7.465433278208277557e+01
3.730301455301455515e+00 0.000000000000000000e+00 7.468987840200340145e+01
3.731600831600832002e+00 0.000000000000000000e+00 7.472542402192402733e+01
3.732900207900208045e+00 0.000000000000000000e+00 7.476096964184463900e+01
3.734199584199584532e+00 0.000000000000000000e+00 7.479651526176526488e+01
3.735498960498960574e+00 0.000000000000000000e+00 7.483206088168589076e+01
3.736798336798337061e+00 0.000000000000000000e+00 7.486760650160650243e+01
3.738097713097713104e+00 0.000000000000000000e+00 7.490315212152711410e+01
3.739397089397089591e+00 0.000000000000000000e+00 7.493869774144773999e+01
3.740696465696466078e+00 0.000000000000000000e+00 7.497424336136836587e+01
3.741995841995842120e+00 0.000000000000000000e+00 7.500978898128897754e+01
3.743295218295218607e+00 0.000000000000000000e+00 7.504533460120960342e+01
3.744594594594595094e+00 0.000000000000000000e+00 7.508088022113022930e+01
3.745893970893971137e+00 0.000000000000000000e+00 7.511642584105084097e+01
3.747193347193347179e+00 0.000000000000000000e+00 7.515197146097145264e+01
3.748492723492723666e+00 0.000000000000000000e+00 7.518751708089209274e+01
3.749792099792100153e+00 0.000000000000000000e+00 7.522306270081270441e+01
3.751091476091476196e+00 0.000000000000000000e+00 7.525860832073331608e+01
3.752390852390852682e+00 0.000000000000000000e+00 7.529415394065394196e+01
3.753690228690229169e+00 0.000000000000000000e+00 7.532969956057456784e+01
3.754989604989605212e+00 0.000000000000000000e+00 7.536524518049517951e+01
3.756288981288981699e+00 0.000000000000000000e+00 7.540079080041580539e+01
3.757588357588357741e+00 0.000000000000000000e+00 7.543633642033643127e+01
3.758887733887734228e+00 0.000000000000000000e+00 7.547188204025704295e+01
3.760187110187110271e+00 0.000000000000000000e+00 7.550742766017765462e+01
3.761486486486486758e+00 0.000000000000000000e+00 7.554297328009829471e+01
3.762785862785863245e+00 0.000000000000000000e+00 7.557851890001890638e+01
3.764085239085239287e+00 0.000000000000000000e+00 7.561406451993951805e+01
3.765384615384615774e+00 0.000000000000000000e+00 7.564961013986014393e+01
3.766683991683991817e+00 0.000000000000000000e+00 7.568515575978076981e+01
3.767983367983368304e+00 0.000000000000000000e+00 7.572070137970138148e+01
3.769282744282744346e+00 0.000000000000000000e+00 7.575624699962199315e+01
3.770582120582120833e+00 0.000000000000000000e+00 7.579179261954263325e+01
3.771881496881497320e+00 0.000000000000000000e+00 7.582733823946324492e+01
3.773180873180873363e+00 0.000000000000000000e+00 7.586288385938385659e+01
3.774480249480249849e+00 0.000000000000000000e+00 7.589842947930449668e+01
3.775779625779625892e+00 0.000000000000000000e+00 7.593397509922510835e+01
3.777079002079002379e+00 0.000000000000000000e+00 7.596952071914572002e+01
3.778378378378378422e+00 0.000000000000000000e+00 7.600506633906634590e+01
3.779677754677754908e+00 0.000000000000000000e+00 7.604061195898697179e+01
3.780977130977131395e+00 0.000000000000000000e+00 7.607615757890758346e+01
3.782276507276507438e+00 0.000000000000000000e+00 7.611170319882819513e+01
3.783575883575883925e+00 0.000000000000000000e+00 7.614724881874883522e+01
3.784875259875259967e+00 0.000000000000000000e+00 7.618279443866944689e+01
3.786174636174636454e+00 0.000000000000000000e+00 7.621834005859005856e+01
3.787474012474012497e+00 0.000000000000000000e+00 7.625388567851068444e+01
3.788773388773388984e+00 0.000000000000000000e+00 7.628943129843131032e+01
3.790072765072765471e+00 0.000000000000000000e+00 7.632497691835192200e+01
3.791372141372141513e+00 0.000000000000000000e+00 7.636052253827254788e+01
3.792671517671518000e+00 0.000000000000000000e+00 7.639606815819317376e+01
3.793970893970894487e+00 0.000000000000000000e+00 7.643161377811378543e+01
3.795270270270270530e+00 0.000000000000000000e+00 7.646715939803439710e+01
3.796569646569646572e+00 0.000000000000000000e+00 7.650270501795502298e+01
3.797869022869023059e+00 0.000000000000000000e+00 7.653825063787564886e+01
3.799168399168399546e+00 0.000000000000000000e+00 7.657379625779626053e+01
3.800467775467775589e+00 0.000000000000000000e+00 7.660934187771688642e+01
3.801767151767152075e+00 0.000000000000000000e+00 7.664488749763751230e+01
3.803066528066528562e+00 0.000000000000000000e+00 7.668043311755812397e+01
3.804365904365904605e+00 0.000000000000000000e+00 7.671597873747874985e+01
3.805665280665281092e+00 0.000000000000000000e+00 7.675152435739936152e+01
3.806964656964657134e+00 0.000000000000000000e+00 7.678706997731998740e+01
3.808264033264033621e+00 0.000000000000000000e+00 7.682261559724061328e+01
3.809563409563409664e+00 0.000000000000000000e+00 7.685816121716122495e+01
3.810862785862786151e+00 0.000000000000000000e+00 7.689370683708185084e+01
3.812162162162162637e+00 0.000000000000000000e+00 7.692925245700246251e+01
3.813461538461538680e+00 0.000000000000000000e+00 7.696479807692308839e+01
3.814760914760915167e+00 0.000000000000000000e+00 7.700034369684370006e+01
3.816060291060291210e+00 0.000000000000000000e+00 7.703588931676432594e+01
3.817359667359667696e+00 0.000000000000000000e+00 7.707143493668495182e+01
3.818659043659043739e+00 0.000000000000000000e+00 7.710698055660556349e+01
3.819958419958420226e+00 0.000000000000000000e+00 7.714252617652618937e+01
3.821257796257796713e+00 0.000000000000000000e+00 7.717807179644680105e+01
3.822557172557172755e+00 0.000000000000000000e+00 7.721361741636742693e+01
3.823856548856549242e+00 0.000000000000000000e+00 7.724916303628805281e+01
3.825155925155925285e+00 0.000000000000000000e+00 7.728470865620866448e+01
3.826455301455301772e+00 0.000000000000000000e+00 7.732025427612929036e+01
3.827754677754677815e+00 0.000000000000000000e+00 7.735579989604990203e+01
3.829054054054054301e+00 0.000000000000000000e+00 7.739134551597052791e+01
3.830353430353430788e+00 0.000000000000000000e+00 7.742689113589113958e+01
3.831652806652806831e+00 0.000000000000000000e+00 7.746243675581176547e+01
3.832952182952183318e+00 0.000000000000000000e+00 7.749798237573239135e+01
3.834251559251559360e+00 0.000000000000000000e+00 7.753352799565300302e+01
3.835550935550935847e+00 0.000000000000000000e+00 7.756907361557362890e+01
3.836850311850311890e+00 0.000000000000000000e+00 7.760461923549424057e+01
3.838149688149688377e+00 0.000000000000000000e+00 7.764016485541486645e+01
3.839449064449064863e+00 0.000000000000000000e+00 7.767571047533547812e+01
3.840748440748440906e+00 0.000000000000000000e+00 7.771125609525610400e+01
3.842047817047817393e+00 0.000000000000000000e+00 7.774680171517672989e+01
3.843347193347193880e+00 0.000000000000000000e+00 7.778234733509734156e+01
3.844646569646569922e+00 0.000000000000000000e+00 7.781789295501796744e+01
3.845945945945945965e+00 0.000000000000000000e+00 7.785343857493857911e+01
3.847245322245322452e+00 0.000000000000000000e+00 7.788898419485920499e+01
3.848544698544698939e+00 0.000000000000000000e+00 7.792452981477983087e+01
3.849844074844074981e+00 0.000000000000000000e+00 7.796007543470044254e+01
3.851143451143451468e+00 0.000000000000000000e+00 7.799562105462106842e+01
3.852442827442827955e+00 0.000000000000000000e+00 7.803116667454168009e+01
3.853742203742203998e+00 0.000000000000000000e+00 7.806671229446230598e+01
3.855041580041580485e+00 0.000000000000000000e+00 7.810225791438293186e+01
3.856340956340956527e+00 0.000000000000000000e+00 7.813780353430354353e+01
3.857640332640333014e+00 0.000000000000000000e+00 7.817334915422416941e+01
3.858939708939709057e+00 0.000000000000000000e+00 7.820889477414478108e+01
3.860239085239085544e+00 0.000000000000000000e+00 7.824444039406540696e+01
3.861538461538462030e+00 0.000000000000000000e+00 7.827998601398601863e+01
3.862837837837838073e+00 0.000000000000000000e+00 7.831553163390664452e+01
3.864137214137214560e+00 0.000000000000000000e+00 7.835107725382727040e+01
3.865436590436590603e+00 0.000000000000000000e+00 7.838662287374788207e+01
3.866735966735967089e+00 0.000000000000000000e+00 7.842216849366850795e+01
3.868035343035343132e+00 0.000000000000000000e+00 7.845771411358911962e+01
3.869334719334719619e+00 0.000000000000000000e+00 7.849325973350974550e+01
3.870634095634096106e+00 0.000000000000000000e+00 7.852880535343035717e+01
3.871933471933472148e+00 0.000000000000000000e+00 7.856435097335098305e+01
3.873232848232848635e+00 0.000000000000000000e+00 7.859989659327160894e+01
3.874532224532224678e+00 0.000000000000000000e+00 7.863544221319222061e+01
3.875831600831601165e+00 0.000000000000000000e+00 7.867098783311284649e+01
3.877130977130977207e+00 0.000000000000000000e+00 7.870653345303345816e+01
3.878430353430353694e+00 0.000000000000000000e+00 7.874207907295408404e+01
3.879729729729730181e+00 0.000000000000000000e+00 7.877762469287469571e+01
3.881029106029106224e+00 0.000000000000000000e+00 7.881317031279532159e+01
3.882328482328482711e+00 0.000000000000000000e+00 7.884871593271594747e+01
3.883627858627859197e+00 0.000000000000000000e+00 7.888426155263655914e+01
3.884927234927235240e+00 0.000000000000000000e+00 7.891980717255718503e+01
3.886226611226611283e+00 0.000000000000000000e+00 7.895535279247779670e+01
3.887525987525987770e+00 0.000000000000000000e+00 7.899089841239842258e+01
3.888825363825364256e+00 0.000000000000000000e+00 7.902644403231904846e+01
3.890124740124740299e+00 0.000000000000000000e+00 7.906198965223966013e+01
3.891424116424116786e+00 0.000000000000000000e+00 7.909753527216028601e+01
3.892723492723493273e+00 0.000000000000000000e+00 7.913308089208089768e+01
3.894022869022869315e+00 0.000000000000000000e+00 7.916862651200152357e+01
3.895322245322245358e+00 0.000000000000000000e+00 7.920417213192213524e+01
3.896621621621621845e+00 0.000000000000000000e+00 7.923971775184276112e+01
3.897920997920998332e+00 0.000000000000000000e+00 7.927526337176338700e+01
3.899220374220374374e+00 0.000000000000000000e+00 7.931080899168399867e+01
3.900519750519750861e+00 0.000000000000000000e+00 7.934635461160462455e+01
3.901819126819127348e+00 0.000000000000000000e+00 7.938190023152523622e+01
3.903118503118503391e+00 0.000000000000000000e+00 7.941744585144586210e+01
3.904417879417879433e+00 0.000000000000000000e+00 7.945299147136647377e+01
3.905717255717255920e+00 0.000000000000000000e+00 7.948853709128709966e+01
3.907016632016632407e+00 0.000000000000000000e+00 7.952408271120772554e+01
3.908316008316008450e+00 0.000000000000000000e+00 7.955962833112833721e+01
3.909615384615384936e+00 0.000000000000000000e+00 7.959517395104896309e+01
3.910914760914761423e+00 0.000000000000000000e+00 7.963071957096957476e+01
3.912214137214137466e+00 0.000000000000000000e+00 7.966626519089020064e+01
3.913513513513513509e+00 0.000000000000000000e+00 7.970181081081081231e+01
3.914812889812890440e+00 0.000000000000000000e+00 7.973735643073143819e+01
3.916112266112266482e+00 0.000000000000000000e+00 7.977290205065206408e+01
3.917411642411642525e+00 0.000000000000000000e+00 7.980844767057267575e+01
3.918711018711019012e+00 0.000000000000000000e+00 7.984399329049330163e+01
3.920010395010395499e+00 0.000000000000000000e+00 7.987953891041392751e+01
3.921309771309771541e+00 0.000000000000000000e+00 7.991508453033453918e+01
3.922609147609148028e+00 0.000000000000000000e+00 7.995063015025516506e+01
3.923908523908524515e+00 0.000000000000000000e+00 7.998617577017577673e+01
3.925207900207900558e+00 0.000000000000000000e+00 8.002172139009640262e+01
3.926507276507276600e+00 0.000000000000000000e+00 8.005726701001701429e+01
3.927806652806653087e+00 0.000000000000000000e+00 8.009281262993764017e+01
3.929106029106029574e+00 0.000000000000000000e+00 8.012835824985826605e+01
3.930405405405405617e+00 0.000000000000000000e+00 8.016390386977887772e+01
3.931704781704782103e+00 0.000000000000000000e+00 8.019944948969950360e+01
3.933004158004158590e+00 0.000000000000000000e+00 8.023499510962011527e+01
3.934303534303534633e+00 0.000000000000000000e+00 8.027054072954074115e+01
3.935602910602910676e+00 0.000000000000000000e+00 8.030608634946135282e+01
3.936902286902287162e+00 0.000000000000000000e+00 8.034163196938197871e+01
3.938201663201663649e+00 0.000000000000000000e+00 8.037717758930260459e+01
3.939501039501039692e+00 0.000000000000000000e+00 8.041272320922321626e+01
3.940800415800416179e+00 0.000000000000000000e+00 8.044826882914384214e+01
3.942099792099792666e+00 0.000000000000000000e+00 8.048381444906445381e+01
3.943399168399168708e+00 0.000000000000000000e+00 8.051936006898507969e+01
3.944698544698544751e+00 0.000000000000000000e+00 8.055490568890569136e+01
3.945997920997921238e+00 0.000000000000000000e+00 8.059045130882631724e+01
3.947297297297297725e+00 0.000000000000000000e+00 8.062599692874694313e+01
3.948596673596673767e+00 0.000000000000000000e+00 8.066154254866755480e+01
3.949896049896050254e+00 0.000000000000000000e+00 8.069708816858818068e+01
3.951195426195426741e+00 0.000000000000000000e+00 8.073263378850879235e+01
3.952494802494802784e+00 0.000000000000000000e+00 8.076817940842941823e+01
3.953794178794178826e+00 0.000000000000000000e+00 8.080372502835002990e+01
3.955093555093555313e+00 0.000000000000000000e+00 8.083927064827065578e+01
3.956392931392931800e+00 0.000000000000000000e+00 8.087481626819128167e+01
3.957692307692307843e+00 0.000000000000000000e+00 8.091036188811189334e+01
3.958991683991684329e+00 0.000000000000000000e+00 8.094590750803251922e+01
3.960291060291060816e+00 0.000000000000000000e+00 8.098145312795313089e+01
3.961590436590436859e+00 0.000000000000000000e+00 8.101699874787375677e+01
3.962889812889812902e+00 0.000000000000000000e+00 8.105254436779436844e+01
3.964189189189189833e+00 0.000000000000000000e+00 8.108808998771499432e+01
3.965488565488565875e+00 0.000000000000000000e+00 8.112363560763562020e+01
3.966787941787941918e+00 0.000000000000000000e+00 8.115918122755623187e+01
3.968087318087318405e+00 0.000000000000000000e+00 8.119472684747685776e+01
3.969386694386694892e+00 0.000000000000000000e+00 8.123027246739748364e+01
3.970686070686070934e+00 0.000000000000000000e+00 8.126581808731809531e+01
3.971985446985447421e+00 0.000000000000000000e+00 8.130136370723872119e+01
3.973284823284823908e+00 0.000000000000000000e+00 8.133690932715933286e+01
3.974584199584199951e+00 0.000000000000000000e+00 8.137245494707995874e+01
3.975883575883575993e+00 0.000000000000000000e+00 8.140800056700057041e+01
3.977182952182952480e+00 0.000000000000000000e+00 8.144354618692119629e+01
3.978482328482328967e+00 0.000000000000000000e+00 8.147909180684182218e+01
3.979781704781705010e+00 0.000000000000000000e+00 8.151463742676243385e+01
3.981081081081081496e+00 0.000000000000000000e+00 8.155018304668305973e+01
3.982380457380457983e+00 0.000000000000000000e+00 8.158572866660367140e+01
3.983679833679834026e+00 0.000000000000000000e+00 8.162127428652429728e+01
3.984979209979210069e+00 0.000000000000000000e+00 8.165681990644490895e+01
3.986278586278586555e+00 0.000000000000000000e+00 8.169236552636553483e+01
3.987577962577963042e+00 0.000000000000000000e+00 8.172791114628616072e+01
3.988877338877339085e+00 0.000000000000000000e+00 8.176345676620677239e+01
3.990176715176715572e+00 0.000000000000000000e+00 8.179900238612739827e+01
3.991476091476092058e+00 0.000000000000000000e+00 8.183454800604800994e+01
3.992775467775468101e+00 0.000000000000000000e+00 8.187009362596863582e+01
3.994074844074844144e+00 0.000000000000000000e+00 8.190563924588924749e+01
3.995374220374220631e+00 0.000000000000000000e+00 8.194118486580987337e+01
3.996673596673597118e+00 0.000000000000000000e+00 8.197673048573049925e+01
3.997972972972973160e+00 0.000000000000000000e+00 8.201227610565111092e+01
3.999272349272349647e+00 0.000000000000000000e+00 8.204782172557173681e+01
4.000571725571726134e+00 0.000000000000000000e+00 8.208336734549234848e+01
4.001871101871102177e+00 0.000000000000000000e+00 8.211891296541297436e+01
4.003170478170478219e+00 0.000000000000000000e+00 8.215445858533358603e+01
4.004469854469855150e+00 0.000000000000000000e+00 8.219000420525421191e+01
4.005769230769231193e+00 0.000000000000000000e+00 8.222554982517483779e+01
4.007068607068607236e+00 0.000000000000000000e+00 8.226109544509544946e+01
4.008367983367984166e+00 0.000000000000000000e+00 8.229664106501607534e+01
4.009667359667360209e+00 0.000000000000000000e+00 8.233218668493670123e+01
4.010966735966736252e+00 0.000000000000000000e+00 8.236773230485731290e+01
4.012266112266112295e+00 0.000000000000000000e+00 8.240327792477792457e+01
4.013565488565489225e+00 0.000000000000000000e+00 8.243882354469855045e+01
4.014864864864865268e+00 0.000000000000000000e+00 8.247436916461917633e+01
4.016164241164241311e+00 0.000000000000000000e+00 8.250991478453978800e+01
4.017463617463617354e+00 0.000000000000000000e+00 8.254546040446039967e+01
4.018762993762994284e+00 0.000000000000000000e+00 8.258100602438103977e+01
4.020062370062370327e+00 0.000000000000000000e+00 8.261655164430165144e+01
4.021361746361746370e+00 0.000000000000000000e+00 8.265209726422226311e+01
4.022661122661123301e+00 0.000000000000000000e+00 8.268764288414288899e+01
4.023960498960499343e+00 0.000000000000000000e+00 8.272318850406351487e+01
4.025259875259875386e+00 0.000000000000000000e+00 8.275873412398412654e+01
4.026559251559252317e+00 0.000000000000000000e+00 8.279427974390475242e+01
4.027858627858628360e+00 0.000000000000000000e+00 8.282982536382537830e+01
4.029158004158004402e+00 0.000000000000000000e+00 8.286537098374598997e+01
4.030457380457381333e+00 0.000000000000000000e+00 8.290091660366661586e+01
4.031756756756757376e+00 0.000000000000000000e+00 8.293646222358722753e+01
4.033056133056133419e+00 0.000000000000000000e+00 8.297200784350785341e+01
4.034355509355509461e+00 0.000000000000000000e+00 8.300755346342846508e+01
4.035654885654885504e+00 0.000000000000000000e+00 8.304309908334907675e+01
4.036954261954262435e+00 0.000000000000000000e+00 8.307864470326971684e+01
4.038253638253638478e+00 0.000000000000000000e+00 8.311419032319032851e+01
4.039553014553014521e+00 0.000000000000000000e+00 8.314973594311094018e+01
4.040852390852391451e+00 0.000000000000000000e+00 8.318528156303158028e+01
4.042151767151767494e+00 0.000000000000000000e+00 8.322082718295219195e+01
4.043451143451143537e+00 0.000000000000000000e+00 8.325637280287280362e+01
4.044750519750520468e+00 0.000000000000000000e+00 8.329191842279342950e+01
4.046049896049896510e+00 0.000000000000000000e+00 8.332746404271405538e+01
4.047349272349272553e+00 0.000000000000000000e+00 8.336300966263466705e+01
4.048648648648649484e+00 0.000000000000000000e+00 8.339855528255529293e+01
4.049948024948025527e+00 0.000000000000000000e+00 8.343410090247591882e+01
4.051247401247401569e+00 0.000000000000000000e+00 8.346964652239653049e+01
4.052546777546777612e+00 0.000000000000000000e+00 8.350519214231714216e+01
4.053846153846153655e+00 0.000000000000000000e+00 8.354073776223775383e+01
4.055145530145530586e+00 0.000000000000000000e+00 8.357628338215839392e+01
4.056444906444906628e+00 0.000000000000000000e+00 8.361182900207900559e+01
4.057744282744282671e+00 0.000000000000000000e+00 8.364737462199961726e+01
4.059043659043659602e+00 0.000000000000000000e+00 8.368292024192025735e+01
4.060343035343035645e+00 0.000000000000000000e+00 8.371846586184086902e+01
4.061642411642411687e+00 0.000000000000000000e+00 8.375401148176148070e+01
4.062941787941788618e+00 0.000000000000000000e+00 8.378955710168210658e+01
4.064241164241164661e+00 0.000000000000000000e+00 8.382510272160273246e+01
4.065540540540540704e+00 0.000000000000000000e+00 8.386064834152334413e+01
4.066839916839917635e+00 0.000000000000000000e+00 8.389619396144397001e+01
4.068139293139293677e+00 0.000000000000000000e+00 8.393173958136459589e+01
4.069438669438669720e+00 0.000000000000000000e+00 8.396728520128520756e+01
4.070738045738046651e+00 0.000000000000000000e+00 8.400283082120583344e+01
4.072037422037422694e+00 0.000000000000000000e+00 8.403837644112644512e+01
4.073336798336798736e+00 0.000000000000000000e+00 8.407392206104707100e+01
4.074636174636174779e+00 0.000000000000000000e+00 8.410946768096768267e+01
4.075935550935550822e+00 0.000000000000000000e+00 8.414501330088829434e+01
4.077234927234927753e+00 0.000000000000000000e+00 8.418055892080893443e+01
4.078534303534303795e+00 0.000000000000000000e+00 8.421610454072954610e+01
4.079833679833679838e+00 0.000000000000000000e+00 8.425165016065015777e+01
4.081133056133056769e+00 0.000000000000000000e+00 8.428719578057079787e+01
4.082432432432432812e+00 0.000000000000000000e+00 8.432274140049140954e+01
4.083731808731808854e+00 0.000000000000000000e+00 8.435828702041202121e+01
4.085031185031185785e+00 0.000000000000000000e+00 8.439383264033264709e+01
4.086330561330561828e+00 0.000000000000000000e+00 8.442937826025327297e+01
4.087629937629937871e+00 0.000000000000000000e+00 8.446492388017388464e+01
4.088929313929314802e+00 0.000000000000000000e+00 8.450046950009451052e+01
4.090228690228690844e+00 0.000000000000000000e+00 8.453601512001513640e+01
4.091528066528066887e+00 0.000000000000000000e+00 8.457156073993574807e+01
4.092827442827442930e+00 0.000000000000000000e+00 8.460710635985635975e+01
4.094126819126818972e+00 0.000000000000000000e+00 8.464265197977697142e+01
4.095426195426195903e+00 0.000000000000000000e+00 8.467819759969761151e+01
4.096725571725571946e+00 0.000000000000000000e+00 8.471374321961822318e+01
4.098024948024947989e+00 0.000000000000000000e+00 8.474928883953883485e+01
4.099324324324324920e+00 0.000000000000000000e+00 8.478483445945946073e+01
4.100623700623700962e+00 0.000000000000000000e+00 8.482038007938008661e+01
4.101923076923077005e+00 0.000000000000000000e+00 8.485592569930069828e+01
4.103222453222453936e+00 0.000000000000000000e+00 8.489147131922132417e+01
4.104521829521829979e+00 0.000000000000000000e+00 8.492701693914195005e+01
4.105821205821206021e+00 0.000000000000000000e+00 8.496256255906256172e+01
4.107120582120582952e+00 0.000000000000000000e+00 8.499810817898318760e+01
4.108419958419958995e+00 0.000000000000000000e+00 8.503365379890381348e+01
4.109719334719335038e+00 0.000000000000000000e+00 8.506919941882442515e+01
4.111018711018711080e+00 0.000000000000000000e+00 8.510474503874503682e+01
4.112318087318088011e+00 0.000000000000000000e+00 8.514029065866566270e+01
4.113617463617464054e+00 0.000000000000000000e+00 8.517583627858628859e+01
4.114916839916840097e+00 0.000000000000000000e+00 8.521138189850690026e+01
4.116216216216216139e+00 0.000000000000000000e+00 8.524692751842751193e+01
4.117515592515593070e+00 0.000000000000000000e+00 8.528247313834815202e+01
4.118814968814969113e+00 0.000000000000000000e+00 8.531801875826876369e+01
4.120114345114345156e+00 0.000000000000000000e+00 8.535356437818937536e+01
4.121413721413722087e+00 0.000000000000000000e+00 8.538910999811000124e+01
4.122713097713098129e+00 0.000000000000000000e+00 8.542465561803062712e+01
4.124012474012474172e+00 0.000000000000000000e+00 8.546020123795123880e+01
4.125311850311851103e+00 0.000000000000000000e+00 8.549574685787186468e+01
4.126611226611227146e+00 0.000000000000000000e+00 8.553129247779249056e+01
4.127910602910603188e+00 0.000000000000000000e+00 8.556683809771310223e+01
4.129209979209980119e+00 0.000000000000000000e+00 8.560238371763372811e+01
4.130509355509356162e+00 0.000000000000000000e+00 8.563792933755433978e+01
4.131808731808732205e+00 0.000000000000000000e+00 8.567347495747496566e+01
4.133108108108108247e+00 0.000000000000000000e+00 8.570902057739557733e+01
4.134407484407484290e+00 0.000000000000000000e+00 8.574456619731618900e+01
4.135706860706861221e+00 0.000000000000000000e+00 8.578011181723682910e+01
4.137006237006237264e+00 0.000000000000000000e+00 8.581565743715744077e+01
4.138305613305613306e+00 0.000000000000000000e+00 8.585120305707805244e+01
4.139604989604990237e+00 0.000000000000000000e+00 8.588674867699869253e+01
4.140904365904366280e+00 0.000000000000000000e+00 8.592229429691930420e+01
4.142203742203742323e+00 0.000000000000000000e+00 8.595783991683991587e+01
4.143503118503119254e+00 0.000000000000000000e+00 8.599338553676054175e+01
4.144802494802495296e+00 0.000000000000000000e+00 8.602893115668116764e+01
4.146101871101871339e+00 0.000000000000000000e+00 8.606447677660177931e+01
4.147401247401248270e+00 0.000000000000000000e+00 8.610002239652240519e+01
4.148700623700624313e+00 0.000000000000000000e+00 8.613556801644303107e+01
4.150000000000000355e+00 0.000000000000000000e+00 8.617111363636364274e+01
