4.500000000000000000e+00 0.000000000000000000e+00 1.709999999999999716e+02
4.500727650727650797e+00 0.000000000000000000e+00 1.710355509355509014e+02
4.501455301455301594e+00 0.000000000000000000e+00 1.710711018711018596e+02
4.502182952182952391e+00 0.000000000000000000e+00 1.711066528066527894e+02
4.502910602910603188e+00 0.000000000000000000e+00 1.711422037422037192e+02
4.503638253638253985e+00 0.000000000000000000e+00 1.711777546777546775e+02
4.504365904365904782e+00 0.000000000000000000e+00 1.712133056133056073e+02
4.505093555093554691e+00 0.000000000000000000e+00 1.712488565488565087e+02
4.505821205821205488e+00 0.000000000000000000e+00 1.712844074844074385e+02
4.506548856548856286e+00 0.000000000000000000e+00 1.713199584199583683e+02
4.507276507276507083e+00 0.000000000000000000e+00 1.713555093555093265e+02
4.508004158004157880e+00 0.000000000000000000e+00 1.713910602910602563e+02
4.508731808731808677e+00 0.000000000000000000e+00 1.714266112266111861e+02
4.509459459459459474e+00 0.000000000000000000e+00 1.714621621621621443e+02
4.510187110187110271e+00 0.000000000000000000e+00 1.714977130977130741e+02
4.510914760914761068e+00 0.000000000000000000e+00 1.715332640332640040e+02
4.511642411642411865e+00 0.000000000000000000e+00 1.715688149688149622e+02
4.512370062370062662e+00 0.000000000000000000e+00 1.716043659043658920e+02
4.513097713097713459e+00 0.000000000000000000e+00 1.716399168399168218e+02
4.513825363825364256e+00 0.000000000000000000e+00 1.716754677754677800e+02
4.514553014553014165e+00 0.000000000000000000e+00 1.717110187110186530e+02
4.515280665280664962e+00 0.000000000000000000e+00 1.717465696465696112e+02
4.516008316008315759e+00 0.000000000000000000e+00 1.717821205821205410e+02
4.516735966735966556e+00 0.000000000000000000e+00 1.718176715176714708e+02
4.517463617463617354e+00 0.000000000000000000e+00 1.718532224532224291e+02
4.518191268191268151e+00 0.000000000000000000e+00 1.718887733887733589e+02
4.518918918918918948e+00 0.000000000000000000e+00 1.719243243243242887e+02
4.519646569646569745e+00 0.000000000000000000e+00 1.719598752598752469e+02
4.520374220374220542e+00 0.000000000000000000e+00 1.719954261954261767e+02
4.521101871101871339e+00 0.000000000000000000e+00 1.720309771309771065e+02
4.521829521829522136e+00 0.000000000000000000e+00 1.720665280665280648e+02
4.522557172557172933e+00 0.000000000000000000e+00 1.721020790020789946e+02
4.523284823284823730e+00 0.000000000000000000e+00 1.721376299376299244e+02
4.524012474012473639e+00 0.000000000000000000e+00 1.721731808731808258e+02
4.524740124740124436e+00 0.000000000000000000e+00 1.722087318087317556e+02
4.525467775467775233e+00 0.000000000000000000e+00 1.722442827442827138e+02
4.526195426195426030e+00 0.000000000000000000e+00 1.722798336798336436e+02
4.526923076923076827e+00 0.000000000000000000e+00 1.723153846153845734e+02
4.527650727650727625e+00 0.000000000000000000e+00 1.723509355509355316e+02
4.528378378378378422e+00 0.000000000000000000e+00 1.723864864864864614e+02
4.529106029106029219e+00 0.000000000000000000e+00 1.724220374220373913e+02
4.529833679833680016e+00 0.000000000000000000e+00 1.724575883575883495e+02
4.530561330561330813e+00 0.000000000000000000e+00 1.724931392931392793e+02
4.531288981288981610e+00 0.000000000000000000e+00 1.725286902286902091e+02
4.532016632016632407e+00 0.000000000000000000e+00 1.725642411642411673e+02
4.532744282744282316e+00 0.000000000000000000e+00 1.725997920997920687e+02
4.533471933471933113e+00 0.000000000000000000e+00 1.726353430353429985e+02
4.534199584199583910e+00 0.000000000000000000e+00 1.726708939708939283e+02
4.534927234927234707e+00 0.000000000000000000e+00 1.727064449064448581e+02
4.535654885654885504e+00 0.000000000000000000e+00 1.727419958419958164e+02
4.536382536382536301e+00 0.000000000000000000e+00 1.727775467775467462e+02
4.537110187110187098e+00 0.000000000000000000e+00 1.728130977130976760e+02
4.537837837837837895e+00 0.000000000000000000e+00 1.728486486486486342e+02
4.538565488565488693e+00 0.000000000000000000e+00 1.728841995841995640e+02
4.539293139293139490e+00 0.000000000000000000e+00 1.729197505197504938e+02
4.540020790020790287e+00 0.000000000000000000e+00 1.729553014553014521e+02
4.540748440748441084e+00 0.000000000000000000e+00 1.729908523908523819e+02
4.541476091476091881e+00 0.000000000000000000e+00 1.730264033264033117e+02
4.542203742203741790e+00 0.000000000000000000e+00 1.730619542619542131e+02
4.542931392931392587e+00 0.000000000000000000e+00 1.730975051975051429e+02
4.543659043659043384e+00 0.000000000000000000e+00 1.731330561330561011e+02
4.544386694386694181e+00 0.000000000000000000e+00 1.731686070686070309e+02
4.545114345114344978e+00 0.000000000000000000e+00 1.732041580041579607e+02
4.545841995841995775e+00 0.000000000000000000e+00 1.732397089397089189e+02
4.546569646569646572e+00 0.000000000000000000e+00 1.732752598752598487e+02
4.547297297297297369e+00 0.000000000000000000e+00 1.733108108108107785e+02
4.548024948024948166e+00 0.000000000000000000e+00 1.733463617463617368e+02
4.548752598752598963e+00 0.000000000000000000e+00 1.733819126819126666e+02
4.549480249480249761e+00 0.000000000000000000e+00 1.734174636174635964e+02
4.550207900207900558e+00 0.000000000000000000e+00 1.734530145530145546e+02
4.550935550935551355e+00 0.000000000000000000e+00 1.734885654885654844e+02
4.551663201663201264e+00 0.000000000000000000e+00 1.735241164241163858e+02
4.552390852390852061e+00 0.000000000000000000e+00 1.735596673596673156e+02
4.553118503118502858e+00 0.000000000000000000e+00 1.735952182952182454e+02
4.553846153846153655e+00 0.000000000000000000e+00 1.736307692307692037e+02
4.554573804573804452e+00 0.000000000000000000e+00 1.736663201663201335e+02
4.555301455301455249e+00 0.000000000000000000e+00 1.737018711018710633e+02
4.556029106029106046e+00 0.000000000000000000e+00 1.737374220374220215e+02
4.556756756756756843e+00 0.000000000000000000e+00 1.737729729729729513e+02
4.557484407484407640e+00 0.000000000000000000e+00 1.738085239085238811e+02
4.558212058212058437e+00 0.000000000000000000e+00 1.738440748440748393e+02
4.558939708939709234e+00 0.000000000000000000e+00 1.738796257796257692e+02
4.559667359667360031e+00 0.000000000000000000e+00 1.739151767151766990e+02
4.560395010395010829e+00 0.000000000000000000e+00 1.739507276507276572e+02
4.561122661122660737e+00 0.000000000000000000e+00 1.739862785862785302e+02
4.561850311850311535e+00 0.000000000000000000e+00 1.740218295218294884e+02
4.562577962577962332e+00 0.000000000000000000e+00 1.740573804573804182e+02
4.563305613305613129e+00 0.000000000000000000e+00 1.740929313929313480e+02
4.564033264033263926e+00 0.000000000000000000e+00 1.741284823284823062e+02
4.564760914760914723e+00 0.000000000000000000e+00 1.741640332640332360e+02
4.565488565488565520e+00 0.000000000000000000e+00 1.741995841995841658e+02
4.566216216216216317e+00 0.000000000000000000e+00 1.742351351351351241e+02
4.566943866943867114e+00 0.000000000000000000e+00 1.742706860706860539e+02
4.567671517671517911e+00 0.000000000000000000e+00 1.743062370062369837e+02
4.568399168399168708e+00 0.000000000000000000e+00 1.743417879417879419e+02
4.569126819126819505e+00 0.000000000000000000e+00 1.743773388773388717e+02
4.569854469854470302e+00 0.000000000000000000e+00 1.744128898128898015e+02
4.570582120582120211e+00 0.000000000000000000e+00 1.744484407484407029e+02
4.571309771309771008e+00 0.000000000000000000e+00 1.744839916839916327e+02
4.572037422037421805e+00 0.000000000000000000e+00 1.745195426195425910e+02
4.572765072765072603e+00 0.000000000000000000e+00 1.745550935550935208e+02
4.573492723492723400e+00 0.000000000000000000e+00 1.745906444906444506e+02
4.574220374220374197e+00 0.000000000000000000e+00 1.746261954261954088e+02
4.574948024948024994e+00 0.000000000000000000e+00 1.746617463617463386e+02
4.575675675675675791e+00 0.000000000000000000e+00 1.746972972972972684e+02
4.576403326403326588e+00 0.000000000000000000e+00 1.747328482328482266e+02
4.577130977130977385e+00 0.000000000000000000e+00 1.747683991683991565e+02
4.577858627858628182e+00 0.000000000000000000e+00 1.748039501039500863e+02
4.578586278586278979e+00 0.000000000000000000e+00 1.748395010395010445e+02
4.579313929313929776e+00 0.000000000000000000e+00 1.748750519750519743e+02
4.580041580041579685e+00 0.000000000000000000e+00 1.749106029106028757e+02
4.580769230769230482e+00 0.000000000000000000e+00 1.749461538461538055e+02
4.581496881496881279e+00 0.000000000000000000e+00 1.749817047817047353e+02
4.582224532224532076e+00 0.000000000000000000e+00 1.750172557172556935e+02
4.582952182952182874e+00 0.000000000000000000e+00 1.750528066528066233e+02
4.583679833679833671e+00 0.000000000000000000e+00 1.750883575883575531e+02
4.584407484407484468e+00 0.000000000000000000e+00 1.751239085239085114e+02
4.585135135135135265e+00 0.000000000000000000e+00 1.751594594594594412e+02
4.585862785862786062e+00 0.000000000000000000e+00 1.751950103950103710e+02
4.586590436590436859e+00 0.000000000000000000e+00 1.752305613305613292e+02
4.587318087318087656e+00 0.000000000000000000e+00 1.752661122661122590e+02
4.588045738045738453e+00 0.000000000000000000e+00 1.753016632016631888e+02
4.588773388773388362e+00 0.000000000000000000e+00 1.753372141372140902e+02
4.589501039501039159e+00 0.000000000000000000e+00 1.753727650727650200e+02
4.590228690228689956e+00 0.000000000000000000e+00 1.754083160083159783e+02
4.590956340956340753e+00 0.000000000000000000e+00 1.754438669438669081e+02
4.591683991683991550e+00 0.000000000000000000e+00 1.754794178794178379e+02
4.592411642411642347e+00 0.000000000000000000e+00 1.755149688149687961e+02
4.593139293139293144e+00 0.000000000000000000e+00 1.755505197505197259e+02
4.593866943866943942e+00 0.000000000000000000e+00 1.755860706860706557e+02
4.594594594594594739e+00 0.000000000000000000e+00 1.756216216216216139e+02
4.595322245322245536e+00 0.000000000000000000e+00 1.756571725571725437e+02
4.596049896049896333e+00 0.000000000000000000e+00 1.756927234927234736e+02
4.596777546777547130e+00 0.000000000000000000e+00 1.757282744282744318e+02
4.597505197505197927e+00 0.000000000000000000e+00 1.757638253638253616e+02
4.598232848232847836e+00 0.000000000000000000e+00 1.757993762993762630e+02
4.598960498960498633e+00 0.000000000000000000e+00 1.758349272349271928e+02
4.599688149688149430e+00 0.000000000000000000e+00 1.758704781704781226e+02
4.600415800415800227e+00 0.000000000000000000e+00 1.759060291060290808e+02
4.601143451143451024e+00 0.000000000000000000e+00 1.759415800415800106e+02
4.601871101871101821e+00 0.000000000000000000e+00 1.759771309771309404e+02
4.602598752598752618e+00 0.000000000000000000e+00 1.760126819126818987e+02
4.603326403326403415e+00 0.000000000000000000e+00 1.760482328482328285e+02
4.604054054054054212e+00 0.000000000000000000e+00 1.760837837837837583e+02
4.604781704781705010e+00 0.000000000000000000e+00 1.761193347193347165e+02
4.605509355509355807e+00 0.000000000000000000e+00 1.761548856548856463e+02
4.606237006237006604e+00 0.000000000000000000e+00 1.761904365904365761e+02
4.606964656964657401e+00 0.000000000000000000e+00 1.762259875259875344e+02
4.607692307692307310e+00 0.000000000000000000e+00 1.762615384615384073e+02
4.608419958419958107e+00 0.000000000000000000e+00 1.762970893970893655e+02
4.609147609147608904e+00 0.000000000000000000e+00 1.763326403326402954e+02
4.609875259875259701e+00 0.000000000000000000e+00 1.763681912681912252e+02
4.610602910602910498e+00 0.000000000000000000e+00 1.764037422037421834e+02
4.611330561330561295e+00 0.000000000000000000e+00 1.764392931392931132e+02
4.612058212058212092e+00 0.000000000000000000e+00 1.764748440748440430e+02
4.612785862785862889e+00 0.000000000000000000e+00 1.765103950103950012e+02
4.613513513513513686e+00 0.000000000000000000e+00 1.765459459459459310e+02
4.614241164241164483e+00 0.000000000000000000e+00 1.765814968814968609e+02
4.614968814968815281e+00 0.000000000000000000e+00 1.766170478170478191e+02
4.615696465696466078e+00 0.000000000000000000e+00 1.766525987525987489e+02
4.616424116424116875e+00 0.000000000000000000e+00 1.766881496881496787e+02
4.617151767151766784e+00 0.000000000000000000e+00 1.767237006237005801e+02
4.617879417879417581e+00 0.000000000000000000e+00 1.767592515592515099e+02
4.618607068607068378e+00 0.000000000000000000e+00 1.767948024948024681e+02
4.619334719334719175e+00 0.000000000000000000e+00 1.768303534303533979e+02
4.620062370062369972e+00 0.000000000000000000e+00 1.768659043659043277e+02
4.620790020790020769e+00 0.000000000000000000e+00 1.769014553014552860e+02
4.621517671517671566e+00 0.000000000000000000e+00 1.769370062370062158e+02
4.622245322245322363e+00 0.000000000000000000e+00 1.769725571725571456e+02
4.622972972972973160e+00 0.000000000000000000e+00 1.770081081081081038e+02
4.623700623700623957e+00 0.000000000000000000e+00 1.770436590436590336e+02
4.624428274428274754e+00 0.000000000000000000e+00 1.770792099792099634e+02
4.625155925155925551e+00 0.000000000000000000e+00 1.771147609147608932e+02
4.625883575883575460e+00 0.000000000000000000e+00 1.771503118503117946e+02
4.626611226611226257e+00 0.000000000000000000e+00 1.771858627858627528e+02
4.627338877338877055e+00 0.000000000000000000e+00 1.772214137214136827e+02
4.628066528066527852e+00 0.000000000000000000e+00 1.772569646569646125e+02
4.628794178794178649e+00 0.000000000000000000e+00 1.772925155925155707e+02
4.629521829521829446e+00 0.000000000000000000e+00 1.773280665280665005e+02
4.630249480249480243e+00 0.000000000000000000e+00 1.773636174636174303e+02
4.630977130977131040e+00 0.000000000000000000e+00 1.773991683991683601e+02
4.631704781704781837e+00 0.000000000000000000e+00 1.774347193347193183e+02
4.632432432432432634e+00 0.000000000000000000e+00 1.774702702702702481e+02
4.633160083160083431e+00 0.000000000000000000e+00 1.775058212058211780e+02
4.633887733887734228e+00 0.000000000000000000e+00 1.775413721413721362e+02
4.634615384615385025e+00 0.000000000000000000e+00 1.775769230769230660e+02
4.635343035343035822e+00 0.000000000000000000e+00 1.776124740124739958e+02
4.636070686070685731e+00 0.000000000000000000e+00 1.776480249480248972e+02
4.636798336798336528e+00 0.000000000000000000e+00 1.776835758835758554e+02
4.637525987525987325e+00 0.000000000000000000e+00 1.777191268191267852e+02
4.638253638253638123e+00 0.000000000000000000e+00 1.777546777546777150e+02
4.638981288981288920e+00 0.000000000000000000e+00 1.777902286902286448e+02
4.639708939708939717e+00 0.000000000000000000e+00 1.778257796257796031e+02
4.640436590436590514e+00 0.000000000000000000e+00 1.778613305613305329e+02
4.641164241164241311e+00 0.000000000000000000e+00 1.778968814968814627e+02
4.641891891891892108e+00 0.000000000000000000e+00 1.779324324324324209e+02
4.642619542619542905e+00 0.000000000000000000e+00 1.779679833679833507e+02
4.643347193347193702e+00 0.000000000000000000e+00 1.780035343035342805e+02
4.644074844074844499e+00 0.000000000000000000e+00 1.780390852390852388e+02
4.644802494802494408e+00 0.000000000000000000e+00 1.780746361746361117e+02
4.645530145530145205e+00 0.000000000000000000e+00 1.781101871101870699e+02
4.646257796257796002e+00 0.000000000000000000e+00 1.781457380457379998e+02
4.646985446985446799e+00 0.000000000000000000e+00 1.781812889812889296e+02
4.647713097713097596e+00 0.000000000000000000e+00 1.782168399168398878e+02
4.648440748440748393e+00 0.000000000000000000e+00 1.782523908523908176e+02
4.649168399168399191e+00 0.000000000000000000e+00 1.782879417879417474e+02
4.649896049896049988e+00 0.000000000000000000e+00 1.783234927234927056e+02
4.650623700623700785e+00 0.000000000000000000e+00 1.783590436590436354e+02
4.651351351351351582e+00 0.000000000000000000e+00 1.783945945945945653e+02
4.652079002079002379e+00 0.000000000000000000e+00 1.784301455301455235e+02
4.652806652806653176e+00 0.000000000000000000e+00 1.784656964656964533e+02
4.653534303534303973e+00 0.000000000000000000e+00 1.785012474012473831e+02
4.654261954261953882e+00 0.000000000000000000e+00 1.785367983367982845e+02
4.654989604989604679e+00 0.000000000000000000e+00 1.785723492723492143e+02
4.655717255717255476e+00 0.000000000000000000e+00 1.786079002079001725e+02
4.656444906444906273e+00 0.000000000000000000e+00 1.786434511434511023e+02
4.657172557172557070e+00 0.000000000000000000e+00 1.786790020790020321e+02
4.657900207900207867e+00 0.000000000000000000e+00 1.787145530145529904e+02
4.658627858627858664e+00 0.000000000000000000e+00 1.787501039501039202e+02
4.659355509355509461e+00 0.000000000000000000e+00 1.787856548856548500e+02
4.660083160083160259e+00 0.000000000000000000e+00 1.788212058212058082e+02
4.660810810810811056e+00 0.000000000000000000e+00 1.788567567567567380e+02
4.661538461538461853e+00 0.000000000000000000e+00 1.788923076923076678e+02
4.662266112266112650e+00 0.000000000000000000e+00 1.789278586278586261e+02
4.662993762993763447e+00 0.000000000000000000e+00 1.789634095634095559e+02
4.663721413721413356e+00 0.000000000000000000e+00 1.789989604989604572e+02
4.664449064449064153e+00 0.000000000000000000e+00 1.790345114345113871e+02
4.665176715176714950e+00 0.000000000000000000e+00 1.790700623700623169e+02
4.665904365904365747e+00 0.000000000000000000e+00 1.791056133056132751e+02
4.666632016632016544e+00 0.000000000000000000e+00 1.791411642411642049e+02
4.667359667359667341e+00 0.000000000000000000e+00 1.791767151767151347e+02
4.668087318087318138e+00 0.000000000000000000e+00 1.792122661122660929e+02
4.668814968814968935e+00 0.000000000000000000e+00 1.792478170478170227e+02
4.669542619542619732e+00 0.000000000000000000e+00 1.792833679833679525e+02
4.670270270270270530e+00 0.000000000000000000e+00 1.793189189189189108e+02
4.670997920997921327e+00 0.000000000000000000e+00 1.793544698544698406e+02
4.671725571725572124e+00 0.000000000000000000e+00 1.793900207900207704e+02
4.672453222453222921e+00 0.000000000000000000e+00 1.794255717255717286e+02
4.673180873180872830e+00 0.000000000000000000e+00 1.794611226611226016e+02
4.673908523908523627e+00 0.000000000000000000e+00 1.794966735966735598e+02
4.674636174636174424e+00 0.000000000000000000e+00 1.795322245322244896e+02
4.675363825363825221e+00 0.000000000000000000e+00 1.795677754677754194e+02
4.676091476091476018e+00 0.000000000000000000e+00 1.796033264033263777e+02
4.676819126819126815e+00 0.000000000000000000e+00 1.796388773388773075e+02
4.677546777546777612e+00 0.000000000000000000e+00 1.796744282744282373e+02
4.678274428274428409e+00 0.000000000000000000e+00 1.797099792099791955e+02
4.679002079002079206e+00 0.000000000000000000e+00 1.797455301455301253e+02
4.679729729729730003e+00 0.000000000000000000e+00 1.797810810810810551e+02
4.680457380457380800e+00 0.000000000000000000e+00 1.798166320166320133e+02
4.681185031185031598e+00 0.000000000000000000e+00 1.798521829521829432e+02
4.681912681912681506e+00 0.000000000000000000e+00 1.798877338877338445e+02
4.682640332640332304e+00 0.000000000000000000e+00 1.799232848232847743e+02
4.683367983367983101e+00 0.000000000000000000e+00 1.799588357588357042e+02
4.684095634095633898e+00 0.000000000000000000e+00 1.799943866943866624e+02
4.684823284823284695e+00 0.000000000000000000e+00 1.800299376299375922e+02
4.685550935550935492e+00 0.000000000000000000e+00 1.800654885654885220e+02
4.686278586278586289e+00 0.000000000000000000e+00 1.801010395010394802e+02
4.687006237006237086e+00 0.000000000000000000e+00 1.801365904365904100e+02
4.687733887733887883e+00 0.000000000000000000e+00 1.801721413721413398e+02
4.688461538461538680e+00 0.000000000000000000e+00 1.802076923076922981e+02
4.689189189189189477e+00 0.000000000000000000e+00 1.802432432432432279e+02
4.689916839916840274e+00 0.000000000000000000e+00 1.802787941787941577e+02
4.690644490644491071e+00 0.000000000000000000e+00 1.803143451143450875e+02
4.691372141372141868e+00 0.000000000000000000e+00 1.803498960498960457e+02
4.692099792099791777e+00 0.000000000000000000e+00 1.803854469854469471e+02
4.692827442827442574e+00 0.000000000000000000e+00 1.804209979209978769e+02
4.693555093555093372e+00 0.000000000000000000e+00 1.804565488565488067e+02
4.694282744282744169e+00 0.000000000000000000e+00 1.804920997920997650e+02
4.695010395010394966e+00 0.000000000000000000e+00 1.805276507276506948e+02
4.695738045738045763e+00 0.000000000000000000e+00 1.805632016632016246e+02
4.696465696465696560e+00 0.000000000000000000e+00 1.805987525987525544e+02
4.697193347193347357e+00 0.000000000000000000e+00 1.806343035343035126e+02
4.697920997920998154e+00 0.000000000000000000e+00 1.806698544698544424e+02
4.698648648648648951e+00 0.000000000000000000e+00 1.807054054054053722e+02
4.699376299376299748e+00 0.000000000000000000e+00 1.807409563409563305e+02
4.700103950103950545e+00 0.000000000000000000e+00 1.807765072765072603e+02
4.700831600831600454e+00 0.000000000000000000e+00 1.808120582120581616e+02
4.701559251559251251e+00 0.000000000000000000e+00 1.808476091476090915e+02
4.702286902286902048e+00 0.000000000000000000e+00 1.808831600831600213e+02
4.703014553014552845e+00 0.000000000000000000e+00 1.809187110187109795e+02
4.703742203742203642e+00 0.000000000000000000e+00 1.809542619542619093e+02
4.704469854469854440e+00 0.000000000000000000e+00 1.809898128898128391e+02
4.705197505197505237e+00 0.000000000000000000e+00 1.810253638253637973e+02
4.705925155925156034e+00 0.000000000000000000e+00 1.810609147609147271e+02
4.706652806652806831e+00 0.000000000000000000e+00 1.810964656964656569e+02
4.707380457380457628e+00 0.000000000000000000e+00 1.811320166320166152e+02
4.708108108108108425e+00 0.000000000000000000e+00 1.811675675675675450e+02
4.708835758835759222e+00 0.000000000000000000e+00 1.812031185031184748e+02
4.709563409563410019e+00 0.000000000000000000e+00 1.812386694386694330e+02
4.710291060291059928e+00 0.000000000000000000e+00 1.812742203742203060e+02
4.711018711018710725e+00 0.000000000000000000e+00 1.813097713097712642e+02
4.711746361746361522e+00 0.000000000000000000e+00 1.813453222453221940e+02
4.712474012474012319e+00 0.000000000000000000e+00 1.813808731808731238e+02
4.713201663201663116e+00 0.000000000000000000e+00 1.814164241164240821e+02
4.713929313929313913e+00 0.000000000000000000e+00 1.814519750519750119e+02
4.714656964656964711e+00 0.000000000000000000e+00 1.814875259875259417e+02
4.715384615384615508e+00 0.000000000000000000e+00 1.815230769230768999e+02
4.716112266112266305e+00 0.000000000000000000e+00 1.815586278586278297e+02
4.716839916839917102e+00 0.000000000000000000e+00 1.815941787941787595e+02
4.717567567567567899e+00 0.000000000000000000e+00 1.816297297297297177e+02
4.718295218295218696e+00 0.000000000000000000e+00 1.816652806652806476e+02
4.719022869022869493e+00 0.000000000000000000e+00 1.817008316008315774e+02
4.719750519750519402e+00 0.000000000000000000e+00 1.817363825363824787e+02
4.720478170478170199e+00 0.000000000000000000e+00 1.817719334719334086e+02
4.721205821205820996e+00 0.000000000000000000e+00 1.818074844074843668e+02
4.721933471933471793e+00 0.000000000000000000e+00 1.818430353430352966e+02
4.722661122661122590e+00 0.000000000000000000e+00 1.818785862785862264e+02
4.723388773388773387e+00 0.000000000000000000e+00 1.819141372141371846e+02
4.724116424116424184e+00 0.000000000000000000e+00 1.819496881496881144e+02
4.724844074844074981e+00 0.000000000000000000e+00 1.819852390852390442e+02
4.725571725571725779e+00 0.000000000000000000e+00 1.820207900207900025e+02
4.726299376299376576e+00 0.000000000000000000e+00 1.820563409563409323e+02
4.727027027027027373e+00 0.000000000000000000e+00 1.820918918918918621e+02
4.727754677754678170e+00 0.000000000000000000e+00 1.821274428274428203e+02
4.728482328482328967e+00 0.000000000000000000e+00 1.821629937629937501e+02
4.729209979209978876e+00 0.000000000000000000e+00 1.821985446985446515e+02
4.729937629937629673e+00 0.000000000000000000e+00 1.822340956340955813e+02
4.730665280665280470e+00 0.000000000000000000e+00 1.822696465696465111e+02
4.731392931392931267e+00 0.000000000000000000e+00 1.823051975051974694e+02
4.732120582120582064e+00 0.000000000000000000e+00 1.823407484407483992e+02
4.732848232848232861e+00 0.000000000000000000e+00 1.823762993762993290e+02
4.733575883575883658e+00 0.000000000000000000e+00 1.824118503118502872e+02
4.734303534303534455e+00 0.000000000000000000e+00 1.824474012474012170e+02
4.735031185031185252e+00 0.000000000000000000e+00 1.824829521829521468e+02
4.735758835758836049e+00 0.000000000000000000e+00 1.825185031185031050e+02
4.736486486486486847e+00 0.000000000000000000e+00 1.825540540540540349e+02
4.737214137214137644e+00 0.000000000000000000e+00 1.825896049896049647e+02
4.737941787941787553e+00 0.000000000000000000e+00 1.826251559251558660e+02
4.738669438669438350e+00 0.000000000000000000e+00 1.826607068607067959e+02
4.739397089397089147e+00 0.000000000000000000e+00 1.826962577962577541e+02
4.740124740124739944e+00 0.000000000000000000e+00 1.827318087318086839e+02
4.740852390852390741e+00 0.000000000000000000e+00 1.827673596673596137e+02
4.741580041580041538e+00 0.000000000000000000e+00 1.828029106029105719e+02
4.742307692307692335e+00 0.000000000000000000e+00 1.828384615384615017e+02
4.743035343035343132e+00 0.000000000000000000e+00 1.828740124740124315e+02
4.743762993762993929e+00 0.000000000000000000e+00 1.829095634095633898e+02
4.744490644490644726e+00 0.000000000000000000e+00 1.829451143451143196e+02
4.745218295218295523e+00 0.000000000000000000e+00 1.829806652806652494e+02
4.745945945945946320e+00 0.000000000000000000e+00 1.830162162162162076e+02
4.746673596673597118e+00 0.000000000000000000e+00 1.830517671517671374e+02
4.747401247401247026e+00 0.000000000000000000e+00 1.830873180873180388e+02
4.748128898128897823e+00 0.000000000000000000e+00 1.831228690228689686e+02
4.748856548856548621e+00 0.000000000000000000e+00 1.831584199584198984e+02
4.749584199584199418e+00 0.000000000000000000e+00 1.831939708939708567e+02
4.750311850311850215e+00 0.000000000000000000e+00 1.832295218295217865e+02
4.751039501039501012e+00 0.000000000000000000e+00 1.832650727650727163e+02
4.751767151767151809e+00 0.000000000000000000e+00 1.833006237006236745e+02
4.752494802494802606e+00 0.000000000000000000e+00 1.833361746361746043e+02
4.753222453222453403e+00 0.000000000000000000e+00 1.833717255717255341e+02
4.753950103950104200e+00 0.000000000000000000e+00 1.834072765072764923e+02
4.754677754677754997e+00 0.000000000000000000e+00 1.834428274428274221e+02
4.755405405405405794e+00 0.000000000000000000e+00 1.834783783783783520e+02
4.756133056133056591e+00 0.000000000000000000e+00 1.835139293139292818e+02
4.756860706860706500e+00 0.000000000000000000e+00 1.835494802494801831e+02
4.757588357588357297e+00 0.000000000000000000e+00 1.835850311850311414e+02
4.758316008316008094e+00 0.000000000000000000e+00 1.836205821205820712e+02
4.759043659043658892e+00 0.000000000000000000e+00 1.836561330561330010e+02
4.759771309771309689e+00 0.000000000000000000e+00 1.836916839916839308e+02
4.760498960498960486e+00 0.000000000000000000e+00 1.837272349272348890e+02
4.761226611226611283e+00 0.000000000000000000e+00 1.837627858627858188e+02
4.761954261954262080e+00 0.000000000000000000e+00 1.837983367983367486e+02
4.762681912681912877e+00 0.000000000000000000e+00 1.838338877338877069e+02
4.763409563409563674e+00 0.000000000000000000e+00 1.838694386694386367e+02
4.764137214137214471e+00 0.000000000000000000e+00 1.839049896049895665e+02
4.764864864864865268e+00 0.000000000000000000e+00 1.839405405405405247e+02
4.765592515592516065e+00 0.000000000000000000e+00 1.839760914760914545e+02
4.766320166320165974e+00 0.000000000000000000e+00 1.840116424116423559e+02
4.767047817047816771e+00 0.000000000000000000e+00 1.840471933471932857e+02
4.767775467775467568e+00 0.000000000000000000e+00 1.840827442827442155e+02
4.768503118503118365e+00 0.000000000000000000e+00 1.841182952182951738e+02
4.769230769230769162e+00 0.000000000000000000e+00 1.841538461538461036e+02
4.769958419958419960e+00 0.000000000000000000e+00 1.841893970893970334e+02
4.770686070686070757e+00 0.000000000000000000e+00 1.842249480249479916e+02
4.771413721413721554e+00 0.000000000000000000e+00 1.842604989604989214e+02
4.772141372141372351e+00 0.000000000000000000e+00 1.842960498960498512e+02
4.772869022869023148e+00 0.000000000000000000e+00 1.843316008316008094e+02
4.773596673596673945e+00 0.000000000000000000e+00 1.843671517671517393e+02
4.774324324324324742e+00 0.000000000000000000e+00 1.844027027027026691e+02
4.775051975051974651e+00 0.000000000000000000e+00 1.844382536382535704e+02
4.775779625779625448e+00 0.000000000000000000e+00 1.844738045738045003e+02
4.776507276507276245e+00 0.000000000000000000e+00 1.845093555093554585e+02
4.777234927234927042e+00 0.000000000000000000e+00 1.845449064449063883e+02
4.777962577962577839e+00 0.000000000000000000e+00 1.845804573804573181e+02
4.778690228690228636e+00 0.000000000000000000e+00 1.846160083160082763e+02
4.779417879417879433e+00 0.000000000000000000e+00 1.846515592515592061e+02
4.780145530145530230e+00 0.000000000000000000e+00 1.846871101871101359e+02
4.780873180873181028e+00 0.000000000000000000e+00 1.847226611226610942e+02
4.781600831600831825e+00 0.000000000000000000e+00 1.847582120582120240e+02
4.782328482328482622e+00 0.000000000000000000e+00 1.847937629937629538e+02
4.783056133056133419e+00 0.000000000000000000e+00 1.848293139293139120e+02
4.783783783783784216e+00 0.000000000000000000e+00 1.848648648648648418e+02
4.784511434511435013e+00 0.000000000000000000e+00 1.849004158004157716e+02
4.785239085239084922e+00 0.000000000000000000e+00 1.849359667359666730e+02
4.785966735966735719e+00 0.000000000000000000e+00 1.849715176715176028e+02
4.786694386694386516e+00 0.000000000000000000e+00 1.850070686070685611e+02
4.787422037422037313e+00 0.000000000000000000e+00 1.850426195426194909e+02
4.788149688149688110e+00 0.000000000000000000e+00 1.850781704781704207e+02
4.788877338877338907e+00 0.000000000000000000e+00 1.851137214137213789e+02
4.789604989604989704e+00 0.000000000000000000e+00 1.851492723492723087e+02
4.790332640332640501e+00 0.000000000000000000e+00 1.851848232848232385e+02
4.791060291060291298e+00 0.000000000000000000e+00 1.852203742203741967e+02
4.791787941787942096e+00 0.000000000000000000e+00 1.852559251559251265e+02
4.792515592515592893e+00 0.000000000000000000e+00 1.852914760914760564e+02
4.793243243243243690e+00 0.000000000000000000e+00 1.853270270270270146e+02
4.793970893970893599e+00 0.000000000000000000e+00 1.853625779625778875e+02
4.794698544698544396e+00 0.000000000000000000e+00 1.853981288981288458e+02
4.795426195426195193e+00 0.000000000000000000e+00 1.854336798336797756e+02
4.796153846153845990e+00 0.000000000000000000e+00 1.854692307692307054e+02
4.796881496881496787e+00 0.000000000000000000e+00 1.855047817047816636e+02
4.797609147609147584e+00 0.000000000000000000e+00 1.855403326403325934e+02
4.798336798336798381e+00 0.000000000000000000e+00 1.855758835758835232e+02
4.799064449064449178e+00 0.000000000000000000e+00 1.856114345114344815e+02
4.799792099792099975e+00 0.000000000000000000e+00 1.856469854469854113e+02
4.800519750519750772e+00 0.000000000000000000e+00 1.856825363825363411e+02
4.801247401247401569e+00 0.000000000000000000e+00 1.857180873180872993e+02
4.801975051975052367e+00 0.000000000000000000e+00 1.857536382536382291e+02
4.802702702702703164e+00 0.000000000000000000e+00 1.857891891891891589e+02
4.803430353430353961e+00 0.000000000000000000e+00 1.858247401247401172e+02
4.804158004158003870e+00 0.000000000000000000e+00 1.858602910602909901e+02
4.804885654885654667e+00 0.000000000000000000e+00 1.858958419958419483e+02
4.805613305613305464e+00 0.000000000000000000e+00 1.859313929313928782e+02
4.806340956340956261e+00 0.000000000000000000e+00 1.859669438669438080e+02
4.807068607068607058e+00 0.000000000000000000e+00 1.860024948024947662e+02
4.807796257796257855e+00 0.000000000000000000e+00 1.860380457380456960e+02
4.808523908523908652e+00 0.000000000000000000e+00 1.860735966735966258e+02
4.809251559251559449e+00 0.000000000000000000e+00 1.861091476091475840e+02
4.809979209979210246e+00 0.000000000000000000e+00 1.861446985446985138e+02
4.810706860706861043e+00 0.000000000000000000e+00 1.861802494802494436e+02
4.811434511434511840e+00 0.000000000000000000e+00 1.862158004158004019e+02
4.812162162162162637e+00 0.000000000000000000e+00 1.862513513513513317e+02
4.812889812889812546e+00 0.000000000000000000e+00 1.862869022869022331e+02
4.813617463617463343e+00 0.000000000000000000e+00 1.863224532224531629e+02
4.814345114345114141e+00 0.000000000000000000e+00 1.863580041580040927e+02
4.815072765072764938e+00 0.000000000000000000e+00 1.863935550935550509e+02
4.815800415800415735e+00 0.000000000000000000e+00 1.864291060291059807e+02
4.816528066528066532e+00 0.000000000000000000e+00 1.864646569646569105e+02
4.817255717255717329e+00 0.000000000000000000e+00 1.865002079002078403e+02
4.817983367983368126e+00 0.000000000000000000e+00 1.865357588357587986e+02
4.818711018711018923e+00 0.000000000000000000e+00 1.865713097713097284e+02
4.819438669438669720e+00 0.000000000000000000e+00 1.866068607068606866e+02
4.820166320166320517e+00 0.000000000000000000e+00 1.866424116424116164e+02
4.820893970893971314e+00 0.000000000000000000e+00 1.866779625779625462e+02
4.821621621621622111e+00 0.000000000000000000e+00 1.867135135135134760e+02
4.822349272349272020e+00 0.000000000000000000e+00 1.867490644490643774e+02
4.823076923076922817e+00 0.000000000000000000e+00 1.867846153846153356e+02
4.823804573804573614e+00 0.000000000000000000e+00 1.868201663201662655e+02
4.824532224532224411e+00 0.000000000000000000e+00 1.868557172557171953e+02
4.825259875259875209e+00 0.000000000000000000e+00 1.868912681912681251e+02
4.825987525987526006e+00 0.000000000000000000e+00 1.869268191268190833e+02
4.826715176715176803e+00 0.000000000000000000e+00 1.869623700623700131e+02
4.827442827442827600e+00 0.000000000000000000e+00 1.869979209979209429e+02
4.828170478170478397e+00 0.000000000000000000e+00 1.870334719334719011e+02
4.828898128898129194e+00 0.000000000000000000e+00 1.870690228690228309e+02
4.829625779625779991e+00 0.000000000000000000e+00 1.871045738045737608e+02
4.830353430353430788e+00 0.000000000000000000e+00 1.871401247401247190e+02
4.831081081081080697e+00 0.000000000000000000e+00 1.871756756756756204e+02
4.831808731808731494e+00 0.000000000000000000e+00 1.872112266112265502e+02
4.832536382536382291e+00 0.000000000000000000e+00 1.872467775467774800e+02
4.833264033264033088e+00 0.000000000000000000e+00 1.872823284823284098e+02
4.833991683991683885e+00 0.000000000000000000e+00 1.873178794178793680e+02
4.834719334719334682e+00 0.000000000000000000e+00 1.873534303534302978e+02
4.835446985446985479e+00 0.000000000000000000e+00 1.873889812889812276e+02
4.836174636174636277e+00 0.000000000000000000e+00 1.874245322245321859e+02
4.836902286902287074e+00 0.000000000000000000e+00 1.874600831600831157e+02
4.837629937629937871e+00 0.000000000000000000e+00 1.874956340956340455e+02
4.838357588357588668e+00 0.000000000000000000e+00 1.875311850311850037e+02
4.839085239085239465e+00 0.000000000000000000e+00 1.875667359667359335e+02
4.839812889812890262e+00 0.000000000000000000e+00 1.876022869022868633e+02
4.840540540540541059e+00 0.000000000000000000e+00 1.876378378378378216e+02
4.841268191268190968e+00 0.000000000000000000e+00 1.876733887733886945e+02
4.841995841995841765e+00 0.000000000000000000e+00 1.877089397089396527e+02
4.842723492723492562e+00 0.000000000000000000e+00 1.877444906444905826e+02
4.843451143451143359e+00 0.000000000000000000e+00 1.877800415800415124e+02
4.844178794178794156e+00 0.000000000000000000e+00 1.878155925155924706e+02
4.844906444906444953e+00 0.000000000000000000e+00 1.878511434511434004e+02
4.845634095634095750e+00 0.000000000000000000e+00 1.878866943866943302e+02
4.846361746361746548e+00 0.000000000000000000e+00 1.879222453222452884e+02
4.847089397089397345e+00 0.000000000000000000e+00 1.879577962577962182e+02
4.847817047817048142e+00 0.000000000000000000e+00 1.879933471933471480e+02
4.848544698544698939e+00 0.000000000000000000e+00 1.880288981288981063e+02
4.849272349272349736e+00 0.000000000000000000e+00 1.880644490644490361e+02
4.849999999999999645e+00 0.000000000000000000e+00 1.880999999999999375e+02
4.850727650727650442e+00 0.000000000000000000e+00 1.881355509355508673e+02
4.851455301455301239e+00 0.000000000000000000e+00 1.881711018711017971e+02
4.852182952182952036e+00 0.000000000000000000e+00 1.882066528066527553e+02
4.852910602910602833e+00 0.000000000000000000e+00 1.882422037422036851e+02
4.853638253638253630e+00 0.000000000000000000e+00 1.882777546777546149e+02
4.854365904365904427e+00 0.000000000000000000e+00 1.883133056133055732e+02
4.855093555093555224e+00 0.000000000000000000e+00 1.883488565488565030e+02
4.855821205821206021e+00 0.000000000000000000e+00 1.883844074844074328e+02
4.856548856548856818e+00 0.000000000000000000e+00 1.884199584199583910e+02
4.857276507276507616e+00 0.000000000000000000e+00 1.884555093555093208e+02
4.858004158004158413e+00 0.000000000000000000e+00 1.884910602910602506e+02
4.858731808731809210e+00 0.000000000000000000e+00 1.885266112266112088e+02
4.859459459459459119e+00 0.000000000000000000e+00 1.885621621621620818e+02
4.860187110187109916e+00 0.000000000000000000e+00 1.885977130977130400e+02
4.860914760914760713e+00 0.000000000000000000e+00 1.886332640332639698e+02
4.861642411642411510e+00 0.000000000000000000e+00 1.886688149688148997e+02
4.862370062370062307e+00 0.000000000000000000e+00 1.887043659043658579e+02
4.863097713097713104e+00 0.000000000000000000e+00 1.887399168399167877e+02
4.863825363825363901e+00 0.000000000000000000e+00 1.887754677754677175e+02
4.864553014553014698e+00 0.000000000000000000e+00 1.888110187110186757e+02
4.865280665280665495e+00 0.000000000000000000e+00 1.888465696465696055e+02
4.866008316008316292e+00 0.000000000000000000e+00 1.888821205821205353e+02
4.866735966735967089e+00 0.000000000000000000e+00 1.889176715176714936e+02
4.867463617463617886e+00 0.000000000000000000e+00 1.889532224532224234e+02
4.868191268191267795e+00 0.000000000000000000e+00 1.889887733887733248e+02
4.868918918918918592e+00 0.000000000000000000e+00 1.890243243243242546e+02
4.869646569646569390e+00 0.000000000000000000e+00 1.890598752598751844e+02
4.870374220374220187e+00 0.000000000000000000e+00 1.890954261954261426e+02
4.871101871101870984e+00 0.000000000000000000e+00 1.891309771309770724e+02
4.871829521829521781e+00 0.000000000000000000e+00 1.891665280665280022e+02
4.872557172557172578e+00 0.000000000000000000e+00 1.892020790020789605e+02
4.873284823284823375e+00 0.000000000000000000e+00 1.892376299376298903e+02
4.874012474012474172e+00 0.000000000000000000e+00 1.892731808731808201e+02
4.874740124740124969e+00 0.000000000000000000e+00 1.893087318087317499e+02
4.875467775467775766e+00 0.000000000000000000e+00 1.893442827442827081e+02
4.876195426195426563e+00 0.000000000000000000e+00 1.893798336798336379e+02
4.876923076923077360e+00 0.000000000000000000e+00 1.894153846153845961e+02
4.877650727650728157e+00 0.000000000000000000e+00 1.894509355509355260e+02
4.878378378378378066e+00 0.000000000000000000e+00 1.894864864864864273e+02
4.879106029106028863e+00 0.000000000000000000e+00 1.895220374220373571e+02
4.879833679833679660e+00 0.000000000000000000e+00 1.895575883575882870e+02
4.880561330561330458e+00 0.000000000000000000e+00 1.895931392931392452e+02
4.881288981288981255e+00 0.000000000000000000e+00 1.896286902286901750e+02
4.882016632016632052e+00 0.000000000000000000e+00 1.896642411642411048e+02
4.882744282744282849e+00 0.000000000000000000e+00 1.896997920997920346e+02
4.883471933471933646e+00 0.000000000000000000e+00 1.897353430353429928e+02
4.884199584199584443e+00 0.000000000000000000e+00 1.897708939708939226e+02
4.884927234927235240e+00 0.000000000000000000e+00 1.898064449064448524e+02
4.885654885654886037e+00 0.000000000000000000e+00 1.898419958419958107e+02
4.886382536382536834e+00 0.000000000000000000e+00 1.898775467775467405e+02
4.887110187110186743e+00 0.000000000000000000e+00 1.899130977130976419e+02
4.887837837837837540e+00 0.000000000000000000e+00 1.899486486486485717e+02
4.888565488565488337e+00 0.000000000000000000e+00 1.899841995841995299e+02
4.889293139293139134e+00 0.000000000000000000e+00 1.900197505197504597e+02
4.890020790020789931e+00 0.000000000000000000e+00 1.900553014553013895e+02
4.890748440748440728e+00 0.000000000000000000e+00 1.900908523908523193e+02
4.891476091476091526e+00 0.000000000000000000e+00 1.901264033264032776e+02
4.892203742203742323e+00 0.000000000000000000e+00 1.901619542619542074e+02
4.892931392931393120e+00 0.000000000000000000e+00 1.901975051975051372e+02
4.893659043659043917e+00 0.000000000000000000e+00 1.902330561330560954e+02
4.894386694386694714e+00 0.000000000000000000e+00 1.902686070686070252e+02
4.895114345114345511e+00 0.000000000000000000e+00 1.903041580041579550e+02
4.895841995841996308e+00 0.000000000000000000e+00 1.903397089397089132e+02
4.896569646569647105e+00 0.000000000000000000e+00 1.903752598752598431e+02
4.897297297297297014e+00 0.000000000000000000e+00 1.904108108108107444e+02
4.898024948024947811e+00 0.000000000000000000e+00 1.904463617463616742e+02
4.898752598752598608e+00 0.000000000000000000e+00 1.904819126819126041e+02
4.899480249480249405e+00 0.000000000000000000e+00 1.905174636174635623e+02
4.900207900207900202e+00 0.000000000000000000e+00 1.905530145530144921e+02
4.900935550935550999e+00 0.000000000000000000e+00 1.905885654885654219e+02
4.901663201663201797e+00 0.000000000000000000e+00 1.906241164241163801e+02
4.902390852390852594e+00 0.000000000000000000e+00 1.906596673596673099e+02
4.903118503118503391e+00 0.000000000000000000e+00 1.906952182952182397e+02
4.903846153846154188e+00 0.000000000000000000e+00 1.907307692307691980e+02
4.904573804573804985e+00 0.000000000000000000e+00 1.907663201663201278e+02
4.905301455301455782e+00 0.000000000000000000e+00 1.908018711018710576e+02
4.906029106029105691e+00 0.000000000000000000e+00 1.908374220374219590e+02
4.906756756756756488e+00 0.000000000000000000e+00 1.908729729729728888e+02
4.907484407484407285e+00 0.000000000000000000e+00 1.909085239085238470e+02
4.908212058212058082e+00 0.000000000000000000e+00 1.909440748440747768e+02
4.908939708939708879e+00 0.000000000000000000e+00 1.909796257796257066e+02
4.909667359667359676e+00 0.000000000000000000e+00 1.910151767151766649e+02
4.910395010395010473e+00 0.000000000000000000e+00 1.910507276507275947e+02
4.911122661122661270e+00 0.000000000000000000e+00 1.910862785862785245e+02
4.911850311850312067e+00 0.000000000000000000e+00 1.911218295218294827e+02
4.912577962577962865e+00 0.000000000000000000e+00 1.911573804573804125e+02
4.913305613305613662e+00 0.000000000000000000e+00 1.911929313929313423e+02
4.914033264033264459e+00 0.000000000000000000e+00 1.912284823284823005e+02
4.914760914760915256e+00 0.000000000000000000e+00 1.912640332640332304e+02
4.915488565488565165e+00 0.000000000000000000e+00 1.912995841995841317e+02
4.916216216216215962e+00 0.000000000000000000e+00 1.913351351351350615e+02
4.916943866943866759e+00 0.000000000000000000e+00 1.913706860706859914e+02
4.917671517671517556e+00 0.000000000000000000e+00 1.914062370062369496e+02
4.918399168399168353e+00 0.000000000000000000e+00 1.914417879417878794e+02
4.919126819126819150e+00 0.000000000000000000e+00 1.914773388773388092e+02
4.919854469854469947e+00 0.000000000000000000e+00 1.915128898128897674e+02
4.920582120582120744e+00 0.000000000000000000e+00 1.915484407484406972e+02
4.921309771309771541e+00 0.000000000000000000e+00 1.915839916839916270e+02
4.922037422037422338e+00 0.000000000000000000e+00 1.916195426195425853e+02
4.922765072765073135e+00 0.000000000000000000e+00 1.916550935550935151e+02
4.923492723492723933e+00 0.000000000000000000e+00 1.916906444906444449e+02
4.924220374220373841e+00 0.000000000000000000e+00 1.917261954261953463e+02
4.924948024948024639e+00 0.000000000000000000e+00 1.917617463617462761e+02
4.925675675675675436e+00 0.000000000000000000e+00 1.917972972972972343e+02
4.926403326403326233e+00 0.000000000000000000e+00 1.918328482328481641e+02
4.927130977130977030e+00 0.000000000000000000e+00 1.918683991683990939e+02
4.927858627858627827e+00 0.000000000000000000e+00 1.919039501039500522e+02
4.928586278586278624e+00 0.000000000000000000e+00 1.919395010395009820e+02
4.929313929313929421e+00 0.000000000000000000e+00 1.919750519750519118e+02
4.930041580041580218e+00 0.000000000000000000e+00 1.920106029106028700e+02
4.930769230769231015e+00 0.000000000000000000e+00 1.920461538461537998e+02
4.931496881496881812e+00 0.000000000000000000e+00 1.920817047817047296e+02
4.932224532224532609e+00 0.000000000000000000e+00 1.921172557172556594e+02
4.932952182952183406e+00 0.000000000000000000e+00 1.921528066528066176e+02
4.933679833679834204e+00 0.000000000000000000e+00 1.921883575883575475e+02
4.934407484407484112e+00 0.000000000000000000e+00 1.922239085239084488e+02
4.935135135135134909e+00 0.000000000000000000e+00 1.922594594594593786e+02
4.935862785862785707e+00 0.000000000000000000e+00 1.922950103950103369e+02
4.936590436590436504e+00 0.000000000000000000e+00 1.923305613305612667e+02
4.937318087318087301e+00 0.000000000000000000e+00 1.923661122661121965e+02
4.938045738045738098e+00 0.000000000000000000e+00 1.924016632016631547e+02
4.938773388773388895e+00 0.000000000000000000e+00 1.924372141372140845e+02
4.939501039501039692e+00 0.000000000000000000e+00 1.924727650727650143e+02
4.940228690228690489e+00 0.000000000000000000e+00 1.925083160083159441e+02
4.940956340956341286e+00 0.000000000000000000e+00 1.925438669438669024e+02
4.941683991683992083e+00 0.000000000000000000e+00 1.925794178794178322e+02
4.942411642411642880e+00 0.000000000000000000e+00 1.926149688149687904e+02
4.943139293139292789e+00 0.000000000000000000e+00 1.926505197505196634e+02
4.943866943866943586e+00 0.000000000000000000e+00 1.926860706860706216e+02
4.944594594594594383e+00 0.000000000000000000e+00 1.927216216216215514e+02
4.945322245322245180e+00 0.000000000000000000e+00 1.927571725571724812e+02
4.946049896049895978e+00 0.000000000000000000e+00 1.927927234927234394e+02
4.946777546777546775e+00 0.000000000000000000e+00 1.928282744282743693e+02
4.947505197505197572e+00 0.000000000000000000e+00 1.928638253638252991e+02
4.948232848232848369e+00 0.000000000000000000e+00 1.928993762993762289e+02
4.948960498960499166e+00 0.000000000000000000e+00 1.929349272349271871e+02
4.949688149688149963e+00 0.000000000000000000e+00 1.929704781704781169e+02
4.950415800415800760e+00 0.000000000000000000e+00 1.930060291060290751e+02
4.951143451143451557e+00 0.000000000000000000e+00 1.930415800415800049e+02
4.951871101871102354e+00 0.000000000000000000e+00 1.930771309771309348e+02
4.952598752598753151e+00 0.000000000000000000e+00 1.931126819126818646e+02
4.953326403326403060e+00 0.000000000000000000e+00 1.931482328482327659e+02
4.954054054054053857e+00 0.000000000000000000e+00 1.931837837837837242e+02
4.954781704781704654e+00 0.000000000000000000e+00 1.932193347193346540e+02
4.955509355509355451e+00 0.000000000000000000e+00 1.932548856548855838e+02
4.956237006237006248e+00 0.000000000000000000e+00 1.932904365904365136e+02
4.956964656964657046e+00 0.000000000000000000e+00 1.933259875259874718e+02
4.957692307692307843e+00 0.000000000000000000e+00 1.933615384615384016e+02
4.958419958419958640e+00 0.000000000000000000e+00 1.933970893970893314e+02
4.959147609147609437e+00 0.000000000000000000e+00 1.934326403326402897e+02
4.959875259875260234e+00 0.000000000000000000e+00 1.934681912681912195e+02
4.960602910602911031e+00 0.000000000000000000e+00 1.935037422037421493e+02
4.961330561330561828e+00 0.000000000000000000e+00 1.935392931392931075e+02
4.962058212058211737e+00 0.000000000000000000e+00 1.935748440748440089e+02
4.962785862785862534e+00 0.000000000000000000e+00 1.936103950103949387e+02
4.963513513513513331e+00 0.000000000000000000e+00 1.936459459459458685e+02
4.964241164241164128e+00 0.000000000000000000e+00 1.936814968814967983e+02
4.964968814968814925e+00 0.000000000000000000e+00 1.937170478170477566e+02
4.965696465696465722e+00 0.000000000000000000e+00 1.937525987525986864e+02
4.966424116424116519e+00 0.000000000000000000e+00 1.937881496881496162e+02
4.967151767151767316e+00 0.000000000000000000e+00 1.938237006237005744e+02
4.967879417879418114e+00 0.000000000000000000e+00 1.938592515592515042e+02
4.968607068607068911e+00 0.000000000000000000e+00 1.938948024948024340e+02
4.969334719334719708e+00 0.000000000000000000e+00 1.939303534303533922e+02
4.970062370062370505e+00 0.000000000000000000e+00 1.939659043659043220e+02
4.970790020790021302e+00 0.000000000000000000e+00 1.940014553014552519e+02
4.971517671517671211e+00 0.000000000000000000e+00 1.940370062370061532e+02
4.972245322245322008e+00 0.000000000000000000e+00 1.940725571725570830e+02
4.972972972972972805e+00 0.000000000000000000e+00 1.941081081081080413e+02
4.973700623700623602e+00 0.000000000000000000e+00 1.941436590436589711e+02
4.974428274428274399e+00 0.000000000000000000e+00 1.941792099792099009e+02
4.975155925155925196e+00 0.000000000000000000e+00 1.942147609147608591e+02
4.975883575883575993e+00 0.000000000000000000e+00 1.942503118503117889e+02
4.976611226611226790e+00 0.000000000000000000e+00 1.942858627858627187e+02
4.977338877338877587e+00 0.000000000000000000e+00 1.943214137214136770e+02
4.978066528066528384e+00 0.000000000000000000e+00 1.943569646569646068e+02
4.978794178794179182e+00 0.000000000000000000e+00 1.943925155925155366e+02
4.979521829521829979e+00 0.000000000000000000e+00 1.944280665280664948e+02
4.980249480249479888e+00 0.000000000000000000e+00 1.944636174636173678e+02
4.980977130977130685e+00 0.000000000000000000e+00 1.944991683991683260e+02
4.981704781704781482e+00 0.000000000000000000e+00 1.945347193347192558e+02
4.982432432432432279e+00 0.000000000000000000e+00 1.945702702702701856e+02
4.983160083160083076e+00 0.000000000000000000e+00 1.946058212058211438e+02
4.983887733887733873e+00 0.000000000000000000e+00 1.946413721413720737e+02
4.984615384615384670e+00 0.000000000000000000e+00 1.946769230769230035e+02
4.985343035343035467e+00 0.000000000000000000e+00 1.947124740124739617e+02
4.986070686070686264e+00 0.000000000000000000e+00 1.947480249480248915e+02
4.986798336798337061e+00 0.000000000000000000e+00 1.947835758835758213e+02
4.987525987525987858e+00 0.000000000000000000e+00 1.948191268191267795e+02
4.988253638253638655e+00 0.000000000000000000e+00 1.948546777546777093e+02
4.988981288981289453e+00 0.000000000000000000e+00 1.948902286902286392e+02
4.989708939708940250e+00 0.000000000000000000e+00 1.949257796257795690e+02
4.990436590436590159e+00 0.000000000000000000e+00 1.949613305613304703e+02
4.991164241164240956e+00 0.000000000000000000e+00 1.949968814968814286e+02
4.991891891891891753e+00 0.000000000000000000e+00 1.950324324324323584e+02
4.992619542619542550e+00 0.000000000000000000e+00 1.950679833679832882e+02
4.993347193347193347e+00 0.000000000000000000e+00 1.951035343035342464e+02
4.994074844074844144e+00 0.000000000000000000e+00 1.951390852390851762e+02
4.994802494802494941e+00 0.000000000000000000e+00 1.951746361746361060e+02
4.995530145530145738e+00 0.000000000000000000e+00 1.952101871101870643e+02
4.996257796257796535e+00 0.000000000000000000e+00 1.952457380457379941e+02
4.996985446985447332e+00 0.000000000000000000e+00 1.952812889812889239e+02
4.997713097713098129e+00 0.000000000000000000e+00 1.953168399168398537e+02
4.998440748440748926e+00 0.000000000000000000e+00 1.953523908523908119e+02
4.999168399168398835e+00 0.000000000000000000e+00 1.953879417879417133e+02
4.999896049896049632e+00 0.000000000000000000e+00 1.954234927234926431e+02
5.000623700623700429e+00 0.000000000000000000e+00 1.954590436590435729e+02
5.001351351351351227e+00 0.000000000000000000e+00 1.954945945945945311e+02
5.002079002079002024e+00 0.000000000000000000e+00 1.955301455301454610e+02
5.002806652806652821e+00 0.000000000000000000e+00 1.955656964656963908e+02
5.003534303534303618e+00 0.000000000000000000e+00 1.956012474012473490e+02
5.004261954261954415e+00 0.000000000000000000e+00 1.956367983367982788e+02
5.004989604989605212e+00 0.000000000000000000e+00 1.956723492723492086e+02
5.005717255717256009e+00 0.000000000000000000e+00 1.957079002079001668e+02
5.006444906444906806e+00 0.000000000000000000e+00 1.957434511434510966e+02
5.007172557172557603e+00 0.000000000000000000e+00 1.957790020790020264e+02
5.007900207900208400e+00 0.000000000000000000e+00 1.958145530145529847e+02
5.008627858627859197e+00 0.000000000000000000e+00 1.958501039501039145e+02
5.009355509355509106e+00 0.000000000000000000e+00 1.958856548856548159e+02
5.010083160083159903e+00 0.000000000000000000e+00 1.959212058212057457e+02
5.010810810810810700e+00 0.000000000000000000e+00 1.959567567567566755e+02
5.011538461538461497e+00 0.000000000000000000e+00 1.959923076923076337e+02
5.012266112266112295e+00 0.000000000000000000e+00 1.960278586278585635e+02
5.012993762993763092e+00 0.000000000000000000e+00 1.960634095634094933e+02
5.013721413721413889e+00 0.000000000000000000e+00 1.960989604989604516e+02
5.014449064449064686e+00 0.000000000000000000e+00 1.961345114345113814e+02
5.015176715176715483e+00 0.000000000000000000e+00 1.961700623700623112e+02
5.015904365904366280e+00 0.000000000000000000e+00 1.962056133056132694e+02
5.016632016632017077e+00 0.000000000000000000e+00 1.962411642411641992e+02
5.017359667359666986e+00 0.000000000000000000e+00 1.962767151767151006e+02
5.018087318087317783e+00 0.000000000000000000e+00 1.963122661122660304e+02
5.018814968814968580e+00 0.000000000000000000e+00 1.963478170478169602e+02
5.019542619542619377e+00 0.000000000000000000e+00 1.963833679833679184e+02
5.020270270270270174e+00 0.000000000000000000e+00 1.964189189189188482e+02
5.020997920997920971e+00 0.000000000000000000e+00 1.964544698544697781e+02
5.021725571725571768e+00 0.000000000000000000e+00 1.964900207900207363e+02
5.022453222453222565e+00 0.000000000000000000e+00 1.965255717255716661e+02
5.023180873180873363e+00 0.000000000000000000e+00 1.965611226611225959e+02
5.023908523908524160e+00 0.000000000000000000e+00 1.965966735966735541e+02
5.024636174636174957e+00 0.000000000000000000e+00 1.966322245322244839e+02
5.025363825363825754e+00 0.000000000000000000e+00 1.966677754677754137e+02
5.026091476091476551e+00 0.000000000000000000e+00 1.967033264033263720e+02
5.026819126819127348e+00 0.000000000000000000e+00 1.967388773388773018e+02
5.027546777546778145e+00 0.000000000000000000e+00 1.967744282744282316e+02
5.028274428274428054e+00 0.000000000000000000e+00 1.968099792099791330e+02
5.029002079002078851e+00 0.000000000000000000e+00 1.968455301455300628e+02
5.029729729729729648e+00 0.000000000000000000e+00 1.968810810810810210e+02
5.030457380457380445e+00 0.000000000000000000e+00 1.969166320166319508e+02
5.031185031185031242e+00 0.000000000000000000e+00 1.969521829521828806e+02
5.031912681912682039e+00 0.000000000000000000e+00 1.969877338877338389e+02
5.032640332640332836e+00 0.000000000000000000e+00 1.970232848232847687e+02
5.033367983367983634e+00 0.000000000000000000e+00 1.970588357588356985e+02
5.034095634095634431e+00 0.000000000000000000e+00 1.970943866943866567e+02
5.034823284823285228e+00 0.000000000000000000e+00 1.971299376299375865e+02
5.035550935550936025e+00 0.000000000000000000e+00 1.971654885654885163e+02
5.036278586278585934e+00 0.000000000000000000e+00 1.972010395010394177e+02
5.037006237006236731e+00 0.000000000000000000e+00 1.972365904365903475e+02
5.037733887733887528e+00 0.000000000000000000e+00 1.972721413721413057e+02
5.038461538461538325e+00 0.000000000000000000e+00 1.973076923076922355e+02
5.039189189189189122e+00 0.000000000000000000e+00 1.973432432432431654e+02
5.039916839916839919e+00 0.000000000000000000e+00 1.973787941787941236e+02
5.040644490644490716e+00 0.000000000000000000e+00 1.974143451143450534e+02
5.041372141372141513e+00 0.000000000000000000e+00 1.974498960498959832e+02
5.042099792099792310e+00 0.000000000000000000e+00 1.974854469854469414e+02
5.042827442827443107e+00 0.000000000000000000e+00 1.975209979209978712e+02
5.043555093555093904e+00 0.000000000000000000e+00 1.975565488565488010e+02
5.044282744282744702e+00 0.000000000000000000e+00 1.975920997920997593e+02
5.045010395010395499e+00 0.000000000000000000e+00 1.976276507276506891e+02
5.045738045738046296e+00 0.000000000000000000e+00 1.976632016632016189e+02
5.046465696465696205e+00 0.000000000000000000e+00 1.976987525987525203e+02
5.047193347193347002e+00 0.000000000000000000e+00 1.977343035343034501e+02
5.047920997920997799e+00 0.000000000000000000e+00 1.977698544698544083e+02
5.048648648648648596e+00 0.000000000000000000e+00 1.978054054054053381e+02
5.049376299376299393e+00 0.000000000000000000e+00 1.978409563409562679e+02
5.050103950103950190e+00 0.000000000000000000e+00 1.978765072765072262e+02
5.050831600831600987e+00 0.000000000000000000e+00 1.979120582120581560e+02
5.051559251559251784e+00 0.000000000000000000e+00 1.979476091476090858e+02
5.052286902286902581e+00 0.000000000000000000e+00 1.979831600831600440e+02
5.053014553014553378e+00 0.000000000000000000e+00 1.980187110187109738e+02
5.053742203742204175e+00 0.000000000000000000e+00 1.980542619542619036e+02
5.054469854469854084e+00 0.000000000000000000e+00 1.980898128898128050e+02
5.055197505197504881e+00 0.000000000000000000e+00 1.981253638253637348e+02
5.055925155925155678e+00 0.000000000000000000e+00 1.981609147609146930e+02
5.056652806652806476e+00 0.000000000000000000e+00 1.981964656964656228e+02
5.057380457380457273e+00 0.000000000000000000e+00 1.982320166320165526e+02
5.058108108108108070e+00 0.000000000000000000e+00 1.982675675675675109e+02
5.058835758835758867e+00 0.000000000000000000e+00 1.983031185031184407e+02
5.059563409563409664e+00 0.000000000000000000e+00 1.983386694386693705e+02
5.060291060291060461e+00 0.000000000000000000e+00 1.983742203742203287e+02
5.061018711018711258e+00 0.000000000000000000e+00 1.984097713097712585e+02
5.061746361746362055e+00 0.000000000000000000e+00 1.984453222453221883e+02
5.062474012474012852e+00 0.000000000000000000e+00 1.984808731808731466e+02
5.063201663201663649e+00 0.000000000000000000e+00 1.985164241164240764e+02
5.063929313929314446e+00 0.000000000000000000e+00 1.985519750519750062e+02
5.064656964656965243e+00 0.000000000000000000e+00 1.985875259875259644e+02
5.065384615384615152e+00 0.000000000000000000e+00 1.986230769230768374e+02
5.066112266112265949e+00 0.000000000000000000e+00 1.986586278586277956e+02
5.066839916839916746e+00 0.000000000000000000e+00 1.986941787941787254e+02
5.067567567567567544e+00 0.000000000000000000e+00 1.987297297297296552e+02
5.068295218295218341e+00 0.000000000000000000e+00 1.987652806652806134e+02
5.069022869022869138e+00 0.000000000000000000e+00 1.988008316008315433e+02
5.069750519750519935e+00 0.000000000000000000e+00 1.988363825363824731e+02
5.070478170478170732e+00 0.000000000000000000e+00 1.988719334719334313e+02
5.071205821205821529e+00 0.000000000000000000e+00 1.989074844074843611e+02
5.071933471933472326e+00 0.000000000000000000e+00 1.989430353430352909e+02
5.072661122661123123e+00 0.000000000000000000e+00 1.989785862785862491e+02
5.073388773388773032e+00 0.000000000000000000e+00 1.990141372141371221e+02
5.074116424116423829e+00 0.000000000000000000e+00 1.990496881496880803e+02
5.074844074844074626e+00 0.000000000000000000e+00 1.990852390852390101e+02
5.075571725571725423e+00 0.000000000000000000e+00 1.991207900207899399e+02
5.076299376299376220e+00 0.000000000000000000e+00 1.991563409563408982e+02
5.077027027027027017e+00 0.000000000000000000e+00 1.991918918918918280e+02
5.077754677754677815e+00 0.000000000000000000e+00 1.992274428274427578e+02
5.078482328482328612e+00 0.000000000000000000e+00 1.992629937629937160e+02
5.079209979209979409e+00 0.000000000000000000e+00 1.992985446985446458e+02
5.079937629937630206e+00 0.000000000000000000e+00 1.993340956340955756e+02
5.080665280665281003e+00 0.000000000000000000e+00 1.993696465696465339e+02
5.081392931392931800e+00 0.000000000000000000e+00 1.994051975051974637e+02
5.082120582120582597e+00 0.000000000000000000e+00 1.994407484407483935e+02
5.082848232848233394e+00 0.000000000000000000e+00 1.994762993762993517e+02
5.083575883575884191e+00 0.000000000000000000e+00 1.995118503118502815e+02
5.084303534303534100e+00 0.000000000000000000e+00 1.995474012474011829e+02
5.085031185031184897e+00 0.000000000000000000e+00 1.995829521829521127e+02
5.085758835758835694e+00 0.000000000000000000e+00 1.996185031185030425e+02
5.086486486486486491e+00 0.000000000000000000e+00 1.996540540540540007e+02
5.087214137214137288e+00 0.000000000000000000e+00 1.996896049896049306e+02
5.087941787941788085e+00 0.000000000000000000e+00 1.997251559251558604e+02
5.088669438669438883e+00 0.000000000000000000e+00 1.997607068607068186e+02
5.089397089397089680e+00 0.000000000000000000e+00 1.997962577962577484e+02
5.090124740124740477e+00 0.000000000000000000e+00 1.998318087318086782e+02
5.090852390852391274e+00 0.000000000000000000e+00 1.998673596673596364e+02
5.091580041580042071e+00 0.000000000000000000e+00 1.999029106029105662e+02
5.092307692307691980e+00 0.000000000000000000e+00 1.999384615384614676e+02
5.093035343035342777e+00 0.000000000000000000e+00 1.999740124740123974e+02
5.093762993762993574e+00 0.000000000000000000e+00 2.000095634095633272e+02
5.094490644490644371e+00 0.000000000000000000e+00 2.000451143451142855e+02
5.095218295218295168e+00 0.000000000000000000e+00 2.000806652806652153e+02
5.095945945945945965e+00 0.000000000000000000e+00 2.001162162162161451e+02
5.096673596673596762e+00 0.000000000000000000e+00 2.001517671517671033e+02
5.097401247401247559e+00 0.000000000000000000e+00 2.001873180873180331e+02
5.098128898128898356e+00 0.000000000000000000e+00 2.002228690228689629e+02
5.098856548856549153e+00 0.000000000000000000e+00 2.002584199584199212e+02
5.099584199584199951e+00 0.000000000000000000e+00 2.002939708939708510e+02
5.100311850311850748e+00 0.000000000000000000e+00 2.003295218295217808e+02
5.101039501039501545e+00 0.000000000000000000e+00 2.003650727650727390e+02
5.101767151767152342e+00 0.000000000000000000e+00 2.004006237006236688e+02
5.102494802494802251e+00 0.000000000000000000e+00 2.004361746361745702e+02
5.103222453222453048e+00 0.000000000000000000e+00 2.004717255717255000e+02
5.103950103950103845e+00 0.000000000000000000e+00 2.005072765072764582e+02
5.104677754677754642e+00 0.000000000000000000e+00 2.005428274428273880e+02
5.105405405405405439e+00 0.000000000000000000e+00 2.005783783783783178e+02
5.106133056133056236e+00 0.000000000000000000e+00 2.006139293139292477e+02
5.106860706860707033e+00 0.000000000000000000e+00 2.006494802494802059e+02
5.107588357588357830e+00 0.000000000000000000e+00 2.006850311850311357e+02
5.108316008316008627e+00 0.000000000000000000e+00 2.007205821205820655e+02
5.109043659043659424e+00 0.000000000000000000e+00 2.007561330561330237e+02
5.109771309771310221e+00 0.000000000000000000e+00 2.007916839916839535e+02
5.110498960498960130e+00 0.000000000000000000e+00 2.008272349272348549e+02
5.111226611226610927e+00 0.000000000000000000e+00 2.008627858627857847e+02
5.111954261954261725e+00 0.000000000000000000e+00 2.008983367983367430e+02
5.112681912681912522e+00 0.000000000000000000e+00 2.009338877338876728e+02
5.113409563409563319e+00 0.000000000000000000e+00 2.009694386694386026e+02
5.114137214137214116e+00 0.000000000000000000e+00 2.010049896049895324e+02
5.114864864864864913e+00 0.000000000000000000e+00 2.010405405405404906e+02
5.115592515592515710e+00 0.000000000000000000e+00 2.010760914760914204e+02
5.116320166320166507e+00 0.000000000000000000e+00 2.011116424116423502e+02
5.117047817047817304e+00 0.000000000000000000e+00 2.011471933471933085e+02
5.117775467775468101e+00 0.000000000000000000e+00 2.011827442827442383e+02
5.118503118503118898e+00 0.000000000000000000e+00 2.012182952182951681e+02
5.119230769230769695e+00 0.000000000000000000e+00 2.012538461538461263e+02
5.119958419958420492e+00 0.000000000000000000e+00 2.012893970893970561e+02
5.120686070686071290e+00 0.000000000000000000e+00 2.013249480249479859e+02
5.121413721413721198e+00 0.000000000000000000e+00 2.013604989604988873e+02
5.122141372141371995e+00 0.000000000000000000e+00 2.013960498960498455e+02
5.122869022869022793e+00 0.000000000000000000e+00 2.014316008316007753e+02
5.123596673596673590e+00 0.000000000000000000e+00 2.014671517671517051e+02
5.124324324324324387e+00 0.000000000000000000e+00 2.015027027027026634e+02
5.125051975051975184e+00 0.000000000000000000e+00 2.015382536382535932e+02
5.125779625779625981e+00 0.000000000000000000e+00 2.015738045738045230e+02
5.126507276507276778e+00 0.000000000000000000e+00 2.016093555093554528e+02
5.127234927234927575e+00 0.000000000000000000e+00 2.016449064449064110e+02
5.127962577962578372e+00 0.000000000000000000e+00 2.016804573804573408e+02
5.128690228690229169e+00 0.000000000000000000e+00 2.017160083160082706e+02
5.129417879417879078e+00 0.000000000000000000e+00 2.017515592515591720e+02
5.130145530145529875e+00 0.000000000000000000e+00 2.017871101871101303e+02
5.130873180873180672e+00 0.000000000000000000e+00 2.018226611226610601e+02
5.131600831600831469e+00 0.000000000000000000e+00 2.018582120582119899e+02
5.132328482328482266e+00 0.000000000000000000e+00 2.018937629937629481e+02
5.133056133056133064e+00 0.000000000000000000e+00 2.019293139293138779e+02
5.133783783783783861e+00 0.000000000000000000e+00 2.019648648648648077e+02
5.134511434511434658e+00 0.000000000000000000e+00 2.020004158004157659e+02
5.135239085239085455e+00 0.000000000000000000e+00 2.020359667359666958e+02
5.135966735966736252e+00 0.000000000000000000e+00 2.020715176715176256e+02
5.136694386694387049e+00 0.000000000000000000e+00 2.021070686070685838e+02
5.137422037422037846e+00 0.000000000000000000e+00 2.021426195426195136e+02
5.138149688149688643e+00 0.000000000000000000e+00 2.021781704781704434e+02
5.138877338877339440e+00 0.000000000000000000e+00 2.022137214137213732e+02
5.139604989604989349e+00 0.000000000000000000e+00 2.022492723492722746e+02
5.140332640332640146e+00 0.000000000000000000e+00 2.022848232848232328e+02
5.141060291060290943e+00 0.000000000000000000e+00 2.023203742203741626e+02
5.141787941787941740e+00 0.000000000000000000e+00 2.023559251559250924e+02
5.142515592515592537e+00 0.000000000000000000e+00 2.023914760914760507e+02
5.143243243243243334e+00 0.000000000000000000e+00 2.024270270270269805e+02
5.143970893970894132e+00 0.000000000000000000e+00 2.024625779625779103e+02
5.144698544698544929e+00 0.000000000000000000e+00 2.024981288981288685e+02
5.145426195426195726e+00 0.000000000000000000e+00 2.025336798336797983e+02
5.146153846153846523e+00 0.000000000000000000e+00 2.025692307692307281e+02
5.146881496881497320e+00 0.000000000000000000e+00 2.026047817047816579e+02
5.147609147609148117e+00 0.000000000000000000e+00 2.026403326403326162e+02
5.148336798336798026e+00 0.000000000000000000e+00 2.026758835758835176e+02
5.149064449064448823e+00 0.000000000000000000e+00 2.027114345114344474e+02
5.149792099792099620e+00 0.000000000000000000e+00 2.027469854469853772e+02
5.150519750519750417e+00 0.000000000000000000e+00 2.027825363825363354e+02
5.151247401247401214e+00 0.000000000000000000e+00 2.028180873180872652e+02
5.151975051975052011e+00 0.000000000000000000e+00 2.028536382536381950e+02
5.152702702702702808e+00 0.000000000000000000e+00 2.028891891891891532e+02
5.153430353430353605e+00 0.000000000000000000e+00 2.029247401247400830e+02
5.154158004158004402e+00 0.000000000000000000e+00 2.029602910602910129e+02
5.154885654885655200e+00 0.000000000000000000e+00 2.029958419958419711e+02
5.155613305613305997e+00 0.000000000000000000e+00 2.030313929313929009e+02
5.156340956340956794e+00 0.000000000000000000e+00 2.030669438669438307e+02
5.157068607068607591e+00 0.000000000000000000e+00 2.031024948024947889e+02
5.157796257796258388e+00 0.000000000000000000e+00 2.031380457380457187e+02
5.158523908523908297e+00 0.000000000000000000e+00 2.031735966735966201e+02
5.159251559251559094e+00 0.000000000000000000e+00 2.032091476091475499e+02
5.159979209979209891e+00 0.000000000000000000e+00 2.032446985446984797e+02
5.160706860706860688e+00 0.000000000000000000e+00 2.032802494802494380e+02
5.161434511434511485e+00 0.000000000000000000e+00 2.033158004158003678e+02
5.162162162162162282e+00 0.000000000000000000e+00 2.033513513513512976e+02
5.162889812889813079e+00 0.000000000000000000e+00 2.033869022869022558e+02
5.163617463617463876e+00 0.000000000000000000e+00 2.034224532224531856e+02
5.164345114345114673e+00 0.000000000000000000e+00 2.034580041580041154e+02
5.165072765072765471e+00 0.000000000000000000e+00 2.034935550935550737e+02
5.165800415800416268e+00 0.000000000000000000e+00 2.035291060291060035e+02
5.166528066528066176e+00 0.000000000000000000e+00 2.035646569646569048e+02
5.167255717255716974e+00 0.000000000000000000e+00 2.036002079002078347e+02
5.167983367983367771e+00 0.000000000000000000e+00 2.036357588357587645e+02
5.168711018711018568e+00 0.000000000000000000e+00 2.036713097713097227e+02
5.169438669438669365e+00 0.000000000000000000e+00 2.037068607068606525e+02
5.170166320166320162e+00 0.000000000000000000e+00 2.037424116424115823e+02
5.170893970893970959e+00 0.000000000000000000e+00 2.037779625779625405e+02
5.171621621621621756e+00 0.000000000000000000e+00 2.038135135135134703e+02
5.172349272349272553e+00 0.000000000000000000e+00 2.038490644490644002e+02
5.173076923076923350e+00 0.000000000000000000e+00 2.038846153846153584e+02
5.173804573804574147e+00 0.000000000000000000e+00 2.039201663201662882e+02
5.174532224532224944e+00 0.000000000000000000e+00 2.039557172557172180e+02
5.175259875259875741e+00 0.000000000000000000e+00 2.039912681912681762e+02
5.175987525987526539e+00 0.000000000000000000e+00 2.040268191268191060e+02
5.176715176715177336e+00 0.000000000000000000e+00 2.040623700623700358e+02
5.177442827442827245e+00 0.000000000000000000e+00 2.040979209979209372e+02
5.178170478170478042e+00 0.000000000000000000e+00 2.041334719334718670e+02
5.178898128898128839e+00 0.000000000000000000e+00 2.041690228690228253e+02
5.179625779625779636e+00 0.000000000000000000e+00 2.042045738045737551e+02
5.180353430353430433e+00 0.000000000000000000e+00 2.042401247401246849e+02
5.181081081081081230e+00 0.000000000000000000e+00 2.042756756756756431e+02
5.181808731808732027e+00 0.000000000000000000e+00 2.043112266112265729e+02
5.182536382536382824e+00 0.000000000000000000e+00 2.043467775467775027e+02
5.183264033264033621e+00 0.000000000000000000e+00 2.043823284823284610e+02
5.183991683991684418e+00 0.000000000000000000e+00 2.044178794178793908e+02
5.184719334719335215e+00 0.000000000000000000e+00 2.044534303534303206e+02
5.185446985446985124e+00 0.000000000000000000e+00 2.044889812889812220e+02
5.186174636174635921e+00 0.000000000000000000e+00 2.045245322245321518e+02
5.186902286902286718e+00 0.000000000000000000e+00 2.045600831600831100e+02
5.187629937629937515e+00 0.000000000000000000e+00 2.045956340956340398e+02
5.188357588357588313e+00 0.000000000000000000e+00 2.046311850311849696e+02
5.189085239085239110e+00 0.000000000000000000e+00 2.046667359667359278e+02
5.189812889812889907e+00 0.000000000000000000e+00 2.047022869022868576e+02
5.190540540540540704e+00 0.000000000000000000e+00 2.047378378378377874e+02
5.191268191268191501e+00 0.000000000000000000e+00 2.047733887733887457e+02
5.191995841995842298e+00 0.000000000000000000e+00 2.048089397089396755e+02
5.192723492723493095e+00 0.000000000000000000e+00 2.048444906444906053e+02
5.193451143451143892e+00 0.000000000000000000e+00 2.048800415800415635e+02
5.194178794178794689e+00 0.000000000000000000e+00 2.049155925155924933e+02
5.194906444906445486e+00 0.000000000000000000e+00 2.049511434511434231e+02
5.195634095634095395e+00 0.000000000000000000e+00 2.049866943866943245e+02
5.196361746361746192e+00 0.000000000000000000e+00 2.050222453222452543e+02
5.197089397089396989e+00 0.000000000000000000e+00 2.050577962577962126e+02
5.197817047817047786e+00 0.000000000000000000e+00 2.050933471933471424e+02
5.198544698544698583e+00 0.000000000000000000e+00 2.051288981288980722e+02
5.199272349272349381e+00 0.000000000000000000e+00 2.051644490644490304e+02
5.200000000000000178e+00 0.000000000000000000e+00 2.051999999999999602e+02
