1.000000000000000000e+00 2.839999999999999658e-22
1.004999999999999893e+00 4.440000000000000394e-21
1.010000000000000009e+00 5.579999999999999872e-20
1.014999999999999902e+00 4.340000000000000596e-19
1.020000000000000018e+00 3.320000000000000438e-18
1.024999999999999911e+00 2.000000000000000143e-17
1.030000000000000027e+00 1.299999999999999924e-16
1.034999999999999920e+00 5.940000000000000872e-16
1.040000000000000036e+00 2.540000000000000253e-15
1.044999999999999929e+00 7.740000000000000341e-15
1.050000000000000044e+00 2.489999999999999992e-14
1.054999999999999938e+00 6.399999999999999235e-14
1.060000000000000053e+00 1.919999999999999897e-13
1.064999999999999947e+00 4.480000000000000601e-13
1.070000000000000062e+00 1.289999999999999956e-12
1.074999999999999956e+00 5.449999999999999598e-12
1.080000000000000071e+00 2.860000000000000011e-11
1.084999999999999964e+00 8.859999999999999648e-11
1.090000000000000080e+00 3.029999999999999876e-10
1.094999999999999973e+00 1.070000000000000027e-09
1.100000000000000089e+00 3.040000000000000256e-09
1.104999999999999982e+00 6.999999999999999816e-09
1.110000000000000098e+00 1.439999999999999990e-08
1.114999999999999991e+00 2.700000000000000023e-08
1.120000000000000107e+00 4.600000000000000162e-08
1.125000000000000000e+00 7.040000000000000836e-08
1.129999999999999893e+00 9.010000000000000609e-08
1.135000000000000009e+00 9.910000000000000727e-08
1.139999999999999902e+00 1.039999999999999916e-07
1.145000000000000018e+00 1.170000000000000021e-07
1.149999999999999911e+00 1.320000000000000173e-07
1.155000000000000027e+00 1.559999999999999940e-07
1.159999999999999920e+00 1.920000000000000252e-07
1.165000000000000036e+00 2.569999999999999852e-07
1.169999999999999929e+00 3.429999999999999877e-07
1.175000000000000044e+00 4.219999999999999407e-07
1.179999999999999938e+00 4.830000000000000766e-07
1.185000000000000053e+00 4.870000000000000595e-07
1.189999999999999947e+00 4.910000000000000424e-07
1.195000000000000062e+00 4.730000000000000135e-07
1.199999999999999956e+00 4.510000000000000548e-07
1.205000000000000071e+00 4.510000000000000548e-07
1.209999999999999964e+00 4.820000000000000015e-07
1.215000000000000080e+00 5.000000000000000833e-07
1.219999999999999973e+00 6.000000000000000787e-07
1.225000000000000089e+00 8.000000000000000697e-07
1.229999999999999982e+00 1.000000000000000167e-06
1.235000000000000098e+00 1.299999999999999835e-06
1.239999999999999991e+00 1.700000000000000241e-06
1.245000000000000107e+00 2.199999999999999689e-06
1.250000000000000000e+00 2.300000000000000002e-06
1.254999999999999893e+00 1.900000000000000232e-06
1.260000000000000009e+00 1.200000000000000157e-06
1.264999999999999902e+00 8.000000000000000697e-07
1.270000000000000018e+00 6.000000000000000787e-07
1.274999999999999911e+00 4.360000000000000396e-07
1.280000000000000027e+00 3.320000000000000083e-07
1.284999999999999920e+00 2.410000000000000007e-07
1.290000000000000036e+00 1.600000000000000298e-07
1.294999999999999929e+00 9.410000000000000220e-08
1.300000000000000044e+00 5.199999999999999579e-08
1.304999999999999938e+00 2.950000000000000277e-08
1.310000000000000053e+00 1.820000000000000084e-08
1.314999999999999947e+00 1.240000000000000019e-08
1.320000000000000062e+00 9.060000000000001387e-09
1.324999999999999956e+00 7.020000000000000160e-09
1.330000000000000071e+00 5.689999999999999997e-09
1.334999999999999964e+00 4.830000000000000898e-09
1.340000000000000080e+00 4.319999999999999971e-09
1.344999999999999973e+00 4.089999999999999732e-09
1.350000000000000089e+00 4.100000000000000317e-09
1.354999999999999982e+00 4.310000000000000213e-09
1.360000000000000098e+00 4.750000000000000348e-09
1.364999999999999991e+00 5.420000000000000722e-09
1.370000000000000107e+00 6.250000000000000544e-09
1.375000000000000000e+00 6.970000000000000540e-09
1.379999999999999893e+00 6.970000000000000540e-09
1.385000000000000009e+00 6.090000000000000270e-09
1.389999999999999902e+00 4.800000000000000795e-09
1.395000000000000018e+00 3.619999999999999907e-09
1.399999999999999911e+00 2.740000000000000051e-09
1.405000000000000027e+00 2.129999999999999882e-09
1.409999999999999920e+00 1.730000000000000023e-09
1.415000000000000036e+00 1.470000000000000094e-09
1.419999999999999929e+00 1.310000000000000026e-09
1.425000000000000044e+00 1.209999999999999957e-09
1.429999999999999938e+00 1.170000000000000096e-09
1.435000000000000053e+00 1.180000000000000061e-09
1.439999999999999947e+00 1.230000000000000095e-09
1.445000000000000062e+00 1.350000000000000094e-09
1.449999999999999956e+00 1.540000000000000265e-09
1.455000000000000071e+00 1.830000000000000091e-09
1.459999999999999964e+00 2.240000000000000123e-09
1.465000000000000080e+00 2.790000000000000085e-09
1.469999999999999973e+00 3.380000000000000322e-09
1.475000000000000089e+00 3.770000000000000009e-09
1.479999999999999982e+00 3.730000000000000148e-09
1.485000000000000098e+00 3.290000000000000013e-09
1.489999999999999991e+00 2.720000000000000120e-09
1.495000000000000107e+00 2.229999999999999951e-09
1.500000000000000000e+00 1.850000000000000022e-09
1.504999999999999893e+00 1.590000000000000093e-09
1.510000000000000009e+00 1.400000000000000129e-09
1.514999999999999902e+00 1.280000000000000129e-09
1.520000000000000018e+00 1.220000000000000130e-09
1.524999999999999911e+00 1.200000000000000199e-09
1.530000000000000027e+00 1.240000000000000061e-09
1.534999999999999920e+00 1.320000000000000198e-09
1.540000000000000036e+00 1.450000000000000163e-09
1.544999999999999929e+00 1.620000000000000196e-09
1.550000000000000044e+00 1.850000000000000022e-09
1.554999999999999938e+00 2.640000000000000396e-09
1.560000000000000053e+00 3.749999999999999665e-09
1.564999999999999947e+00 4.940000000000000725e-09
1.570000000000000062e+00 5.510000000000000205e-09
1.574999999999999956e+00 5.090000000000000414e-09
1.580000000000000071e+00 4.140000000000000179e-09
1.584999999999999964e+00 3.170000000000000013e-09
1.590000000000000080e+00 2.200000000000000261e-09
1.594999999999999973e+00 1.220000000000000130e-09
1.600000000000000089e+00 5.630000000000000204e-10
1.604999999999999982e+00 2.770000000000000257e-10
1.610000000000000098e+00 1.469999999999999835e-10
1.614999999999999991e+00 8.480000000000000702e-11
1.620000000000000107e+00 5.350000000000000266e-11
1.625000000000000000e+00 3.680000000000000475e-11
1.629999999999999893e+00 2.730000000000000202e-11
1.635000000000000009e+00 2.189999999999999998e-11
1.639999999999999902e+00 1.870000000000000069e-11
1.645000000000000018e+00 1.679999999999999950e-11
1.649999999999999911e+00 1.570000000000000136e-11
1.655000000000000027e+00 1.479999999999999994e-11
1.659999999999999920e+00 1.400000000000000174e-11
1.665000000000000036e+00 1.290000000000000198e-11
1.669999999999999929e+00 1.149999999999999906e-11
1.675000000000000044e+00 9.929999999999999895e-12
1.679999999999999938e+00 8.420000000000000069e-12
1.685000000000000053e+00 7.170000000000000347e-12
1.689999999999999947e+00 6.240000000000000068e-12
1.695000000000000062e+00 5.610000000000000531e-12
1.699999999999999956e+00 5.260000000000000609e-12
1.705000000000000071e+00 4.890000000000001176e-12
1.709999999999999964e+00 4.759999999999999912e-12
1.715000000000000080e+00 4.840000000000001187e-12
1.719999999999999973e+00 5.159999999999999824e-12
1.725000000000000089e+00 5.790000000000000976e-12
1.729999999999999982e+00 6.830000000000000584e-12
1.735000000000000098e+00 8.510000000000001503e-12
1.739999999999999991e+00 1.130000000000000072e-11
1.745000000000000107e+00 1.590000000000000132e-11
1.750000000000000000e+00 2.380000000000000118e-11
1.754999999999999893e+00 3.770000000000000294e-11
1.760000000000000009e+00 5.960000000000000615e-11
1.764999999999999902e+00 8.440000000000000065e-11
1.770000000000000018e+00 9.560000000000001108e-11
1.774999999999999911e+00 9.450000000000000971e-11
1.780000000000000027e+00 8.919999999999999958e-11
1.784999999999999920e+00 8.900000000000000285e-11
1.790000000000000036e+00 9.760000000000001710e-11
1.794999999999999929e+00 1.180000000000000061e-10
1.800000000000000044e+00 1.570000000000000265e-10
1.804999999999999938e+00 2.090000000000000021e-10
1.810000000000000053e+00 2.870000000000000429e-10
1.814999999999999947e+00 3.819999999999999733e-10
1.820000000000000062e+00 4.470000000000000591e-10
1.824999999999999956e+00 4.640000000000000004e-10
1.830000000000000071e+00 4.390000000000000350e-10
1.834999999999999964e+00 4.059999999999999939e-10
1.840000000000000080e+00 3.830000000000000216e-10
1.844999999999999973e+00 3.909999999999999940e-10
1.850000000000000089e+00 4.059999999999999939e-10
1.854999999999999982e+00 4.009999999999999594e-10
1.860000000000000098e+00 3.950000000000000318e-10
1.864999999999999991e+00 3.840000000000000181e-10
1.870000000000000107e+00 3.720000000000000079e-10
1.875000000000000000e+00 3.550000000000000149e-10
1.879999999999999893e+00 3.420000000000000081e-10
1.885000000000000009e+00 3.329999999999999874e-10
1.889999999999999902e+00 3.270000000000000082e-10
1.895000000000000018e+00 3.260000000000000116e-10
1.899999999999999911e+00 3.270000000000000082e-10
1.905000000000000027e+00 3.289999999999999496e-10
1.909999999999999920e+00 3.340000000000000357e-10
1.915000000000000036e+00 3.420000000000000081e-10
1.919999999999999929e+00 3.509999999999999770e-10
1.925000000000000044e+00 3.619999999999999907e-10
1.929999999999999938e+00 3.750000000000000492e-10
1.935000000000000053e+00 3.850000000000000664e-10
1.939999999999999947e+00 3.980000000000000215e-10
1.945000000000000062e+00 4.240000000000000351e-10
1.949999999999999956e+00 4.549999999999999797e-10
1.955000000000000071e+00 4.879999999999999692e-10
1.959999999999999964e+00 5.270000000000000413e-10
1.965000000000000080e+00 5.830000000000000547e-10
1.969999999999999973e+00 6.489999999999999302e-10
1.975000000000000089e+00 7.269999999999999710e-10
1.979999999999999982e+00 8.219999999999999532e-10
1.985000000000000098e+00 9.210000000000000249e-10
1.989999999999999991e+00 1.040000000000000131e-09
1.995000000000000107e+00 1.209999999999999957e-09
2.000000000000000000e+00 1.420000000000000059e-09
2.004999999999999893e+00 1.670000000000000023e-09
2.009999999999999787e+00 1.989999999999999952e-09
2.015000000000000124e+00 2.410000000000000156e-09
2.020000000000000018e+00 2.980000000000000049e-09
2.024999999999999911e+00 3.720000000000000389e-09
2.029999999999999805e+00 4.760000000000000106e-09
2.035000000000000142e+00 6.279999999999999820e-09
2.040000000000000036e+00 8.560000000000000219e-09
2.044999999999999929e+00 1.210000000000000082e-08
2.049999999999999822e+00 1.800000000000000236e-08
2.055000000000000160e+00 2.840000000000000284e-08
2.060000000000000053e+00 4.880000000000000023e-08
2.064999999999999947e+00 8.999999999999999857e-08
2.069999999999999840e+00 1.720000000000000049e-07
2.075000000000000178e+00 2.619999999999999903e-07
2.080000000000000071e+00 2.160000000000000019e-07
2.084999999999999964e+00 1.320000000000000173e-07
2.089999999999999858e+00 8.229999999999998918e-08
2.095000000000000195e+00 5.599999999999999852e-08
2.100000000000000089e+00 4.130000000000000586e-08
2.104999999999999982e+00 3.229999999999999806e-08
2.109999999999999876e+00 2.650000000000000237e-08
2.115000000000000213e+00 2.309999999999999840e-08
2.120000000000000107e+00 2.080000000000000096e-08
2.125000000000000000e+00 1.879999999999999960e-08
2.129999999999999893e+00 1.730000000000000271e-08
2.134999999999999787e+00 1.640000000000000127e-08
2.140000000000000124e+00 1.570000000000000162e-08
2.145000000000000018e+00 1.549999999999999983e-08
2.149999999999999911e+00 1.549999999999999983e-08
2.154999999999999805e+00 1.570000000000000162e-08
2.160000000000000142e+00 1.600000000000000100e-08
2.165000000000000036e+00 1.650000000000000217e-08
2.169999999999999929e+00 1.720000000000000182e-08
2.174999999999999822e+00 1.809999999999999995e-08
2.180000000000000160e+00 1.940000000000000166e-08
2.185000000000000053e+00 2.090000000000000517e-08
2.189999999999999947e+00 2.269999999999999813e-08
2.194999999999999840e+00 2.480000000000000039e-08
2.200000000000000178e+00 2.730000000000000292e-08
2.205000000000000071e+00 3.110000000000000055e-08
2.209999999999999964e+00 3.589999999999999721e-08
2.214999999999999858e+00 4.110000000000000407e-08
2.220000000000000195e+00 4.750000000000000182e-08
2.225000000000000089e+00 5.580000000000000335e-08
2.229999999999999982e+00 6.639999999999999901e-08
2.234999999999999876e+00 8.019999999999999023e-08
2.240000000000000213e+00 9.780000000000000224e-08
2.245000000000000107e+00 1.190000000000000200e-07
2.250000000000000000e+00 1.459999999999999839e-07
2.254999999999999893e+00 1.770000000000000100e-07
2.259999999999999787e+00 2.120000000000000190e-07
2.265000000000000124e+00 2.510000000000000109e-07
2.270000000000000018e+00 2.859999999999999934e-07
2.274999999999999911e+00 3.079999999999999522e-07
2.279999999999999805e+00 3.150000000000000016e-07
2.285000000000000142e+00 3.169999999999999931e-07
2.290000000000000036e+00 3.070000000000000359e-07
2.294999999999999929e+00 2.800000000000000191e-07
2.299999999999999822e+00 2.530000000000000023e-07
2.305000000000000160e+00 2.290000000000000256e-07
2.310000000000000053e+00 2.069999999999999875e-07
2.314999999999999947e+00 1.879999999999999894e-07
2.319999999999999840e+00 1.720000000000000049e-07
2.325000000000000178e+00 1.600000000000000298e-07
2.330000000000000071e+00 1.500000000000000197e-07
2.334999999999999964e+00 1.420000000000000275e-07
2.339999999999999858e+00 1.350000000000000045e-07
2.345000000000000195e+00 1.309999999999999951e-07
2.350000000000000089e+00 1.280000000000000080e-07
2.354999999999999982e+00 1.250000000000000208e-07
2.359999999999999876e+00 1.220000000000000072e-07
2.365000000000000213e+00 1.220000000000000072e-07
2.370000000000000107e+00 1.220000000000000072e-07
2.375000000000000000e+00 1.230000000000000029e-07
2.379999999999999893e+00 1.250000000000000208e-07
2.384999999999999787e+00 1.270000000000000123e-07
2.390000000000000124e+00 1.299999999999999994e-07
2.395000000000000018e+00 1.340000000000000088e-07
2.399999999999999911e+00 1.379999999999999916e-07
2.404999999999999805e+00 1.440000000000000189e-07
2.410000000000000142e+00 1.500000000000000197e-07
2.415000000000000036e+00 1.580000000000000119e-07
2.419999999999999929e+00 1.669999999999999999e-07
2.424999999999999822e+00 1.770000000000000100e-07
2.430000000000000160e+00 1.879999999999999894e-07
2.435000000000000053e+00 2.010000000000000131e-07
2.439999999999999947e+00 2.160000000000000019e-07
2.444999999999999840e+00 2.330000000000000085e-07
2.450000000000000178e+00 2.530000000000000023e-07
2.455000000000000071e+00 2.749999999999999611e-07
2.459999999999999964e+00 3.000000000000000394e-07
2.464999999999999858e+00 3.279999999999999725e-07
2.470000000000000195e+00 3.610000000000000165e-07
2.475000000000000089e+00 3.979999999999999905e-07
2.479999999999999982e+00 4.410000000000000446e-07
2.484999999999999876e+00 4.899999999999999672e-07
2.490000000000000213e+00 5.000000000000000833e-07
2.495000000000000107e+00 6.000000000000000787e-07
2.500000000000000000e+00 7.000000000000000742e-07
2.504999999999999893e+00 8.000000000000000697e-07
2.509999999999999787e+00 8.999999999999999593e-07
2.515000000000000124e+00 1.000000000000000167e-06
2.520000000000000018e+00 1.099999999999999844e-06
2.524999999999999911e+00 1.200000000000000157e-06
2.529999999999999805e+00 1.400000000000000148e-06
2.535000000000000142e+00 1.600000000000000139e-06
2.540000000000000036e+00 1.799999999999999919e-06
2.544999999999999929e+00 2.000000000000000333e-06
2.549999999999999822e+00 2.300000000000000002e-06
2.555000000000000160e+00 2.599999999999999671e-06
2.560000000000000053e+00 2.900000000000000186e-06
2.564999999999999947e+00 3.300000000000000168e-06
2.569999999999999840e+00 3.700000000000000150e-06
2.575000000000000178e+00 4.100000000000000556e-06
2.580000000000000071e+00 4.500000000000000114e-06
2.584999999999999964e+00 5.000000000000000409e-06
2.589999999999999858e+00 5.500000000000000704e-06
2.595000000000000195e+00 5.999999999999999305e-06
2.600000000000000089e+00 6.500000000000001294e-06
2.604999999999999982e+00 7.000000000000000742e-06
2.609999999999999876e+00 7.600000000000000927e-06
2.615000000000000213e+00 8.100000000000000375e-06
2.620000000000000107e+00 8.699999999999999712e-06
2.625000000000000000e+00 9.200000000000000007e-06
2.629999999999999893e+00 9.799999999999999345e-06
2.634999999999999787e+00 1.039999999999999868e-05
2.640000000000000124e+00 1.100000000000000141e-05
2.645000000000000018e+00 1.160000000000000075e-05
2.649999999999999911e+00 1.230000000000000082e-05
2.654999999999999805e+00 1.300000000000000259e-05
2.660000000000000142e+00 1.380000000000000170e-05
2.665000000000000036e+00 1.459999999999999913e-05
2.669999999999999929e+00 1.539999999999999824e-05
2.674999999999999822e+00 1.640000000000000222e-05
2.680000000000000160e+00 1.749999999999999847e-05
2.685000000000000053e+00 1.860000000000000149e-05
2.689999999999999947e+00 2.000000000000000164e-05
2.694999999999999840e+00 2.140000000000000178e-05
2.700000000000000178e+00 2.309999999999999906e-05
2.705000000000000071e+00 2.490000000000000216e-05
2.709999999999999964e+00 2.700000000000000238e-05
2.714999999999999858e+00 2.939999999999999973e-05
2.720000000000000195e+00 3.200000000000000533e-05
2.725000000000000089e+00 3.509999999999999936e-05
2.729999999999999982e+00 3.850000000000000069e-05
2.734999999999999876e+00 4.240000000000000062e-05
2.740000000000000213e+00 4.690000000000000158e-05
2.745000000000000107e+00 5.210000000000000601e-05
2.750000000000000000e+00 5.800000000000000034e-05
2.754999999999999893e+00 6.480000000000000300e-05
2.759999999999999787e+00 7.269999999999999173e-05
2.765000000000000124e+00 8.179999999999999609e-05
2.770000000000000018e+00 9.250000000000001223e-05
2.774999999999999911e+00 1.049000000000000019e-04
2.779999999999999805e+00 1.193999999999999885e-04
2.785000000000000142e+00 1.365000000000000111e-04
2.790000000000000036e+00 1.566000000000000118e-04
2.794999999999999929e+00 1.804999999999999964e-04
2.799999999999999822e+00 2.087000000000000313e-04
2.805000000000000160e+00 2.424999999999999855e-04
2.810000000000000053e+00 2.827999999999999893e-04
2.814999999999999947e+00 3.311999999999999732e-04
2.819999999999999840e+00 3.894000000000000326e-04
2.825000000000000178e+00 4.598000000000000091e-04
2.830000000000000071e+00 5.452000000000000249e-04
2.834999999999999964e+00 6.488999999999999976e-04
2.839999999999999858e+00 7.751000000000001378e-04
2.845000000000000195e+00 9.291000000000000864e-04
2.850000000000000089e+00 1.116800000000000041e-03
2.854999999999999982e+00 1.346400000000000201e-03
2.859999999999999876e+00 1.624000000000000010e-03
2.865000000000000213e+00 1.958699999999999851e-03
2.870000000000000107e+00 2.359200000000000099e-03
2.875000000000000000e+00 2.832199999999999562e-03
2.879999999999999893e+00 3.381300000000000278e-03
2.884999999999999787e+00 4.003999999999999747e-03
2.890000000000000124e+00 4.689699999999999772e-03
2.895000000000000018e+00 5.418100000000000346e-03
2.899999999999999911e+00 6.159599999999999451e-03
2.904999999999999805e+00 6.879000000000000566e-03
2.910000000000000142e+00 7.541299999999999913e-03
2.915000000000000036e+00 8.118000000000000216e-03
2.919999999999999929e+00 8.592100000000000085e-03
2.924999999999999822e+00 8.959600000000001591e-03
2.930000000000000160e+00 9.227400000000000185e-03
2.935000000000000053e+00 9.409700000000000009e-03
2.939999999999999947e+00 9.523800000000000668e-03
2.944999999999999840e+00 9.586900000000000630e-03
2.950000000000000178e+00 9.614400000000000376e-03
2.955000000000000071e+00 9.618400000000000907e-03
2.959999999999999964e+00 9.608400000000001315e-03
2.964999999999999858e+00 9.591000000000000567e-03
2.970000000000000195e+00 9.570600000000000288e-03
2.975000000000000089e+00 9.550000000000001196e-03
2.979999999999999982e+00 9.530600000000000183e-03
2.984999999999999876e+00 9.513100000000000028e-03
2.990000000000000213e+00 9.497500000000000733e-03
2.995000000000000107e+00 9.483700000000001157e-03
3.000000000000000000e+00 9.471399999999999611e-03
3.004999999999999893e+00 9.460100000000000800e-03
3.009999999999999787e+00 9.449700000000000114e-03
3.015000000000000124e+00 9.440000000000000474e-03
3.020000000000000018e+00 9.431000000000000147e-03
3.024999999999999911e+00 9.422899999999999679e-03
3.029999999999999805e+00 9.415900000000001352e-03
3.035000000000000142e+00 9.410399999999999321e-03
3.040000000000000036e+00 9.406799999999999884e-03
3.044999999999999929e+00 9.405400000000001259e-03
3.049999999999999822e+00 9.406699999999998743e-03
3.055000000000000160e+00 9.410899999999999821e-03
3.060000000000000053e+00 9.418199999999999836e-03
3.064999999999999947e+00 9.428799999999999334e-03
3.069999999999999840e+00 9.442700000000000052e-03
3.075000000000000178e+00 9.459499999999999159e-03
3.080000000000000071e+00 9.479200000000000126e-03
3.084999999999999964e+00 9.501200000000001311e-03
3.089999999999999858e+00 9.525000000000000480e-03
3.095000000000000195e+00 9.549900000000000055e-03
3.100000000000000089e+00 9.575100000000001318e-03
3.104999999999999982e+00 9.599999999999999159e-03
3.109999999999999876e+00 9.623800000000000063e-03
3.115000000000000213e+00 9.645600000000000701e-03
3.120000000000000107e+00 9.664900000000000574e-03
3.125000000000000000e+00 9.681000000000000369e-03
3.129999999999999893e+00 9.693399999999999586e-03
3.134999999999999787e+00 9.701700000000000601e-03
3.140000000000000124e+00 9.705800000000000538e-03
3.145000000000000018e+00 9.705400000000001179e-03
3.149999999999999911e+00 9.700900000000000148e-03
3.154999999999999805e+00 9.692499999999999727e-03
3.160000000000000142e+00 9.680500000000001604e-03
3.165000000000000036e+00 9.665700000000001027e-03
3.169999999999999929e+00 9.648699999999999638e-03
3.174999999999999822e+00 9.630100000000000812e-03
3.180000000000000160e+00 9.610900000000000346e-03
3.185000000000000053e+00 9.591800000000001020e-03
3.189999999999999947e+00 9.573600000000001553e-03
3.194999999999999840e+00 9.557099999999998929e-03
3.200000000000000178e+00 9.542900000000001728e-03
3.205000000000000071e+00 9.531599999999999448e-03
3.209999999999999964e+00 9.523800000000000668e-03
3.214999999999999858e+00 9.519700000000000731e-03
3.220000000000000195e+00 9.519600000000001325e-03
3.225000000000000089e+00 9.523699999999999527e-03
3.229999999999999982e+00 9.531900000000001136e-03
3.234999999999999876e+00 9.544000000000000400e-03
3.240000000000000213e+00 9.559700000000000836e-03
3.245000000000000107e+00 9.578700000000000755e-03
3.250000000000000000e+00 9.600400000000001988e-03
3.254999999999999893e+00 9.624200000000001157e-03
3.259999999999999787e+00 9.649400000000000685e-03
3.265000000000000124e+00 9.675100000000000713e-03
3.270000000000000018e+00 9.700600000000000195e-03
3.274999999999999911e+00 9.725000000000001005e-03
3.279999999999999805e+00 9.747500000000000955e-03
3.285000000000000142e+00 9.767299999999999593e-03
3.290000000000000036e+00 9.783700000000001076e-03
3.294999999999999929e+00 9.795999999999999153e-03
3.299999999999999822e+00 9.803799999999999668e-03
3.305000000000000160e+00 9.806500000000000980e-03
3.310000000000000053e+00 9.804200000000000761e-03
3.314999999999999947e+00 9.796499999999999653e-03
3.319999999999999840e+00 9.783700000000001076e-03
3.325000000000000178e+00 9.766000000000000375e-03
3.330000000000000071e+00 9.743800000000000378e-03
3.334999999999999964e+00 9.717600000000001584e-03
3.339999999999999858e+00 9.688000000000000431e-03
3.345000000000000195e+00 9.655900000000000247e-03
3.350000000000000089e+00 9.622000000000000344e-03
3.354999999999999982e+00 9.587099999999999442e-03
3.359999999999999876e+00 9.552100000000000868e-03
3.365000000000000213e+00 9.517900000000001012e-03
3.370000000000000107e+00 9.485099999999999781e-03
3.375000000000000000e+00 9.454600000000000504e-03
3.379999999999999893e+00 9.426999999999999616e-03
3.384999999999999787e+00 9.402999999999999900e-03
3.390000000000000124e+00 9.383000000000000715e-03
3.395000000000000018e+00 9.367499999999999091e-03
3.399999999999999911e+00 9.356800000000000186e-03
3.404999999999999805e+00 9.351099999999999343e-03
3.410000000000000142e+00 9.350600000000000578e-03
3.415000000000000036e+00 9.355100000000001609e-03
3.419999999999999929e+00 9.364700000000000107e-03
3.424999999999999822e+00 9.379099999999999590e-03
3.430000000000000160e+00 9.398000000000001838e-03
3.435000000000000053e+00 9.421099999999999960e-03
3.439999999999999947e+00 9.447900000000000395e-03
3.444999999999999840e+00 9.477700000000000360e-03
3.450000000000000178e+00 9.510100000000000497e-03
3.455000000000000071e+00 9.544300000000000353e-03
3.459999999999999964e+00 9.579600000000000615e-03
3.464999999999999858e+00 9.615200000000000830e-03
3.470000000000000195e+00 9.650300000000000544e-03
3.475000000000000089e+00 9.684299999999999853e-03
3.479999999999999982e+00 9.716300000000000631e-03
3.484999999999999876e+00 9.745600000000001831e-03
3.490000000000000213e+00 9.771600000000000077e-03
3.495000000000000107e+00 9.793600000000001263e-03
3.500000000000000000e+00 9.811300000000000229e-03
3.504999999999999893e+00 9.824200000000001681e-03
3.509999999999999787e+00 9.832099999999999868e-03
3.515000000000000124e+00 9.834800000000001180e-03
3.520000000000000018e+00 9.832300000000000414e-03
3.524999999999999911e+00 9.824700000000000447e-03
3.529999999999999805e+00 9.812300000000001229e-03
3.535000000000000142e+00 9.795200000000000434e-03
3.540000000000000036e+00 9.774100000000000843e-03
3.544999999999999929e+00 9.749300000000000674e-03
3.549999999999999822e+00 9.721399999999999833e-03
3.555000000000000160e+00 9.691100000000001102e-03
3.560000000000000053e+00 9.659000000000000918e-03
3.564999999999999947e+00 9.625700000000000922e-03
3.569999999999999840e+00 9.591800000000001020e-03
3.575000000000000178e+00 9.558099999999999929e-03
3.580000000000000071e+00 9.525100000000001621e-03
3.584999999999999964e+00 9.493300000000001390e-03
3.589999999999999858e+00 9.463300000000000878e-03
3.595000000000000195e+00 9.435600000000000584e-03
3.600000000000000089e+00 9.410500000000000462e-03
3.604999999999999982e+00 9.388300000000000464e-03
3.609999999999999876e+00 9.369499999999999357e-03
3.615000000000000213e+00 9.354100000000000609e-03
3.620000000000000107e+00 9.342299999999999563e-03
3.625000000000000000e+00 9.334300000000001971e-03
3.629999999999999893e+00 9.329999999999999752e-03
3.634999999999999787e+00 9.329399999999999846e-03
3.640000000000000124e+00 9.332500000000000517e-03
3.645000000000000018e+00 9.339100000000001220e-03
3.649999999999999911e+00 9.348999999999999672e-03
3.654999999999999805e+00 9.362099999999999936e-03
3.660000000000000142e+00 9.378100000000000325e-03
3.665000000000000036e+00 9.396700000000000885e-03
3.669999999999999929e+00 9.417599999999999930e-03
3.674999999999999822e+00 9.440399999999999833e-03
3.680000000000000160e+00 9.464800000000000643e-03
3.685000000000000053e+00 9.490500000000000672e-03
3.689999999999999947e+00 9.516999999999999418e-03
3.694999999999999840e+00 9.543899999999999259e-03
3.700000000000000178e+00 9.570999999999999647e-03
3.705000000000000071e+00 9.597700000000000675e-03
3.709999999999999964e+00 9.623800000000000063e-03
3.714999999999999858e+00 9.648900000000000185e-03
3.720000000000000195e+00 9.672799999999998760e-03
3.725000000000000089e+00 9.695000000000000492e-03
3.729999999999999982e+00 9.715500000000000178e-03
3.734999999999999876e+00 9.733799999999999050e-03
3.740000000000000213e+00 9.749999999999999986e-03
3.745000000000000107e+00 9.763700000000000156e-03
3.750000000000000000e+00 9.775000000000000702e-03
3.754999999999999893e+00 9.783599999999999935e-03
3.759999999999999787e+00 9.789700000000001873e-03
3.765000000000000124e+00 9.793200000000000169e-03
3.770000000000000018e+00 9.794199999999999434e-03
3.774999999999999911e+00 9.792600000000000263e-03
3.779999999999999805e+00 9.788700000000000873e-03
3.785000000000000142e+00 9.782599999999998935e-03
3.790000000000000036e+00 9.774299999999999655e-03
3.794999999999999929e+00 9.764199999999998922e-03
3.799999999999999822e+00 9.752200000000000799e-03
3.805000000000000160e+00 9.738800000000000581e-03
3.810000000000000053e+00 9.724099999999999411e-03
3.814999999999999947e+00 9.708299999999999569e-03
3.819999999999999840e+00 9.691599999999999868e-03
3.825000000000000178e+00 9.674300000000000260e-03
3.830000000000000071e+00 9.656500000000000153e-03
3.834999999999999964e+00 9.638599999999998905e-03
3.839999999999999858e+00 9.620800000000000532e-03
3.845000000000000195e+00 9.603100000000001565e-03
3.850000000000000089e+00 9.586000000000000770e-03
3.854999999999999982e+00 9.569400000000000475e-03
3.859999999999999876e+00 9.553600000000000633e-03
3.865000000000000213e+00 9.538800000000000057e-03
3.870000000000000107e+00 9.525000000000000480e-03
3.875000000000000000e+00 9.512299999999999575e-03
3.879999999999999893e+00 9.501000000000000764e-03
3.884999999999999787e+00 9.490900000000001765e-03
3.890000000000000124e+00 9.482100000000000251e-03
3.895000000000000018e+00 9.474500000000000283e-03
3.899999999999999911e+00 9.468300000000000674e-03
3.904999999999999805e+00 9.463200000000001472e-03
3.910000000000000142e+00 9.459199999999999206e-03
3.915000000000000036e+00 9.456000000000000863e-03
3.919999999999999929e+00 9.453700000000000644e-03
3.924999999999999822e+00 9.451799999999999785e-03
3.930000000000000160e+00 9.450200000000000614e-03
3.935000000000000053e+00 9.448599999999999707e-03
3.939999999999999947e+00 9.446800000000001724e-03
3.944999999999999840e+00 9.444499999999999770e-03
3.950000000000000178e+00 9.441299999999999693e-03
3.955000000000000071e+00 9.437100000000000349e-03
3.959999999999999964e+00 9.431500000000000647e-03
3.964999999999999858e+00 9.424500000000000585e-03
3.970000000000000195e+00 9.415700000000000805e-03
3.975000000000000089e+00 9.405200000000000712e-03
3.979999999999999982e+00 9.392799999999999760e-03
3.984999999999999876e+00 9.378799999999999637e-03
3.990000000000000213e+00 9.363299999999999748e-03
3.995000000000000107e+00 9.346600000000000047e-03
4.000000000000000000e+00 9.329000000000000486e-03
4.004999999999999893e+00 9.311200000000000379e-03
4.009999999999999787e+00 9.293800000000001366e-03
4.014999999999999680e+00 9.277600000000000430e-03
4.019999999999999574e+00 9.263400000000001494e-03
4.025000000000000355e+00 9.252099999999999214e-03
4.030000000000000249e+00 9.244900000000000340e-03
4.035000000000000142e+00 9.242600000000001856e-03
4.040000000000000036e+00 9.246400000000000105e-03
4.044999999999999929e+00 9.257200000000001885e-03
4.049999999999999822e+00 9.275799999999998977e-03
4.054999999999999716e+00 9.302700000000000552e-03
4.059999999999999609e+00 9.338100000000000220e-03
4.065000000000000391e+00 9.381900000000000309e-03
4.070000000000000284e+00 9.432899999999999271e-03
4.075000000000000178e+00 9.489300000000000859e-03
4.080000000000000071e+00 9.547700000000000978e-03
4.084999999999999964e+00 9.603400000000001518e-03
4.089999999999999858e+00 9.649299999999999544e-03
4.094999999999999751e+00 9.676200000000001120e-03
4.099999999999999645e+00 9.672200000000000589e-03
4.105000000000000426e+00 9.622900000000000204e-03
4.110000000000000320e+00 9.512299999999999575e-03
4.115000000000000213e+00 9.323800000000000143e-03
4.120000000000000107e+00 9.043600000000000597e-03
4.125000000000000000e+00 8.663600000000000467e-03
4.129999999999999893e+00 8.182800000000000490e-03
4.134999999999999787e+00 7.610800000000000898e-03
4.139999999999999680e+00 6.967300000000000923e-03
4.144999999999999574e+00 6.279599999999999765e-03
4.150000000000000355e+00 5.577699999999999672e-03
4.155000000000000249e+00 4.890500000000000749e-03
4.160000000000000142e+00 4.241199999999999658e-03
4.165000000000000036e+00 3.645900000000000529e-03
4.169999999999999929e+00 3.113400000000000108e-03
4.174999999999999822e+00 2.646200000000000462e-03
4.179999999999999716e+00 2.242399999999999862e-03
4.184999999999999609e+00 1.897400000000000258e-03
4.190000000000000391e+00 1.604900000000000033e-03
4.195000000000000284e+00 1.358300000000000002e-03
4.200000000000000178e+00 1.150999999999999896e-03
4.205000000000000071e+00 9.772000000000001171e-04
4.209999999999999964e+00 8.314999999999999909e-04
4.214999999999999858e+00 7.093000000000000563e-04
4.219999999999999751e+00 6.065999999999999994e-04
4.224999999999999645e+00 5.203000000000001244e-04
4.230000000000000426e+00 4.474999999999999811e-04
4.235000000000000320e+00 3.861000000000000608e-04
4.240000000000000213e+00 3.339999999999999870e-04
4.245000000000000107e+00 2.898000000000000510e-04
4.250000000000000000e+00 2.522000000000000045e-04
4.254999999999999893e+00 2.201000000000000103e-04
4.259999999999999787e+00 1.924999999999999899e-04
4.264999999999999680e+00 1.689000000000000126e-04
4.269999999999999574e+00 1.486000000000000070e-04
4.275000000000000355e+00 1.310000000000000129e-04
4.280000000000000249e+00 1.157999999999999958e-04
4.285000000000000142e+00 1.026000000000000002e-04
4.290000000000000036e+00 9.110000000000000530e-05
4.294999999999999929e+00 8.110000000000000618e-05
4.299999999999999822e+00 7.239999999999999799e-05
4.304999999999999716e+00 6.470000000000000057e-05
4.309999999999999609e+00 5.800000000000000034e-05
4.315000000000000391e+00 5.200000000000001035e-05
4.320000000000000284e+00 4.679999999999999915e-05
4.325000000000000178e+00 4.219999999999999576e-05
4.330000000000000071e+00 3.809999999999999775e-05
4.334999999999999964e+00 3.449999999999999833e-05
4.339999999999999858e+00 3.119999999999999944e-05
4.344999999999999751e+00 2.829999999999999671e-05
4.349999999999999645e+00 2.580000000000000370e-05
4.355000000000000426e+00 2.350000000000000201e-05
4.360000000000000320e+00 2.140000000000000178e-05
4.365000000000000213e+00 1.959999999999999869e-05
4.370000000000000107e+00 1.789999999999999803e-05
4.375000000000000000e+00 1.640000000000000222e-05
4.379999999999999893e+00 1.500000000000000038e-05
4.384999999999999787e+00 1.380000000000000170e-05
4.389999999999999680e+00 1.270000000000000038e-05
4.394999999999999574e+00 1.169999999999999979e-05
4.400000000000000355e+00 1.079999999999999993e-05
4.405000000000000249e+00 1.000000000000000082e-05
4.410000000000000142e+00 9.200000000000000007e-06
4.415000000000000036e+00 8.600000000000000670e-06
4.419999999999999929e+00 7.900000000000000595e-06
4.424999999999999822e+00 7.400000000000000300e-06
4.429999999999999716e+00 6.900000000000000852e-06
4.434999999999999609e+00 6.400000000000000557e-06
4.440000000000000391e+00 5.900000000000000262e-06
4.445000000000000284e+00 5.500000000000000704e-06
4.450000000000000178e+00 5.199999999999999341e-06
4.455000000000000071e+00 4.800000000000000630e-06
4.459999999999999964e+00 4.500000000000000114e-06
4.464999999999999858e+00 4.200000000000000445e-06
4.469999999999999751e+00 4.000000000000000666e-06
4.474999999999999645e+00 3.700000000000000150e-06
4.480000000000000426e+00 3.500000000000000371e-06
4.485000000000000320e+00 3.300000000000000168e-06
4.490000000000000213e+00 3.099999999999999966e-06
4.495000000000000107e+00 2.900000000000000186e-06
4.500000000000000000e+00 2.800000000000000297e-06
4.504999999999999893e+00 2.599999999999999671e-06
4.509999999999999787e+00 2.500000000000000205e-06
4.514999999999999680e+00 2.300000000000000002e-06
4.519999999999999574e+00 2.199999999999999689e-06
4.525000000000000355e+00 2.100000000000000223e-06
4.530000000000000249e+00 2.000000000000000333e-06
4.535000000000000142e+00 1.900000000000000232e-06
4.540000000000000036e+00 1.799999999999999919e-06
4.544999999999999929e+00 1.700000000000000241e-06
4.549999999999999822e+00 1.600000000000000139e-06
4.554999999999999716e+00 1.499999999999999826e-06
4.559999999999999609e+00 1.499999999999999826e-06
4.565000000000000391e+00 1.400000000000000148e-06
4.570000000000000284e+00 1.299999999999999835e-06
4.575000000000000178e+00 1.299999999999999835e-06
4.580000000000000071e+00 1.200000000000000157e-06
4.584999999999999964e+00 1.200000000000000157e-06
4.589999999999999858e+00 1.099999999999999844e-06
4.594999999999999751e+00 1.099999999999999844e-06
4.599999999999999645e+00 1.000000000000000167e-06
4.605000000000000426e+00 1.000000000000000167e-06
4.610000000000000320e+00 8.999999999999999593e-07
4.615000000000000213e+00 8.999999999999999593e-07
4.620000000000000107e+00 8.999999999999999593e-07
4.625000000000000000e+00 8.000000000000000697e-07
4.629999999999999893e+00 8.000000000000000697e-07
4.634999999999999787e+00 8.000000000000000697e-07
4.639999999999999680e+00 7.000000000000000742e-07
4.644999999999999574e+00 7.000000000000000742e-07
4.650000000000000355e+00 7.000000000000000742e-07
4.655000000000000249e+00 7.000000000000000742e-07
4.660000000000000142e+00 6.000000000000000787e-07
4.665000000000000036e+00 6.000000000000000787e-07
4.669999999999999929e+00 6.000000000000000787e-07
4.674999999999999822e+00 6.000000000000000787e-07
4.679999999999999716e+00 6.000000000000000787e-07
4.684999999999999609e+00 5.000000000000000833e-07
4.690000000000000391e+00 5.000000000000000833e-07
4.695000000000000284e+00 5.000000000000000833e-07
4.700000000000000178e+00 4.899999999999999672e-07
4.705000000000000071e+00 4.750000000000000579e-07
4.709999999999999964e+00 4.619999999999999812e-07
4.714999999999999858e+00 4.479999999999999882e-07
4.719999999999999751e+00 4.360000000000000396e-07
4.724999999999999645e+00 4.240000000000000380e-07
4.730000000000000426e+00 4.120000000000000364e-07
4.735000000000000320e+00 4.010000000000000041e-07
4.740000000000000213e+00 3.900000000000000247e-07
4.745000000000000107e+00 3.800000000000000146e-07
4.750000000000000000e+00 3.710000000000000266e-07
4.754999999999999893e+00 3.619999999999999857e-07
4.759999999999999787e+00 3.530000000000000507e-07
4.764999999999999680e+00 3.440000000000000098e-07
4.769999999999999574e+00 3.360000000000000441e-07
4.775000000000000355e+00 3.289999999999999946e-07
4.780000000000000249e+00 3.210000000000000289e-07
4.785000000000000142e+00 3.139999999999999794e-07
4.790000000000000036e+00 3.070000000000000359e-07
4.794999999999999929e+00 3.010000000000000616e-07
4.799999999999999822e+00 2.949999999999999814e-07
4.804999999999999716e+00 2.890000000000000070e-07
4.809999999999999609e+00 2.830000000000000327e-07
4.815000000000000391e+00 2.770000000000000055e-07
4.820000000000000284e+00 2.720000000000000533e-07
4.825000000000000178e+00 2.670000000000000483e-07
4.830000000000000071e+00 2.619999999999999903e-07
4.834999999999999964e+00 2.580000000000000074e-07
4.839999999999999858e+00 2.530000000000000023e-07
4.844999999999999751e+00 2.490000000000000194e-07
4.849999999999999645e+00 2.449999999999999836e-07
4.855000000000000426e+00 2.410000000000000007e-07
4.860000000000000320e+00 2.370000000000000443e-07
4.865000000000000213e+00 2.330000000000000085e-07
4.870000000000000107e+00 2.299999999999999949e-07
4.875000000000000000e+00 2.270000000000000077e-07
4.879999999999999893e+00 2.230000000000000248e-07
4.884999999999999787e+00 2.200000000000000377e-07
4.889999999999999680e+00 2.170000000000000241e-07
4.894999999999999574e+00 2.150000000000000062e-07
4.900000000000000355e+00 2.120000000000000190e-07
4.905000000000000249e+00 2.090000000000000054e-07
4.910000000000000142e+00 2.069999999999999875e-07
4.915000000000000036e+00 2.040000000000000268e-07
4.919999999999999929e+00 2.020000000000000089e-07
4.924999999999999822e+00 2.000000000000000174e-07
4.929999999999999716e+00 1.979999999999999995e-07
4.934999999999999609e+00 1.959999999999999816e-07
4.940000000000000391e+00 1.940000000000000166e-07
4.945000000000000284e+00 1.920000000000000252e-07
4.950000000000000178e+00 1.910000000000000030e-07
4.955000000000000071e+00 1.889999999999999851e-07
4.959999999999999964e+00 1.870000000000000201e-07
4.964999999999999858e+00 1.860000000000000244e-07
4.969999999999999751e+00 1.850000000000000287e-07
4.974999999999999645e+00 1.830000000000000108e-07
4.980000000000000426e+00 1.820000000000000151e-07
4.985000000000000320e+00 1.809999999999999929e-07
4.990000000000000213e+00 1.799999999999999971e-07
4.995000000000000107e+00 1.789999999999999750e-07
5.000000000000000000e+00 1.780000000000000057e-07
5.004999999999999893e+00 1.770000000000000100e-07
5.009999999999999787e+00 1.760000000000000143e-07
5.014999999999999680e+00 1.750000000000000186e-07
5.019999999999999574e+00 1.739999999999999964e-07
5.025000000000000355e+00 1.730000000000000006e-07
5.030000000000000249e+00 1.720000000000000049e-07
5.035000000000000142e+00 1.720000000000000049e-07
5.040000000000000036e+00 1.709999999999999827e-07
5.044999999999999929e+00 1.709999999999999827e-07
5.049999999999999822e+00 1.700000000000000135e-07
5.054999999999999716e+00 1.700000000000000135e-07
5.059999999999999609e+00 1.690000000000000178e-07
5.065000000000000391e+00 1.690000000000000178e-07
5.070000000000000284e+00 1.690000000000000178e-07
5.075000000000000178e+00 1.680000000000000220e-07
5.080000000000000071e+00 1.680000000000000220e-07
5.084999999999999964e+00 1.680000000000000220e-07
5.089999999999999858e+00 1.680000000000000220e-07
5.094999999999999751e+00 1.680000000000000220e-07
5.099999999999999645e+00 1.680000000000000220e-07
5.105000000000000426e+00 1.680000000000000220e-07
5.110000000000000320e+00 1.680000000000000220e-07
5.115000000000000213e+00 1.690000000000000178e-07
5.120000000000000107e+00 1.690000000000000178e-07
5.125000000000000000e+00 1.690000000000000178e-07
5.129999999999999893e+00 1.700000000000000135e-07
5.134999999999999787e+00 1.700000000000000135e-07
5.139999999999999680e+00 1.709999999999999827e-07
5.144999999999999574e+00 1.709999999999999827e-07
5.150000000000000355e+00 1.720000000000000049e-07
5.155000000000000249e+00 1.730000000000000006e-07
5.160000000000000142e+00 1.730000000000000006e-07
5.165000000000000036e+00 1.739999999999999964e-07
5.169999999999999929e+00 1.750000000000000186e-07
5.174999999999999822e+00 1.760000000000000143e-07
5.179999999999999716e+00 1.770000000000000100e-07
5.184999999999999609e+00 1.780000000000000057e-07
5.190000000000000391e+00 1.789999999999999750e-07
5.195000000000000284e+00 1.799999999999999971e-07
5.200000000000000178e+00 0.000000000000000000e+00
5.205000000000000071e+00 0.000000000000000000e+00
5.209999999999999964e+00 0.000000000000000000e+00
5.214999999999999858e+00 0.000000000000000000e+00
5.219999999999999751e+00 0.000000000000000000e+00
5.224999999999999645e+00 0.000000000000000000e+00
5.230000000000000426e+00 0.000000000000000000e+00
5.235000000000000320e+00 0.000000000000000000e+00
5.240000000000000213e+00 0.000000000000000000e+00
5.245000000000000107e+00 0.000000000000000000e+00
5.250000000000000000e+00 0.000000000000000000e+00
5.254999999999999893e+00 0.000000000000000000e+00
5.259999999999999787e+00 0.000000000000000000e+00
5.264999999999999680e+00 0.000000000000000000e+00
5.269999999999999574e+00 0.000000000000000000e+00
5.275000000000000355e+00 0.000000000000000000e+00
5.280000000000000249e+00 0.000000000000000000e+00
5.285000000000000142e+00 0.000000000000000000e+00
5.290000000000000036e+00 0.000000000000000000e+00
5.294999999999999929e+00 0.000000000000000000e+00
5.299999999999999822e+00 0.000000000000000000e+00
