1.000000000000000000e+00 0.000000000000000000e+00
1.004999999999999893e+00 0.000000000000000000e+00
1.010000000000000009e+00 0.000000000000000000e+00
1.014999999999999902e+00 0.000000000000000000e+00
1.020000000000000018e+00 0.000000000000000000e+00
1.024999999999999911e+00 0.000000000000000000e+00
1.030000000000000027e+00 0.000000000000000000e+00
1.034999999999999920e+00 0.000000000000000000e+00
1.040000000000000036e+00 0.000000000000000000e+00
1.044999999999999929e+00 0.000000000000000000e+00
1.050000000000000044e+00 0.000000000000000000e+00
1.054999999999999938e+00 0.000000000000000000e+00
1.060000000000000053e+00 0.000000000000000000e+00
1.064999999999999947e+00 0.000000000000000000e+00
1.070000000000000062e+00 0.000000000000000000e+00
1.074999999999999956e+00 0.000000000000000000e+00
1.080000000000000071e+00 0.000000000000000000e+00
1.084999999999999964e+00 0.000000000000000000e+00
1.090000000000000080e+00 0.000000000000000000e+00
1.094999999999999973e+00 0.000000000000000000e+00
1.100000000000000089e+00 0.000000000000000000e+00
1.104999999999999982e+00 0.000000000000000000e+00
1.110000000000000098e+00 0.000000000000000000e+00
1.114999999999999991e+00 0.000000000000000000e+00
1.120000000000000107e+00 0.000000000000000000e+00
1.125000000000000000e+00 0.000000000000000000e+00
1.129999999999999893e+00 0.000000000000000000e+00
1.135000000000000009e+00 0.000000000000000000e+00
1.139999999999999902e+00 0.000000000000000000e+00
1.145000000000000018e+00 0.000000000000000000e+00
1.149999999999999911e+00 0.000000000000000000e+00
1.155000000000000027e+00 0.000000000000000000e+00
1.159999999999999920e+00 0.000000000000000000e+00
1.165000000000000036e+00 0.000000000000000000e+00
1.169999999999999929e+00 0.000000000000000000e+00
1.175000000000000044e+00 0.000000000000000000e+00
1.179999999999999938e+00 0.000000000000000000e+00
1.185000000000000053e+00 0.000000000000000000e+00
1.189999999999999947e+00 0.000000000000000000e+00
1.195000000000000062e+00 0.000000000000000000e+00
1.199999999999999956e+00 0.000000000000000000e+00
1.205000000000000071e+00 0.000000000000000000e+00
1.209999999999999964e+00 0.000000000000000000e+00
1.215000000000000080e+00 0.000000000000000000e+00
1.219999999999999973e+00 0.000000000000000000e+00
1.225000000000000089e+00 0.000000000000000000e+00
1.229999999999999982e+00 0.000000000000000000e+00
1.235000000000000098e+00 0.000000000000000000e+00
1.239999999999999991e+00 0.000000000000000000e+00
1.245000000000000107e+00 0.000000000000000000e+00
1.250000000000000000e+00 0.000000000000000000e+00
1.254999999999999893e+00 0.000000000000000000e+00
1.260000000000000009e+00 0.000000000000000000e+00
1.264999999999999902e+00 0.000000000000000000e+00
1.270000000000000018e+00 0.000000000000000000e+00
1.274999999999999911e+00 0.000000000000000000e+00
1.280000000000000027e+00 0.000000000000000000e+00
1.284999999999999920e+00 0.000000000000000000e+00
1.290000000000000036e+00 0.000000000000000000e+00
1.294999999999999929e+00 0.000000000000000000e+00
1.300000000000000044e+00 0.000000000000000000e+00
1.304999999999999938e+00 0.000000000000000000e+00
1.310000000000000053e+00 0.000000000000000000e+00
1.314999999999999947e+00 0.000000000000000000e+00
1.320000000000000062e+00 0.000000000000000000e+00
1.324999999999999956e+00 0.000000000000000000e+00
1.330000000000000071e+00 0.000000000000000000e+00
1.334999999999999964e+00 0.000000000000000000e+00
1.340000000000000080e+00 0.000000000000000000e+00
1.344999999999999973e+00 0.000000000000000000e+00
1.350000000000000089e+00 0.000000000000000000e+00
1.354999999999999982e+00 0.000000000000000000e+00
1.360000000000000098e+00 0.000000000000000000e+00
1.364999999999999991e+00 0.000000000000000000e+00
1.370000000000000107e+00 0.000000000000000000e+00
1.375000000000000000e+00 0.000000000000000000e+00
1.379999999999999893e+00 0.000000000000000000e+00
1.385000000000000009e+00 0.000000000000000000e+00
1.389999999999999902e+00 0.000000000000000000e+00
1.395000000000000018e+00 0.000000000000000000e+00
1.399999999999999911e+00 0.000000000000000000e+00
1.405000000000000027e+00 0.000000000000000000e+00
1.409999999999999920e+00 0.000000000000000000e+00
1.415000000000000036e+00 0.000000000000000000e+00
1.419999999999999929e+00 0.000000000000000000e+00
1.425000000000000044e+00 0.000000000000000000e+00
1.429999999999999938e+00 0.000000000000000000e+00
1.435000000000000053e+00 0.000000000000000000e+00
1.439999999999999947e+00 0.000000000000000000e+00
1.445000000000000062e+00 0.000000000000000000e+00
1.449999999999999956e+00 0.000000000000000000e+00
1.455000000000000071e+00 0.000000000000000000e+00
1.459999999999999964e+00 0.000000000000000000e+00
1.465000000000000080e+00 0.000000000000000000e+00
1.469999999999999973e+00 0.000000000000000000e+00
1.475000000000000089e+00 0.000000000000000000e+00
1.479999999999999982e+00 0.000000000000000000e+00
1.485000000000000098e+00 0.000000000000000000e+00
1.489999999999999991e+00 0.000000000000000000e+00
1.495000000000000107e+00 0.000000000000000000e+00
1.500000000000000000e+00 0.000000000000000000e+00
1.504999999999999893e+00 0.000000000000000000e+00
1.510000000000000009e+00 0.000000000000000000e+00
1.514999999999999902e+00 0.000000000000000000e+00
1.520000000000000018e+00 0.000000000000000000e+00
1.524999999999999911e+00 0.000000000000000000e+00
1.530000000000000027e+00 0.000000000000000000e+00
1.534999999999999920e+00 0.000000000000000000e+00
1.540000000000000036e+00 0.000000000000000000e+00
1.544999999999999929e+00 0.000000000000000000e+00
1.550000000000000044e+00 0.000000000000000000e+00
1.554999999999999938e+00 0.000000000000000000e+00
1.560000000000000053e+00 0.000000000000000000e+00
1.564999999999999947e+00 0.000000000000000000e+00
1.570000000000000062e+00 0.000000000000000000e+00
1.574999999999999956e+00 0.000000000000000000e+00
1.580000000000000071e+00 0.000000000000000000e+00
1.584999999999999964e+00 0.000000000000000000e+00
1.590000000000000080e+00 0.000000000000000000e+00
1.594999999999999973e+00 0.000000000000000000e+00
1.600000000000000089e+00 0.000000000000000000e+00
1.604999999999999982e+00 0.000000000000000000e+00
1.610000000000000098e+00 0.000000000000000000e+00
1.614999999999999991e+00 0.000000000000000000e+00
1.620000000000000107e+00 0.000000000000000000e+00
1.625000000000000000e+00 0.000000000000000000e+00
1.629999999999999893e+00 0.000000000000000000e+00
1.635000000000000009e+00 0.000000000000000000e+00
1.639999999999999902e+00 0.000000000000000000e+00
1.645000000000000018e+00 0.000000000000000000e+00
1.649999999999999911e+00 0.000000000000000000e+00
1.655000000000000027e+00 0.000000000000000000e+00
1.659999999999999920e+00 0.000000000000000000e+00
1.665000000000000036e+00 0.000000000000000000e+00
1.669999999999999929e+00 0.000000000000000000e+00
1.675000000000000044e+00 0.000000000000000000e+00
1.679999999999999938e+00 0.000000000000000000e+00
1.685000000000000053e+00 0.000000000000000000e+00
1.689999999999999947e+00 0.000000000000000000e+00
1.695000000000000062e+00 0.000000000000000000e+00
1.699999999999999956e+00 0.000000000000000000e+00
1.705000000000000071e+00 0.000000000000000000e+00
1.709999999999999964e+00 0.000000000000000000e+00
1.715000000000000080e+00 0.000000000000000000e+00
1.719999999999999973e+00 0.000000000000000000e+00
1.725000000000000089e+00 0.000000000000000000e+00
1.729999999999999982e+00 0.000000000000000000e+00
1.735000000000000098e+00 0.000000000000000000e+00
1.739999999999999991e+00 0.000000000000000000e+00
1.745000000000000107e+00 0.000000000000000000e+00
1.750000000000000000e+00 0.000000000000000000e+00
1.754999999999999893e+00 0.000000000000000000e+00
1.760000000000000009e+00 0.000000000000000000e+00
1.764999999999999902e+00 0.000000000000000000e+00
1.770000000000000018e+00 0.000000000000000000e+00
1.774999999999999911e+00 0.000000000000000000e+00
1.780000000000000027e+00 0.000000000000000000e+00
1.784999999999999920e+00 0.000000000000000000e+00
1.790000000000000036e+00 0.000000000000000000e+00
1.794999999999999929e+00 0.000000000000000000e+00
1.800000000000000044e+00 0.000000000000000000e+00
1.804999999999999938e+00 0.000000000000000000e+00
1.810000000000000053e+00 0.000000000000000000e+00
1.814999999999999947e+00 0.000000000000000000e+00
1.820000000000000062e+00 0.000000000000000000e+00
1.824999999999999956e+00 0.000000000000000000e+00
1.830000000000000071e+00 0.000000000000000000e+00
1.834999999999999964e+00 0.000000000000000000e+00
1.840000000000000080e+00 0.000000000000000000e+00
1.844999999999999973e+00 0.000000000000000000e+00
1.850000000000000089e+00 0.000000000000000000e+00
1.854999999999999982e+00 0.000000000000000000e+00
1.860000000000000098e+00 0.000000000000000000e+00
1.864999999999999991e+00 0.000000000000000000e+00
1.870000000000000107e+00 0.000000000000000000e+00
1.875000000000000000e+00 0.000000000000000000e+00
1.879999999999999893e+00 0.000000000000000000e+00
1.885000000000000009e+00 0.000000000000000000e+00
1.889999999999999902e+00 0.000000000000000000e+00
1.895000000000000018e+00 0.000000000000000000e+00
1.899999999999999911e+00 0.000000000000000000e+00
1.905000000000000027e+00 0.000000000000000000e+00
1.909999999999999920e+00 0.000000000000000000e+00
1.915000000000000036e+00 0.000000000000000000e+00
1.919999999999999929e+00 0.000000000000000000e+00
1.925000000000000044e+00 0.000000000000000000e+00
1.929999999999999938e+00 0.000000000000000000e+00
1.935000000000000053e+00 0.000000000000000000e+00
1.939999999999999947e+00 0.000000000000000000e+00
1.945000000000000062e+00 0.000000000000000000e+00
1.949999999999999956e+00 0.000000000000000000e+00
1.955000000000000071e+00 7.188800000000000745e-01
1.959999999999999964e+00 7.545199999999999685e-01
1.965000000000000080e+00 7.830400000000000693e-01
1.969999999999999973e+00 8.004200000000000204e-01
1.975000000000000089e+00 8.156100000000000572e-01
1.979999999999999982e+00 8.213800000000001100e-01
1.985000000000000098e+00 8.124800000000000910e-01
1.989999999999999991e+00 8.039199999999999680e-01
1.995000000000000107e+00 8.125499999999999945e-01
2.000000000000000000e+00 8.246700000000000141e-01
2.004999999999999893e+00 8.335099999999999731e-01
2.009999999999999787e+00 8.432399999999999896e-01
2.015000000000000124e+00 8.538000000000000034e-01
2.020000000000000018e+00 8.614600000000000035e-01
2.024999999999999911e+00 8.592400000000001148e-01
2.029999999999999805e+00 8.536500000000000199e-01
2.035000000000000142e+00 8.510400000000000187e-01
2.040000000000000036e+00 8.479200000000000070e-01
2.044999999999999929e+00 8.457999999999999963e-01
2.049999999999999822e+00 8.462000000000000632e-01
2.055000000000000160e+00 8.528499999999999970e-01
2.060000000000000053e+00 8.627700000000000369e-01
2.064999999999999947e+00 8.662199999999999900e-01
2.069999999999999840e+00 8.709699999999999109e-01
2.075000000000000178e+00 8.825199999999999712e-01
2.080000000000000071e+00 8.924599999999999200e-01
2.084999999999999964e+00 8.990500000000000158e-01
2.089999999999999858e+00 9.021299999999999875e-01
2.095000000000000195e+00 8.981500000000000039e-01
2.100000000000000089e+00 8.916500000000000536e-01
2.104999999999999982e+00 8.797800000000000065e-01
2.109999999999999876e+00 8.682299999999999462e-01
2.115000000000000213e+00 8.746700000000000585e-01
2.120000000000000107e+00 8.832100000000000506e-01
2.125000000000000000e+00 8.763100000000000334e-01
2.129999999999999893e+00 8.721999999999999753e-01
2.134999999999999787e+00 8.726200000000000623e-01
2.140000000000000124e+00 8.746700000000000585e-01
2.145000000000000018e+00 8.870699999999999141e-01
2.149999999999999911e+00 8.996599999999999042e-01
2.154999999999999805e+00 9.065699999999999870e-01
2.160000000000000142e+00 9.125100000000000433e-01
2.165000000000000036e+00 9.146900000000000031e-01
2.169999999999999929e+00 9.158199999999999674e-01
2.174999999999999822e+00 9.189800000000000191e-01
2.180000000000000160e+00 9.214799999999999658e-01
2.185000000000000053e+00 9.225900000000000212e-01
2.189999999999999947e+00 9.232200000000000406e-01
2.194999999999999840e+00 9.143000000000001126e-01
2.200000000000000178e+00 9.048999999999999266e-01
2.205000000000000071e+00 9.179100000000000037e-01
2.209999999999999964e+00 9.303000000000000158e-01
2.214999999999999858e+00 9.246299999999999519e-01
2.220000000000000195e+00 9.188200000000000811e-01
2.225000000000000089e+00 9.184900000000000286e-01
2.229999999999999982e+00 9.187099999999999156e-01
2.234999999999999876e+00 9.224500000000001032e-01
2.240000000000000213e+00 9.271700000000000497e-01
2.245000000000000107e+00 9.268999999999999462e-01
2.250000000000000000e+00 9.273300000000000987e-01
2.254999999999999893e+00 9.258499999999999508e-01
2.259999999999999787e+00 9.241500000000000270e-01
2.265000000000000124e+00 9.272700000000000387e-01
2.270000000000000018e+00 9.293899999999999384e-01
2.274999999999999911e+00 9.262799999999999923e-01
2.279999999999999805e+00 9.222599999999999687e-01
2.285000000000000142e+00 9.345099999999999518e-01
2.290000000000000036e+00 9.466900000000000315e-01
2.294999999999999929e+00 9.445900000000000407e-01
2.299999999999999822e+00 9.436200000000000143e-01
2.305000000000000160e+00 9.441200000000000703e-01
2.310000000000000053e+00 9.463300000000000045e-01
2.314999999999999947e+00 9.479500000000000703e-01
2.319999999999999840e+00 9.509499999999999620e-01
2.325000000000000178e+00 9.575199999999999267e-01
2.330000000000000071e+00 9.643500000000000405e-01
2.334999999999999964e+00 9.699999999999999734e-01
2.339999999999999858e+00 9.745099999999999874e-01
2.345000000000000195e+00 9.847700000000000342e-01
2.350000000000000089e+00 9.930200000000001248e-01
2.354999999999999982e+00 9.860599999999999365e-01
2.359999999999999876e+00 9.771699999999999831e-01
2.365000000000000213e+00 9.737900000000000444e-01
2.370000000000000107e+00 9.693899999999999739e-01
2.375000000000000000e+00 9.652899999999999814e-01
2.379999999999999893e+00 9.616200000000000303e-01
2.384999999999999787e+00 9.564900000000000624e-01
2.390000000000000124e+00 9.532899999999999707e-01
2.395000000000000018e+00 9.503800000000000026e-01
2.399999999999999911e+00 9.503100000000000991e-01
2.404999999999999805e+00 9.554700000000000415e-01
2.410000000000000142e+00 9.628499999999999837e-01
2.415000000000000036e+00 9.710100000000000398e-01
2.419999999999999929e+00 9.772400000000001086e-01
2.424999999999999822e+00 9.772499999999999520e-01
2.430000000000000160e+00 9.650700000000000944e-01
2.435000000000000053e+00 9.339199999999999724e-01
2.439999999999999947e+00 8.783300000000000551e-01
2.444999999999999840e+00 7.972100000000000852e-01
2.450000000000000178e+00 0.000000000000000000e+00
2.455000000000000071e+00 0.000000000000000000e+00
2.459999999999999964e+00 0.000000000000000000e+00
2.464999999999999858e+00 0.000000000000000000e+00
2.470000000000000195e+00 0.000000000000000000e+00
2.475000000000000089e+00 0.000000000000000000e+00
2.479999999999999982e+00 0.000000000000000000e+00
2.484999999999999876e+00 0.000000000000000000e+00
2.490000000000000213e+00 0.000000000000000000e+00
2.495000000000000107e+00 0.000000000000000000e+00
2.500000000000000000e+00 0.000000000000000000e+00
2.504999999999999893e+00 0.000000000000000000e+00
2.509999999999999787e+00 0.000000000000000000e+00
2.515000000000000124e+00 0.000000000000000000e+00
2.520000000000000018e+00 0.000000000000000000e+00
2.524999999999999911e+00 0.000000000000000000e+00
2.529999999999999805e+00 0.000000000000000000e+00
2.535000000000000142e+00 0.000000000000000000e+00
2.540000000000000036e+00 0.000000000000000000e+00
2.544999999999999929e+00 0.000000000000000000e+00
2.549999999999999822e+00 0.000000000000000000e+00
2.555000000000000160e+00 0.000000000000000000e+00
2.560000000000000053e+00 0.000000000000000000e+00
2.564999999999999947e+00 0.000000000000000000e+00
2.569999999999999840e+00 0.000000000000000000e+00
2.575000000000000178e+00 0.000000000000000000e+00
2.580000000000000071e+00 0.000000000000000000e+00
2.584999999999999964e+00 0.000000000000000000e+00
2.589999999999999858e+00 0.000000000000000000e+00
2.595000000000000195e+00 0.000000000000000000e+00
2.600000000000000089e+00 0.000000000000000000e+00
2.604999999999999982e+00 0.000000000000000000e+00
2.609999999999999876e+00 0.000000000000000000e+00
2.615000000000000213e+00 0.000000000000000000e+00
2.620000000000000107e+00 0.000000000000000000e+00
2.625000000000000000e+00 0.000000000000000000e+00
2.629999999999999893e+00 0.000000000000000000e+00
2.634999999999999787e+00 0.000000000000000000e+00
2.640000000000000124e+00 0.000000000000000000e+00
2.645000000000000018e+00 0.000000000000000000e+00
2.649999999999999911e+00 0.000000000000000000e+00
2.654999999999999805e+00 0.000000000000000000e+00
2.660000000000000142e+00 0.000000000000000000e+00
2.665000000000000036e+00 0.000000000000000000e+00
2.669999999999999929e+00 0.000000000000000000e+00
2.674999999999999822e+00 0.000000000000000000e+00
2.680000000000000160e+00 0.000000000000000000e+00
2.685000000000000053e+00 0.000000000000000000e+00
2.689999999999999947e+00 0.000000000000000000e+00
2.694999999999999840e+00 0.000000000000000000e+00
2.700000000000000178e+00 0.000000000000000000e+00
2.705000000000000071e+00 0.000000000000000000e+00
2.709999999999999964e+00 0.000000000000000000e+00
2.714999999999999858e+00 0.000000000000000000e+00
2.720000000000000195e+00 0.000000000000000000e+00
2.725000000000000089e+00 0.000000000000000000e+00
2.729999999999999982e+00 0.000000000000000000e+00
2.734999999999999876e+00 0.000000000000000000e+00
2.740000000000000213e+00 0.000000000000000000e+00
2.745000000000000107e+00 0.000000000000000000e+00
2.750000000000000000e+00 0.000000000000000000e+00
2.754999999999999893e+00 0.000000000000000000e+00
2.759999999999999787e+00 0.000000000000000000e+00
2.765000000000000124e+00 0.000000000000000000e+00
2.770000000000000018e+00 0.000000000000000000e+00
2.774999999999999911e+00 0.000000000000000000e+00
2.779999999999999805e+00 0.000000000000000000e+00
2.785000000000000142e+00 0.000000000000000000e+00
2.790000000000000036e+00 0.000000000000000000e+00
2.794999999999999929e+00 0.000000000000000000e+00
2.799999999999999822e+00 0.000000000000000000e+00
2.805000000000000160e+00 0.000000000000000000e+00
2.810000000000000053e+00 0.000000000000000000e+00
2.814999999999999947e+00 0.000000000000000000e+00
2.819999999999999840e+00 0.000000000000000000e+00
2.825000000000000178e+00 0.000000000000000000e+00
2.830000000000000071e+00 0.000000000000000000e+00
2.834999999999999964e+00 0.000000000000000000e+00
2.839999999999999858e+00 0.000000000000000000e+00
2.845000000000000195e+00 0.000000000000000000e+00
2.850000000000000089e+00 0.000000000000000000e+00
2.854999999999999982e+00 0.000000000000000000e+00
2.859999999999999876e+00 0.000000000000000000e+00
2.865000000000000213e+00 0.000000000000000000e+00
2.870000000000000107e+00 0.000000000000000000e+00
2.875000000000000000e+00 0.000000000000000000e+00
2.879999999999999893e+00 0.000000000000000000e+00
2.884999999999999787e+00 0.000000000000000000e+00
2.890000000000000124e+00 0.000000000000000000e+00
2.895000000000000018e+00 0.000000000000000000e+00
2.899999999999999911e+00 0.000000000000000000e+00
2.904999999999999805e+00 0.000000000000000000e+00
2.910000000000000142e+00 0.000000000000000000e+00
2.915000000000000036e+00 0.000000000000000000e+00
2.919999999999999929e+00 0.000000000000000000e+00
2.924999999999999822e+00 0.000000000000000000e+00
2.930000000000000160e+00 0.000000000000000000e+00
2.935000000000000053e+00 0.000000000000000000e+00
2.939999999999999947e+00 0.000000000000000000e+00
2.944999999999999840e+00 0.000000000000000000e+00
2.950000000000000178e+00 0.000000000000000000e+00
2.955000000000000071e+00 0.000000000000000000e+00
2.959999999999999964e+00 0.000000000000000000e+00
2.964999999999999858e+00 0.000000000000000000e+00
2.970000000000000195e+00 0.000000000000000000e+00
2.975000000000000089e+00 0.000000000000000000e+00
2.979999999999999982e+00 0.000000000000000000e+00
2.984999999999999876e+00 0.000000000000000000e+00
2.990000000000000213e+00 0.000000000000000000e+00
2.995000000000000107e+00 0.000000000000000000e+00
3.000000000000000000e+00 0.000000000000000000e+00
3.004999999999999893e+00 0.000000000000000000e+00
3.009999999999999787e+00 0.000000000000000000e+00
3.015000000000000124e+00 0.000000000000000000e+00
3.020000000000000018e+00 0.000000000000000000e+00
3.024999999999999911e+00 0.000000000000000000e+00
3.029999999999999805e+00 0.000000000000000000e+00
3.035000000000000142e+00 0.000000000000000000e+00
3.040000000000000036e+00 0.000000000000000000e+00
3.044999999999999929e+00 0.000000000000000000e+00
3.049999999999999822e+00 0.000000000000000000e+00
3.055000000000000160e+00 0.000000000000000000e+00
3.060000000000000053e+00 0.000000000000000000e+00
3.064999999999999947e+00 0.000000000000000000e+00
3.069999999999999840e+00 0.000000000000000000e+00
3.075000000000000178e+00 0.000000000000000000e+00
3.080000000000000071e+00 0.000000000000000000e+00
3.084999999999999964e+00 0.000000000000000000e+00
3.089999999999999858e+00 0.000000000000000000e+00
3.095000000000000195e+00 0.000000000000000000e+00
3.100000000000000089e+00 0.000000000000000000e+00
3.104999999999999982e+00 0.000000000000000000e+00
3.109999999999999876e+00 0.000000000000000000e+00
3.115000000000000213e+00 0.000000000000000000e+00
3.120000000000000107e+00 0.000000000000000000e+00
3.125000000000000000e+00 0.000000000000000000e+00
3.129999999999999893e+00 0.000000000000000000e+00
3.134999999999999787e+00 0.000000000000000000e+00
3.140000000000000124e+00 0.000000000000000000e+00
3.145000000000000018e+00 0.000000000000000000e+00
3.149999999999999911e+00 0.000000000000000000e+00
3.154999999999999805e+00 0.000000000000000000e+00
3.160000000000000142e+00 0.000000000000000000e+00
3.165000000000000036e+00 0.000000000000000000e+00
3.169999999999999929e+00 0.000000000000000000e+00
3.174999999999999822e+00 0.000000000000000000e+00
3.180000000000000160e+00 0.000000000000000000e+00
3.185000000000000053e+00 0.000000000000000000e+00
3.189999999999999947e+00 0.000000000000000000e+00
3.194999999999999840e+00 0.000000000000000000e+00
3.200000000000000178e+00 0.000000000000000000e+00
3.205000000000000071e+00 0.000000000000000000e+00
3.209999999999999964e+00 0.000000000000000000e+00
3.214999999999999858e+00 0.000000000000000000e+00
3.220000000000000195e+00 0.000000000000000000e+00
3.225000000000000089e+00 0.000000000000000000e+00
3.229999999999999982e+00 0.000000000000000000e+00
3.234999999999999876e+00 0.000000000000000000e+00
3.240000000000000213e+00 0.000000000000000000e+00
3.245000000000000107e+00 0.000000000000000000e+00
3.250000000000000000e+00 0.000000000000000000e+00
3.254999999999999893e+00 0.000000000000000000e+00
3.259999999999999787e+00 0.000000000000000000e+00
3.265000000000000124e+00 0.000000000000000000e+00
3.270000000000000018e+00 0.000000000000000000e+00
3.274999999999999911e+00 0.000000000000000000e+00
3.279999999999999805e+00 0.000000000000000000e+00
3.285000000000000142e+00 0.000000000000000000e+00
3.290000000000000036e+00 0.000000000000000000e+00
3.294999999999999929e+00 0.000000000000000000e+00
3.299999999999999822e+00 0.000000000000000000e+00
3.305000000000000160e+00 0.000000000000000000e+00
3.310000000000000053e+00 0.000000000000000000e+00
3.314999999999999947e+00 0.000000000000000000e+00
3.319999999999999840e+00 0.000000000000000000e+00
3.325000000000000178e+00 0.000000000000000000e+00
3.330000000000000071e+00 0.000000000000000000e+00
3.334999999999999964e+00 0.000000000000000000e+00
3.339999999999999858e+00 0.000000000000000000e+00
3.345000000000000195e+00 0.000000000000000000e+00
3.350000000000000089e+00 0.000000000000000000e+00
3.354999999999999982e+00 0.000000000000000000e+00
3.359999999999999876e+00 0.000000000000000000e+00
3.365000000000000213e+00 0.000000000000000000e+00
3.370000000000000107e+00 0.000000000000000000e+00
3.375000000000000000e+00 0.000000000000000000e+00
3.379999999999999893e+00 0.000000000000000000e+00
3.384999999999999787e+00 0.000000000000000000e+00
3.390000000000000124e+00 0.000000000000000000e+00
3.395000000000000018e+00 0.000000000000000000e+00
3.399999999999999911e+00 0.000000000000000000e+00
3.404999999999999805e+00 0.000000000000000000e+00
3.410000000000000142e+00 0.000000000000000000e+00
3.415000000000000036e+00 0.000000000000000000e+00
3.419999999999999929e+00 0.000000000000000000e+00
3.424999999999999822e+00 0.000000000000000000e+00
3.430000000000000160e+00 0.000000000000000000e+00
3.435000000000000053e+00 0.000000000000000000e+00
3.439999999999999947e+00 0.000000000000000000e+00
3.444999999999999840e+00 0.000000000000000000e+00
3.450000000000000178e+00 0.000000000000000000e+00
3.455000000000000071e+00 0.000000000000000000e+00
3.459999999999999964e+00 0.000000000000000000e+00
3.464999999999999858e+00 0.000000000000000000e+00
3.470000000000000195e+00 0.000000000000000000e+00
3.475000000000000089e+00 0.000000000000000000e+00
3.479999999999999982e+00 0.000000000000000000e+00
3.484999999999999876e+00 0.000000000000000000e+00
3.490000000000000213e+00 0.000000000000000000e+00
3.495000000000000107e+00 0.000000000000000000e+00
3.500000000000000000e+00 0.000000000000000000e+00
3.504999999999999893e+00 0.000000000000000000e+00
3.509999999999999787e+00 0.000000000000000000e+00
3.515000000000000124e+00 0.000000000000000000e+00
3.520000000000000018e+00 0.000000000000000000e+00
3.524999999999999911e+00 0.000000000000000000e+00
3.529999999999999805e+00 0.000000000000000000e+00
3.535000000000000142e+00 0.000000000000000000e+00
3.540000000000000036e+00 0.000000000000000000e+00
3.544999999999999929e+00 0.000000000000000000e+00
3.549999999999999822e+00 0.000000000000000000e+00
3.555000000000000160e+00 0.000000000000000000e+00
3.560000000000000053e+00 0.000000000000000000e+00
3.564999999999999947e+00 0.000000000000000000e+00
3.569999999999999840e+00 0.000000000000000000e+00
3.575000000000000178e+00 0.000000000000000000e+00
3.580000000000000071e+00 0.000000000000000000e+00
3.584999999999999964e+00 0.000000000000000000e+00
3.589999999999999858e+00 0.000000000000000000e+00
3.595000000000000195e+00 0.000000000000000000e+00
3.600000000000000089e+00 0.000000000000000000e+00
3.604999999999999982e+00 0.000000000000000000e+00
3.609999999999999876e+00 0.000000000000000000e+00
3.615000000000000213e+00 0.000000000000000000e+00
3.620000000000000107e+00 0.000000000000000000e+00
3.625000000000000000e+00 0.000000000000000000e+00
3.629999999999999893e+00 0.000000000000000000e+00
3.634999999999999787e+00 0.000000000000000000e+00
3.640000000000000124e+00 0.000000000000000000e+00
3.645000000000000018e+00 0.000000000000000000e+00
3.649999999999999911e+00 0.000000000000000000e+00
3.654999999999999805e+00 0.000000000000000000e+00
3.660000000000000142e+00 0.000000000000000000e+00
3.665000000000000036e+00 0.000000000000000000e+00
3.669999999999999929e+00 0.000000000000000000e+00
3.674999999999999822e+00 0.000000000000000000e+00
3.680000000000000160e+00 0.000000000000000000e+00
3.685000000000000053e+00 0.000000000000000000e+00
3.689999999999999947e+00 0.000000000000000000e+00
3.694999999999999840e+00 0.000000000000000000e+00
3.700000000000000178e+00 0.000000000000000000e+00
3.705000000000000071e+00 0.000000000000000000e+00
3.709999999999999964e+00 0.000000000000000000e+00
3.714999999999999858e+00 0.000000000000000000e+00
3.720000000000000195e+00 0.000000000000000000e+00
3.725000000000000089e+00 0.000000000000000000e+00
3.729999999999999982e+00 0.000000000000000000e+00
3.734999999999999876e+00 0.000000000000000000e+00
3.740000000000000213e+00 0.000000000000000000e+00
3.745000000000000107e+00 0.000000000000000000e+00
3.750000000000000000e+00 0.000000000000000000e+00
3.754999999999999893e+00 0.000000000000000000e+00
3.759999999999999787e+00 0.000000000000000000e+00
3.765000000000000124e+00 0.000000000000000000e+00
3.770000000000000018e+00 0.000000000000000000e+00
3.774999999999999911e+00 0.000000000000000000e+00
3.779999999999999805e+00 0.000000000000000000e+00
3.785000000000000142e+00 0.000000000000000000e+00
3.790000000000000036e+00 0.000000000000000000e+00
3.794999999999999929e+00 0.000000000000000000e+00
3.799999999999999822e+00 0.000000000000000000e+00
3.805000000000000160e+00 0.000000000000000000e+00
3.810000000000000053e+00 0.000000000000000000e+00
3.814999999999999947e+00 0.000000000000000000e+00
3.819999999999999840e+00 0.000000000000000000e+00
3.825000000000000178e+00 0.000000000000000000e+00
3.830000000000000071e+00 0.000000000000000000e+00
3.834999999999999964e+00 0.000000000000000000e+00
3.839999999999999858e+00 0.000000000000000000e+00
3.845000000000000195e+00 0.000000000000000000e+00
3.850000000000000089e+00 0.000000000000000000e+00
3.854999999999999982e+00 0.000000000000000000e+00
3.859999999999999876e+00 0.000000000000000000e+00
3.865000000000000213e+00 0.000000000000000000e+00
3.870000000000000107e+00 0.000000000000000000e+00
3.875000000000000000e+00 0.000000000000000000e+00
3.879999999999999893e+00 0.000000000000000000e+00
3.884999999999999787e+00 0.000000000000000000e+00
3.890000000000000124e+00 0.000000000000000000e+00
3.895000000000000018e+00 0.000000000000000000e+00
3.899999999999999911e+00 0.000000000000000000e+00
3.904999999999999805e+00 0.000000000000000000e+00
3.910000000000000142e+00 0.000000000000000000e+00
3.915000000000000036e+00 0.000000000000000000e+00
3.919999999999999929e+00 0.000000000000000000e+00
3.924999999999999822e+00 0.000000000000000000e+00
3.930000000000000160e+00 0.000000000000000000e+00
3.935000000000000053e+00 0.000000000000000000e+00
3.939999999999999947e+00 0.000000000000000000e+00
3.944999999999999840e+00 0.000000000000000000e+00
3.950000000000000178e+00 0.000000000000000000e+00
3.955000000000000071e+00 0.000000000000000000e+00
3.959999999999999964e+00 0.000000000000000000e+00
3.964999999999999858e+00 0.000000000000000000e+00
3.970000000000000195e+00 0.000000000000000000e+00
3.975000000000000089e+00 0.000000000000000000e+00
3.979999999999999982e+00 0.000000000000000000e+00
3.984999999999999876e+00 0.000000000000000000e+00
3.990000000000000213e+00 0.000000000000000000e+00
3.995000000000000107e+00 0.000000000000000000e+00
4.000000000000000000e+00 0.000000000000000000e+00
4.004999999999999893e+00 0.000000000000000000e+00
4.009999999999999787e+00 0.000000000000000000e+00
4.014999999999999680e+00 0.000000000000000000e+00
4.019999999999999574e+00 0.000000000000000000e+00
4.025000000000000355e+00 0.000000000000000000e+00
4.030000000000000249e+00 0.000000000000000000e+00
4.035000000000000142e+00 0.000000000000000000e+00
4.040000000000000036e+00 0.000000000000000000e+00
4.044999999999999929e+00 0.000000000000000000e+00
4.049999999999999822e+00 0.000000000000000000e+00
4.054999999999999716e+00 0.000000000000000000e+00
4.059999999999999609e+00 0.000000000000000000e+00
4.065000000000000391e+00 0.000000000000000000e+00
4.070000000000000284e+00 0.000000000000000000e+00
4.075000000000000178e+00 0.000000000000000000e+00
4.080000000000000071e+00 0.000000000000000000e+00
4.084999999999999964e+00 0.000000000000000000e+00
4.089999999999999858e+00 0.000000000000000000e+00
4.094999999999999751e+00 0.000000000000000000e+00
4.099999999999999645e+00 0.000000000000000000e+00
4.105000000000000426e+00 0.000000000000000000e+00
4.110000000000000320e+00 0.000000000000000000e+00
4.115000000000000213e+00 0.000000000000000000e+00
4.120000000000000107e+00 0.000000000000000000e+00
4.125000000000000000e+00 0.000000000000000000e+00
4.129999999999999893e+00 0.000000000000000000e+00
4.134999999999999787e+00 0.000000000000000000e+00
4.139999999999999680e+00 0.000000000000000000e+00
4.144999999999999574e+00 0.000000000000000000e+00
4.150000000000000355e+00 0.000000000000000000e+00
4.155000000000000249e+00 0.000000000000000000e+00
4.160000000000000142e+00 0.000000000000000000e+00
4.165000000000000036e+00 0.000000000000000000e+00
4.169999999999999929e+00 0.000000000000000000e+00
4.174999999999999822e+00 0.000000000000000000e+00
4.179999999999999716e+00 0.000000000000000000e+00
4.184999999999999609e+00 0.000000000000000000e+00
4.190000000000000391e+00 0.000000000000000000e+00
4.195000000000000284e+00 0.000000000000000000e+00
4.200000000000000178e+00 0.000000000000000000e+00
4.205000000000000071e+00 0.000000000000000000e+00
4.209999999999999964e+00 0.000000000000000000e+00
4.214999999999999858e+00 0.000000000000000000e+00
4.219999999999999751e+00 0.000000000000000000e+00
4.224999999999999645e+00 0.000000000000000000e+00
4.230000000000000426e+00 0.000000000000000000e+00
4.235000000000000320e+00 0.000000000000000000e+00
4.240000000000000213e+00 0.000000000000000000e+00
4.245000000000000107e+00 0.000000000000000000e+00
4.250000000000000000e+00 0.000000000000000000e+00
4.254999999999999893e+00 0.000000000000000000e+00
4.259999999999999787e+00 0.000000000000000000e+00
4.264999999999999680e+00 0.000000000000000000e+00
4.269999999999999574e+00 0.000000000000000000e+00
4.275000000000000355e+00 0.000000000000000000e+00
4.280000000000000249e+00 0.000000000000000000e+00
4.285000000000000142e+00 0.000000000000000000e+00
4.290000000000000036e+00 0.000000000000000000e+00
4.294999999999999929e+00 0.000000000000000000e+00
4.299999999999999822e+00 0.000000000000000000e+00
4.304999999999999716e+00 0.000000000000000000e+00
4.309999999999999609e+00 0.000000000000000000e+00
4.315000000000000391e+00 0.000000000000000000e+00
4.320000000000000284e+00 0.000000000000000000e+00
4.325000000000000178e+00 0.000000000000000000e+00
4.330000000000000071e+00 0.000000000000000000e+00
4.334999999999999964e+00 0.000000000000000000e+00
4.339999999999999858e+00 0.000000000000000000e+00
4.344999999999999751e+00 0.000000000000000000e+00
4.349999999999999645e+00 0.000000000000000000e+00
4.355000000000000426e+00 0.000000000000000000e+00
4.360000000000000320e+00 0.000000000000000000e+00
4.365000000000000213e+00 0.000000000000000000e+00
4.370000000000000107e+00 0.000000000000000000e+00
4.375000000000000000e+00 0.000000000000000000e+00
4.379999999999999893e+00 0.000000000000000000e+00
4.384999999999999787e+00 0.000000000000000000e+00
4.389999999999999680e+00 0.000000000000000000e+00
4.394999999999999574e+00 0.000000000000000000e+00
4.400000000000000355e+00 0.000000000000000000e+00
4.405000000000000249e+00 0.000000000000000000e+00
4.410000000000000142e+00 0.000000000000000000e+00
4.415000000000000036e+00 0.000000000000000000e+00
4.419999999999999929e+00 0.000000000000000000e+00
4.424999999999999822e+00 0.000000000000000000e+00
4.429999999999999716e+00 0.000000000000000000e+00
4.434999999999999609e+00 0.000000000000000000e+00
4.440000000000000391e+00 0.000000000000000000e+00
4.445000000000000284e+00 0.000000000000000000e+00
4.450000000000000178e+00 0.000000000000000000e+00
4.455000000000000071e+00 0.000000000000000000e+00
4.459999999999999964e+00 0.000000000000000000e+00
4.464999999999999858e+00 0.000000000000000000e+00
4.469999999999999751e+00 0.000000000000000000e+00
4.474999999999999645e+00 0.000000000000000000e+00
4.480000000000000426e+00 0.000000000000000000e+00
4.485000000000000320e+00 0.000000000000000000e+00
4.490000000000000213e+00 0.000000000000000000e+00
4.495000000000000107e+00 0.000000000000000000e+00
4.500000000000000000e+00 0.000000000000000000e+00
4.504999999999999893e+00 0.000000000000000000e+00
4.509999999999999787e+00 0.000000000000000000e+00
4.514999999999999680e+00 0.000000000000000000e+00
4.519999999999999574e+00 0.000000000000000000e+00
4.525000000000000355e+00 0.000000000000000000e+00
4.530000000000000249e+00 0.000000000000000000e+00
4.535000000000000142e+00 0.000000000000000000e+00
4.540000000000000036e+00 0.000000000000000000e+00
4.544999999999999929e+00 0.000000000000000000e+00
4.549999999999999822e+00 0.000000000000000000e+00
4.554999999999999716e+00 0.000000000000000000e+00
4.559999999999999609e+00 0.000000000000000000e+00
4.565000000000000391e+00 0.000000000000000000e+00
4.570000000000000284e+00 0.000000000000000000e+00
4.575000000000000178e+00 0.000000000000000000e+00
4.580000000000000071e+00 0.000000000000000000e+00
4.584999999999999964e+00 0.000000000000000000e+00
4.589999999999999858e+00 0.000000000000000000e+00
4.594999999999999751e+00 0.000000000000000000e+00
4.599999999999999645e+00 0.000000000000000000e+00
4.605000000000000426e+00 0.000000000000000000e+00
4.610000000000000320e+00 0.000000000000000000e+00
4.615000000000000213e+00 0.000000000000000000e+00
4.620000000000000107e+00 0.000000000000000000e+00
4.625000000000000000e+00 0.000000000000000000e+00
4.629999999999999893e+00 0.000000000000000000e+00
4.634999999999999787e+00 0.000000000000000000e+00
4.639999999999999680e+00 0.000000000000000000e+00
4.644999999999999574e+00 0.000000000000000000e+00
4.650000000000000355e+00 0.000000000000000000e+00
4.655000000000000249e+00 0.000000000000000000e+00
4.660000000000000142e+00 0.000000000000000000e+00
4.665000000000000036e+00 0.000000000000000000e+00
4.669999999999999929e+00 0.000000000000000000e+00
4.674999999999999822e+00 0.000000000000000000e+00
4.679999999999999716e+00 0.000000000000000000e+00
4.684999999999999609e+00 0.000000000000000000e+00
4.690000000000000391e+00 0.000000000000000000e+00
4.695000000000000284e+00 0.000000000000000000e+00
4.700000000000000178e+00 0.000000000000000000e+00
4.705000000000000071e+00 0.000000000000000000e+00
4.709999999999999964e+00 0.000000000000000000e+00
4.714999999999999858e+00 0.000000000000000000e+00
4.719999999999999751e+00 0.000000000000000000e+00
4.724999999999999645e+00 0.000000000000000000e+00
4.730000000000000426e+00 0.000000000000000000e+00
4.735000000000000320e+00 0.000000000000000000e+00
4.740000000000000213e+00 0.000000000000000000e+00
4.745000000000000107e+00 0.000000000000000000e+00
4.750000000000000000e+00 0.000000000000000000e+00
4.754999999999999893e+00 0.000000000000000000e+00
4.759999999999999787e+00 0.000000000000000000e+00
4.764999999999999680e+00 0.000000000000000000e+00
4.769999999999999574e+00 0.000000000000000000e+00
4.775000000000000355e+00 0.000000000000000000e+00
4.780000000000000249e+00 0.000000000000000000e+00
4.785000000000000142e+00 0.000000000000000000e+00
4.790000000000000036e+00 0.000000000000000000e+00
4.794999999999999929e+00 0.000000000000000000e+00
4.799999999999999822e+00 0.000000000000000000e+00
4.804999999999999716e+00 0.000000000000000000e+00
4.809999999999999609e+00 0.000000000000000000e+00
4.815000000000000391e+00 0.000000000000000000e+00
4.820000000000000284e+00 0.000000000000000000e+00
4.825000000000000178e+00 0.000000000000000000e+00
4.830000000000000071e+00 0.000000000000000000e+00
4.834999999999999964e+00 0.000000000000000000e+00
4.839999999999999858e+00 0.000000000000000000e+00
4.844999999999999751e+00 0.000000000000000000e+00
4.849999999999999645e+00 0.000000000000000000e+00
4.855000000000000426e+00 0.000000000000000000e+00
4.860000000000000320e+00 0.000000000000000000e+00
4.865000000000000213e+00 0.000000000000000000e+00
4.870000000000000107e+00 0.000000000000000000e+00
4.875000000000000000e+00 0.000000000000000000e+00
4.879999999999999893e+00 0.000000000000000000e+00
4.884999999999999787e+00 0.000000000000000000e+00
4.889999999999999680e+00 0.000000000000000000e+00
4.894999999999999574e+00 0.000000000000000000e+00
4.900000000000000355e+00 0.000000000000000000e+00
4.905000000000000249e+00 0.000000000000000000e+00
4.910000000000000142e+00 0.000000000000000000e+00
4.915000000000000036e+00 0.000000000000000000e+00
4.919999999999999929e+00 0.000000000000000000e+00
4.924999999999999822e+00 0.000000000000000000e+00
4.929999999999999716e+00 0.000000000000000000e+00
4.934999999999999609e+00 0.000000000000000000e+00
4.940000000000000391e+00 0.000000000000000000e+00
4.945000000000000284e+00 0.000000000000000000e+00
4.950000000000000178e+00 0.000000000000000000e+00
4.955000000000000071e+00 0.000000000000000000e+00
4.959999999999999964e+00 0.000000000000000000e+00
4.964999999999999858e+00 0.000000000000000000e+00
4.969999999999999751e+00 0.000000000000000000e+00
4.974999999999999645e+00 0.000000000000000000e+00
4.980000000000000426e+00 0.000000000000000000e+00
4.985000000000000320e+00 0.000000000000000000e+00
4.990000000000000213e+00 0.000000000000000000e+00
4.995000000000000107e+00 0.000000000000000000e+00
5.000000000000000000e+00 0.000000000000000000e+00
5.004999999999999893e+00 0.000000000000000000e+00
5.009999999999999787e+00 0.000000000000000000e+00
5.014999999999999680e+00 0.000000000000000000e+00
5.019999999999999574e+00 0.000000000000000000e+00
5.025000000000000355e+00 0.000000000000000000e+00
5.030000000000000249e+00 0.000000000000000000e+00
5.035000000000000142e+00 0.000000000000000000e+00
5.040000000000000036e+00 0.000000000000000000e+00
5.044999999999999929e+00 0.000000000000000000e+00
5.049999999999999822e+00 0.000000000000000000e+00
5.054999999999999716e+00 0.000000000000000000e+00
5.059999999999999609e+00 0.000000000000000000e+00
5.065000000000000391e+00 0.000000000000000000e+00
5.070000000000000284e+00 0.000000000000000000e+00
5.075000000000000178e+00 0.000000000000000000e+00
5.080000000000000071e+00 0.000000000000000000e+00
5.084999999999999964e+00 0.000000000000000000e+00
5.089999999999999858e+00 0.000000000000000000e+00
5.094999999999999751e+00 0.000000000000000000e+00
5.099999999999999645e+00 0.000000000000000000e+00
5.105000000000000426e+00 0.000000000000000000e+00
5.110000000000000320e+00 0.000000000000000000e+00
5.115000000000000213e+00 0.000000000000000000e+00
5.120000000000000107e+00 0.000000000000000000e+00
5.125000000000000000e+00 0.000000000000000000e+00
5.129999999999999893e+00 0.000000000000000000e+00
5.134999999999999787e+00 0.000000000000000000e+00
5.139999999999999680e+00 0.000000000000000000e+00
5.144999999999999574e+00 0.000000000000000000e+00
5.150000000000000355e+00 0.000000000000000000e+00
5.155000000000000249e+00 0.000000000000000000e+00
5.160000000000000142e+00 0.000000000000000000e+00
5.165000000000000036e+00 0.000000000000000000e+00
5.169999999999999929e+00 0.000000000000000000e+00
5.174999999999999822e+00 0.000000000000000000e+00
5.179999999999999716e+00 0.000000000000000000e+00
5.184999999999999609e+00 0.000000000000000000e+00
5.190000000000000391e+00 0.000000000000000000e+00
5.195000000000000284e+00 0.000000000000000000e+00
5.200000000000000178e+00 0.000000000000000000e+00
5.205000000000000071e+00 0.000000000000000000e+00
5.209999999999999964e+00 0.000000000000000000e+00
5.214999999999999858e+00 0.000000000000000000e+00
5.219999999999999751e+00 0.000000000000000000e+00
5.224999999999999645e+00 0.000000000000000000e+00
5.230000000000000426e+00 0.000000000000000000e+00
5.235000000000000320e+00 0.000000000000000000e+00
5.240000000000000213e+00 0.000000000000000000e+00
5.245000000000000107e+00 0.000000000000000000e+00
5.250000000000000000e+00 0.000000000000000000e+00
5.254999999999999893e+00 0.000000000000000000e+00
5.259999999999999787e+00 0.000000000000000000e+00
5.264999999999999680e+00 0.000000000000000000e+00
5.269999999999999574e+00 0.000000000000000000e+00
5.275000000000000355e+00 0.000000000000000000e+00
5.280000000000000249e+00 0.000000000000000000e+00
5.285000000000000142e+00 0.000000000000000000e+00
5.290000000000000036e+00 0.000000000000000000e+00
5.294999999999999929e+00 0.000000000000000000e+00
5.299999999999999822e+00 0.000000000000000000e+00
