1.000000000000000000e+00 1.880000000000000120e-21
1.004999999999999893e+00 3.479999999999999972e-20
1.010000000000000009e+00 6.809999999999999778e-19
1.014999999999999902e+00 1.030000000000000066e-17
1.020000000000000018e+00 1.769999999999999919e-16
1.024999999999999911e+00 2.580000000000000114e-15
1.030000000000000027e+00 4.530000000000000640e-14
1.034999999999999920e+00 6.710000000000000691e-13
1.040000000000000036e+00 1.110000000000000077e-11
1.044999999999999929e+00 1.480000000000000059e-10
1.050000000000000044e+00 2.010000000000000297e-09
1.054999999999999938e+00 1.710000000000000092e-08
1.060000000000000053e+00 1.149999999999999974e-07
1.064999999999999947e+00 3.870000000000000111e-07
1.070000000000000062e+00 1.080000000000000036e-06
1.074999999999999956e+00 3.189999999999999951e-06
1.080000000000000071e+00 9.140000000000000582e-06
1.084999999999999964e+00 1.280000000000000111e-05
1.090000000000000080e+00 1.800000000000000046e-05
1.094999999999999973e+00 2.900000000000000017e-05
1.100000000000000089e+00 4.640000000000000298e-05
1.104999999999999982e+00 7.000000000000000742e-05
1.110000000000000098e+00 1.200000000000000030e-04
1.114999999999999991e+00 2.000000000000000096e-04
1.120000000000000107e+00 3.200000000000000262e-04
1.125000000000000000e+00 4.499999999999999877e-04
1.129999999999999893e+00 5.199999999999999544e-04
1.135000000000000009e+00 5.000000000000000104e-04
1.139999999999999902e+00 4.399999999999999615e-04
1.145000000000000018e+00 4.100000000000000454e-04
1.149999999999999911e+00 3.800000000000000209e-04
1.155000000000000027e+00 3.800000000000000209e-04
1.159999999999999920e+00 3.899999999999999929e-04
1.165000000000000036e+00 4.499999999999999877e-04
1.169999999999999929e+00 5.500000000000000331e-04
1.175000000000000044e+00 7.299999999999999632e-04
1.179999999999999938e+00 1.029999999999999883e-03
1.185000000000000053e+00 1.390000000000000176e-03
1.189999999999999947e+00 1.580000000000000024e-03
1.195000000000000062e+00 1.130000000000000145e-03
1.199999999999999956e+00 6.300000000000000261e-04
1.205000000000000071e+00 3.599999999999999685e-04
1.209999999999999964e+00 2.199999999999999807e-04
1.215000000000000080e+00 1.400000000000000148e-04
1.219999999999999973e+00 1.000000000000000048e-04
1.225000000000000089e+00 7.000000000000000742e-05
1.229999999999999982e+00 4.539999999999999900e-05
1.235000000000000098e+00 2.939999999999999973e-05
1.239999999999999991e+00 1.889999999999999862e-05
1.245000000000000107e+00 1.260000000000000134e-05
1.250000000000000000e+00 9.039999999999999845e-06
1.254999999999999893e+00 7.119999999999999593e-06
1.260000000000000009e+00 6.040000000000000616e-06
1.264999999999999902e+00 5.390000000000000063e-06
1.270000000000000018e+00 4.899999999999999672e-06
1.274999999999999911e+00 4.449999999999999746e-06
1.280000000000000027e+00 3.989999999999999915e-06
1.284999999999999920e+00 3.559999999999999797e-06
1.290000000000000036e+00 3.189999999999999951e-06
1.294999999999999929e+00 2.870000000000000050e-06
1.300000000000000044e+00 2.590000000000000190e-06
1.304999999999999938e+00 2.330000000000000138e-06
1.310000000000000053e+00 2.100000000000000223e-06
1.314999999999999947e+00 1.890000000000000116e-06
1.320000000000000062e+00 1.710000000000000145e-06
1.324999999999999956e+00 1.549999999999999983e-06
1.330000000000000071e+00 1.410000000000000053e-06
1.334999999999999964e+00 1.280000000000000027e-06
1.340000000000000080e+00 1.170000000000000021e-06
1.344999999999999973e+00 1.069999999999999920e-06
1.350000000000000089e+00 9.789999999999998593e-07
1.354999999999999982e+00 8.990000000000000959e-07
1.360000000000000098e+00 8.299999999999999942e-07
1.364999999999999991e+00 7.689999999999999641e-07
1.370000000000000107e+00 7.150000000000000365e-07
1.375000000000000000e+00 6.660000000000000609e-07
1.379999999999999893e+00 6.199999999999999931e-07
1.385000000000000009e+00 5.759999999999999697e-07
1.389999999999999902e+00 5.370000000000000043e-07
1.395000000000000018e+00 5.029999999999999910e-07
1.399999999999999911e+00 4.750000000000000579e-07
1.405000000000000027e+00 4.500000000000000326e-07
1.409999999999999920e+00 4.269999999999999987e-07
1.415000000000000036e+00 4.060000000000000092e-07
1.419999999999999929e+00 3.850000000000000196e-07
1.425000000000000044e+00 3.660000000000000216e-07
1.429999999999999938e+00 3.510000000000000064e-07
1.435000000000000053e+00 3.380000000000000355e-07
1.439999999999999947e+00 3.289999999999999946e-07
1.445000000000000062e+00 3.200000000000000067e-07
1.449999999999999956e+00 3.099999999999999966e-07
1.455000000000000071e+00 3.000000000000000394e-07
1.459999999999999964e+00 2.900000000000000292e-07
1.465000000000000080e+00 2.809999999999999883e-07
1.469999999999999973e+00 2.759999999999999833e-07
1.475000000000000089e+00 2.720000000000000004e-07
1.479999999999999982e+00 2.689999999999999868e-07
1.485000000000000098e+00 2.640000000000000346e-07
1.489999999999999991e+00 2.560000000000000159e-07
1.495000000000000107e+00 2.460000000000000058e-07
1.500000000000000000e+00 2.370000000000000179e-07
1.504999999999999893e+00 2.290000000000000256e-07
1.510000000000000009e+00 2.209999999999999805e-07
1.514999999999999902e+00 2.090000000000000054e-07
1.520000000000000018e+00 1.879999999999999894e-07
1.524999999999999911e+00 1.609999999999999991e-07
1.530000000000000027e+00 1.280000000000000080e-07
1.534999999999999920e+00 9.369999999999999862e-08
1.540000000000000036e+00 6.109999999999999787e-08
1.544999999999999929e+00 3.550000000000000025e-08
1.550000000000000044e+00 1.909999999999999898e-08
1.554999999999999938e+00 9.669999999999999901e-09
1.560000000000000053e+00 5.090000000000000414e-09
1.564999999999999947e+00 2.910000000000000084e-09
1.570000000000000062e+00 1.819999999999999919e-09
1.574999999999999956e+00 1.240000000000000061e-09
1.580000000000000071e+00 9.290000000000001007e-10
1.584999999999999964e+00 7.519999999999999881e-10
1.590000000000000080e+00 6.570000000000000060e-10
1.594999999999999973e+00 6.180000000000000372e-10
1.600000000000000089e+00 6.229999999999999166e-10
1.604999999999999982e+00 5.860000000000000444e-10
1.610000000000000098e+00 5.689999999999999997e-10
1.614999999999999991e+00 5.699999999999999962e-10
1.620000000000000107e+00 5.890000000000000340e-10
1.625000000000000000e+00 6.260000000000000096e-10
1.629999999999999893e+00 6.850000000000000127e-10
1.635000000000000009e+00 7.700000000000000293e-10
1.639999999999999902e+00 8.889999999999999286e-10
1.645000000000000018e+00 1.050000000000000096e-09
1.649999999999999911e+00 1.280000000000000129e-09
1.655000000000000027e+00 1.600000000000000058e-09
1.659999999999999920e+00 2.039999999999999986e-09
1.665000000000000036e+00 2.680000000000000258e-09
1.669999999999999929e+00 3.599999999999999976e-09
1.675000000000000044e+00 4.990000000000000346e-09
1.679999999999999938e+00 7.109999999999999643e-09
1.685000000000000053e+00 1.040000000000000048e-08
1.689999999999999947e+00 1.579999999999999921e-08
1.695000000000000062e+00 2.460000000000000190e-08
1.699999999999999956e+00 3.979999999999999905e-08
1.705000000000000071e+00 6.250000000000001041e-08
1.709999999999999964e+00 1.010000000000000044e-07
1.715000000000000080e+00 1.709999999999999827e-07
1.719999999999999973e+00 2.989999999999999642e-07
1.725000000000000089e+00 5.420000000000000623e-07
1.729999999999999982e+00 1.019999999999999975e-06
1.735000000000000098e+00 1.980000000000000101e-06
1.739999999999999991e+00 3.819999999999999848e-06
1.745000000000000107e+00 6.960000000000000278e-06
1.750000000000000000e+00 1.119999999999999949e-05
1.754999999999999893e+00 1.550000000000000068e-05
1.760000000000000009e+00 1.920000000000000252e-05
1.764999999999999902e+00 2.269999999999999950e-05
1.770000000000000018e+00 2.690000000000000334e-05
1.774999999999999911e+00 3.419999999999999782e-05
1.780000000000000027e+00 4.490000000000000040e-05
1.784999999999999920e+00 6.000000000000000152e-05
1.790000000000000036e+00 8.000000000000000654e-05
1.794999999999999929e+00 1.000000000000000048e-04
1.800000000000000044e+00 1.200000000000000030e-04
1.804999999999999938e+00 1.400000000000000148e-04
1.810000000000000053e+00 1.600000000000000131e-04
1.814999999999999947e+00 1.900000000000000105e-04
1.820000000000000062e+00 2.300000000000000070e-04
1.824999999999999956e+00 2.800000000000000297e-04
1.830000000000000071e+00 3.500000000000000507e-04
1.834999999999999964e+00 4.299999999999999894e-04
1.840000000000000080e+00 5.199999999999999544e-04
1.844999999999999973e+00 6.599999999999999964e-04
1.850000000000000089e+00 8.300000000000000086e-04
1.854999999999999982e+00 1.000000000000000021e-03
1.860000000000000098e+00 1.209999999999999921e-03
1.864999999999999991e+00 1.429999999999999848e-03
1.870000000000000107e+00 1.710000000000000148e-03
1.875000000000000000e+00 2.030000000000000120e-03
1.879999999999999893e+00 2.409999999999999816e-03
1.885000000000000009e+00 2.899999999999999800e-03
1.889999999999999902e+00 3.490000000000000047e-03
1.895000000000000018e+00 4.219999999999999793e-03
1.899999999999999911e+00 5.100000000000000366e-03
1.905000000000000027e+00 6.159999999999999677e-03
1.909999999999999920e+00 7.440000000000000432e-03
1.915000000000000036e+00 9.029999999999999832e-03
1.919999999999999929e+00 1.098000000000000191e-02
1.925000000000000044e+00 1.336000000000000035e-02
1.929999999999999938e+00 1.633000000000000076e-02
1.935000000000000053e+00 1.977000000000000285e-02
1.939999999999999947e+00 2.407000000000000112e-02
1.945000000000000062e+00 3.013000000000000053e-02
1.949999999999999956e+00 3.794000000000000150e-02
1.955000000000000071e+00 4.748999999999999749e-02
1.959999999999999964e+00 5.968000000000000388e-02
1.965000000000000080e+00 7.618999999999999384e-02
1.969999999999999973e+00 9.726000000000001311e-02
1.975000000000000089e+00 1.237400000000000028e-01
1.979999999999999982e+00 1.565700000000000147e-01
1.985000000000000098e+00 1.921999999999999820e-01
1.989999999999999991e+00 2.330600000000000172e-01
1.995000000000000107e+00 2.855800000000000005e-01
2.000000000000000000e+00 3.449099999999999944e-01
2.004999999999999893e+00 4.051500000000000101e-01
2.009999999999999787e+00 4.684499999999999775e-01
2.015000000000000124e+00 5.349099999999999966e-01
2.020000000000000018e+00 6.007099999999999662e-01
2.024999999999999911e+00 6.558400000000000896e-01
2.029999999999999805e+00 7.029300000000000548e-01
2.035000000000000142e+00 7.456800000000000095e-01
2.040000000000000036e+00 7.762300000000000866e-01
2.044999999999999929e+00 7.941400000000000681e-01
2.049999999999999822e+00 8.014299999999999757e-01
2.055000000000000160e+00 8.051600000000000978e-01
2.060000000000000053e+00 8.046500000000000874e-01
2.064999999999999947e+00 7.922500000000000098e-01
2.069999999999999840e+00 7.820900000000000629e-01
2.075000000000000178e+00 7.833299999999999708e-01
2.080000000000000071e+00 7.884700000000000042e-01
2.084999999999999964e+00 7.969400000000000928e-01
2.089999999999999858e+00 8.085599999999999454e-01
2.095000000000000195e+00 8.180399999999999894e-01
2.100000000000000089e+00 8.277700000000000058e-01
2.104999999999999982e+00 8.312000000000000499e-01
2.109999999999999876e+00 8.319900000000000073e-01
2.115000000000000213e+00 8.493100000000000094e-01
2.120000000000000107e+00 8.631699999999999928e-01
2.125000000000000000e+00 8.522499999999999520e-01
2.129999999999999893e+00 8.399400000000000199e-01
2.134999999999999787e+00 8.301600000000001200e-01
2.140000000000000124e+00 8.215500000000000025e-01
2.145000000000000018e+00 8.255100000000000771e-01
2.149999999999999911e+00 8.320999999999999508e-01
2.154999999999999805e+00 8.361000000000000654e-01
2.160000000000000142e+00 8.428600000000000536e-01
2.165000000000000036e+00 8.489100000000000534e-01
2.169999999999999929e+00 8.560100000000000486e-01
2.174999999999999822e+00 8.660500000000000975e-01
2.180000000000000160e+00 8.745600000000000041e-01
2.185000000000000053e+00 8.793999999999999595e-01
2.189999999999999947e+00 8.806800000000000184e-01
2.194999999999999840e+00 8.681399999999999118e-01
2.200000000000000178e+00 8.526000000000000245e-01
2.205000000000000071e+00 8.598999999999999977e-01
2.209999999999999964e+00 8.654900000000000926e-01
2.214999999999999858e+00 8.521999999999999575e-01
2.220000000000000195e+00 8.404500000000000304e-01
2.225000000000000089e+00 8.366100000000000758e-01
2.229999999999999982e+00 8.359199999999999964e-01
2.234999999999999876e+00 8.415900000000000603e-01
2.240000000000000213e+00 8.510400000000000187e-01
2.245000000000000107e+00 8.578900000000000414e-01
2.250000000000000000e+00 8.676000000000000378e-01
2.254999999999999893e+00 8.768600000000000838e-01
2.259999999999999787e+00 8.866899999999999782e-01
2.265000000000000124e+00 9.018200000000000660e-01
2.270000000000000018e+00 9.149200000000000665e-01
2.274999999999999911e+00 9.199700000000000655e-01
2.279999999999999805e+00 9.208199999999999719e-01
2.285000000000000142e+00 9.367400000000001281e-01
2.290000000000000036e+00 9.482800000000000118e-01
2.294999999999999929e+00 9.390699999999999603e-01
2.299999999999999822e+00 9.276099999999999346e-01
2.305000000000000160e+00 9.153400000000000425e-01
2.310000000000000053e+00 9.036199999999999788e-01
2.314999999999999947e+00 8.912300000000000777e-01
2.319999999999999840e+00 8.815699999999999648e-01
2.325000000000000178e+00 8.779300000000000992e-01
2.330000000000000071e+00 8.778299999999999992e-01
2.334999999999999964e+00 8.806300000000000239e-01
2.339999999999999858e+00 8.868000000000000327e-01
2.345000000000000195e+00 9.034499999999999753e-01
2.350000000000000089e+00 9.226400000000000157e-01
2.354999999999999982e+00 9.295700000000000074e-01
2.359999999999999876e+00 9.362900000000000666e-01
2.365000000000000213e+00 9.495300000000000962e-01
2.370000000000000107e+00 9.604500000000000259e-01
2.375000000000000000e+00 9.687799999999999745e-01
2.379999999999999893e+00 9.730699999999999905e-01
2.384999999999999787e+00 9.698200000000000154e-01
2.390000000000000124e+00 9.625400000000000622e-01
2.395000000000000018e+00 9.493300000000001182e-01
2.399999999999999911e+00 9.339300000000000379e-01
2.404999999999999805e+00 9.202200000000000379e-01
2.410000000000000142e+00 9.064300000000000690e-01
2.415000000000000036e+00 8.935800000000000409e-01
2.419999999999999929e+00 8.825000000000000622e-01
2.424999999999999822e+00 8.738299999999999956e-01
2.430000000000000160e+00 8.679900000000000393e-01
2.435000000000000053e+00 8.651999999999999691e-01
2.439999999999999947e+00 8.654900000000000926e-01
2.444999999999999840e+00 8.687099999999999822e-01
2.450000000000000178e+00 8.745600000000000041e-01
2.455000000000000071e+00 8.825899999999999856e-01
2.459999999999999964e+00 8.921999999999999931e-01
2.464999999999999858e+00 9.026699999999999724e-01
2.470000000000000195e+00 9.131999999999999007e-01
2.475000000000000089e+00 9.229800000000000226e-01
2.479999999999999982e+00 9.312200000000000477e-01
2.484999999999999876e+00 9.372599999999999820e-01
2.490000000000000213e+00 9.406399999999999206e-01
2.495000000000000107e+00 9.411400000000000876e-01
2.500000000000000000e+00 9.387999999999999678e-01
2.504999999999999893e+00 9.337400000000000144e-01
2.509999999999999787e+00 9.266800000000000592e-01
2.515000000000000124e+00 9.182599999999999651e-01
2.520000000000000018e+00 9.091800000000000992e-01
2.524999999999999911e+00 9.001200000000000312e-01
2.529999999999999805e+00 8.917100000000001137e-01
2.535000000000000142e+00 8.844799999999999329e-01
2.540000000000000036e+00 8.788400000000000656e-01
2.544999999999999929e+00 8.751099999999999435e-01
2.549999999999999822e+00 8.734399999999999942e-01
2.555000000000000160e+00 8.739200000000000301e-01
2.560000000000000053e+00 8.765100000000000113e-01
2.564999999999999947e+00 8.810400000000000453e-01
2.569999999999999840e+00 8.873000000000000886e-01
2.575000000000000178e+00 8.949599999999999778e-01
2.580000000000000071e+00 9.036199999999999788e-01
2.584999999999999964e+00 9.128300000000000303e-01
2.589999999999999858e+00 9.220999999999999197e-01
2.595000000000000195e+00 9.309199999999999697e-01
2.600000000000000089e+00 9.388200000000000989e-01
2.604999999999999982e+00 9.455400000000000471e-01
2.609999999999999876e+00 9.504900000000000571e-01
2.615000000000000213e+00 9.534399999999999542e-01
2.620000000000000107e+00 9.543099999999999916e-01
2.625000000000000000e+00 9.531900000000000928e-01
2.629999999999999893e+00 9.503100000000000991e-01
2.634999999999999787e+00 9.459999999999999520e-01
2.640000000000000124e+00 9.406799999999999606e-01
2.645000000000000018e+00 9.348000000000000753e-01
2.649999999999999911e+00 9.287999999999999590e-01
2.654999999999999805e+00 9.232500000000000151e-01
2.660000000000000142e+00 9.184000000000001052e-01
2.665000000000000036e+00 9.144199999999998996e-01
2.669999999999999929e+00 9.114799999999999569e-01
2.674999999999999822e+00 9.096999999999999531e-01
2.680000000000000160e+00 9.091400000000000592e-01
2.685000000000000053e+00 9.097799999999999221e-01
2.689999999999999947e+00 9.115600000000000369e-01
2.694999999999999840e+00 9.143400000000000416e-01
2.700000000000000178e+00 9.179800000000000182e-01
2.705000000000000071e+00 9.222700000000000342e-01
2.709999999999999964e+00 9.269700000000000717e-01
2.714999999999999858e+00 9.318600000000001327e-01
2.720000000000000195e+00 9.366700000000000026e-01
2.725000000000000089e+00 9.411899999999999711e-01
2.729999999999999982e+00 9.451900000000000857e-01
2.734999999999999876e+00 9.485000000000000098e-01
2.740000000000000213e+00 9.509900000000000020e-01
2.745000000000000107e+00 9.525700000000000278e-01
2.750000000000000000e+00 9.532299999999999107e-01
2.754999999999999893e+00 9.529900000000001148e-01
2.759999999999999787e+00 9.519199999999999884e-01
2.765000000000000124e+00 9.501300000000000301e-01
2.770000000000000018e+00 9.477800000000000669e-01
2.774999999999999911e+00 9.450100000000000167e-01
2.779999999999999805e+00 9.420000000000000595e-01
2.785000000000000142e+00 9.389100000000000223e-01
2.790000000000000036e+00 9.358899999999999997e-01
2.794999999999999929e+00 9.330700000000000660e-01
2.799999999999999822e+00 9.305599999999999428e-01
2.805000000000000160e+00 9.284300000000000885e-01
2.810000000000000053e+00 9.267400000000001192e-01
2.814999999999999947e+00 9.254999999999999893e-01
2.819999999999999840e+00 9.247300000000000519e-01
2.825000000000000178e+00 9.243899999999999340e-01
2.830000000000000071e+00 9.244299999999999740e-01
2.834999999999999964e+00 9.247900000000000009e-01
2.839999999999999858e+00 9.254000000000001114e-01
2.845000000000000195e+00 9.261700000000000488e-01
2.850000000000000089e+00 9.270300000000000207e-01
2.854999999999999982e+00 9.279300000000000326e-01
2.859999999999999876e+00 9.287600000000000300e-01
2.865000000000000213e+00 9.294400000000000439e-01
2.870000000000000107e+00 9.299399999999999888e-01
2.875000000000000000e+00 9.302300000000000013e-01
2.879999999999999893e+00 9.302899999999999503e-01
2.884999999999999787e+00 9.301500000000000323e-01
2.890000000000000124e+00 9.298300000000000454e-01
2.895000000000000018e+00 9.293600000000000749e-01
2.899999999999999911e+00 9.287999999999999590e-01
2.904999999999999805e+00 9.281999999999999140e-01
2.910000000000000142e+00 9.276300000000000656e-01
2.915000000000000036e+00 9.271300000000000097e-01
2.919999999999999929e+00 9.267700000000000937e-01
2.924999999999999822e+00 9.265800000000000702e-01
2.930000000000000160e+00 9.266200000000001102e-01
2.935000000000000053e+00 9.268899999999999917e-01
2.939999999999999947e+00 9.274100000000000676e-01
2.944999999999999840e+00 9.281699999999999395e-01
2.950000000000000178e+00 9.291500000000000314e-01
2.955000000000000071e+00 9.303200000000000358e-01
2.959999999999999964e+00 9.316299999999999581e-01
2.964999999999999858e+00 9.330300000000000260e-01
2.970000000000000195e+00 9.344500000000000028e-01
2.975000000000000089e+00 9.358199999999999852e-01
2.979999999999999982e+00 9.370699999999999585e-01
2.984999999999999876e+00 9.381399999999999739e-01
2.990000000000000213e+00 9.389499999999999513e-01
2.995000000000000107e+00 9.394599999999999618e-01
3.000000000000000000e+00 9.396299999999999653e-01
3.004999999999999893e+00 9.394199999999999218e-01
3.009999999999999787e+00 9.388299999999999423e-01
3.015000000000000124e+00 9.378600000000000270e-01
3.020000000000000018e+00 9.365399999999999281e-01
3.024999999999999911e+00 9.349100000000000188e-01
3.029999999999999805e+00 9.330200000000000715e-01
3.035000000000000142e+00 9.309399999999999897e-01
3.040000000000000036e+00 9.287400000000000100e-01
3.044999999999999929e+00 9.265099999999999447e-01
3.049999999999999822e+00 9.243399999999999395e-01
3.055000000000000160e+00 9.223099999999999632e-01
3.060000000000000053e+00 9.204900000000000304e-01
3.064999999999999947e+00 9.189800000000000191e-01
3.069999999999999840e+00 9.178300000000000347e-01
3.075000000000000178e+00 9.171099999999999808e-01
3.080000000000000071e+00 9.168399999999999883e-01
3.084999999999999964e+00 9.170800000000000063e-01
3.089999999999999858e+00 9.178300000000000347e-01
3.095000000000000195e+00 9.190800000000000081e-01
3.100000000000000089e+00 9.208400000000001029e-01
3.104999999999999982e+00 9.230500000000000371e-01
3.109999999999999876e+00 9.256900000000000128e-01
3.115000000000000213e+00 9.286900000000000155e-01
3.120000000000000107e+00 9.319799999999999196e-01
3.125000000000000000e+00 9.354800000000000892e-01
3.129999999999999893e+00 9.390999999999999348e-01
3.134999999999999787e+00 9.427299999999999569e-01
3.140000000000000124e+00 9.462800000000000100e-01
3.145000000000000018e+00 9.496500000000001052e-01
3.149999999999999911e+00 9.527200000000001223e-01
3.154999999999999805e+00 9.554099999999999815e-01
3.160000000000000142e+00 9.576300000000000923e-01
3.165000000000000036e+00 9.593099999999999961e-01
3.169999999999999929e+00 9.604000000000000314e-01
3.174999999999999822e+00 9.608499999999999819e-01
3.180000000000000160e+00 9.606600000000000694e-01
3.185000000000000053e+00 9.598099999999999410e-01
3.189999999999999947e+00 9.583499999999999241e-01
3.194999999999999840e+00 9.563200000000000589e-01
3.200000000000000178e+00 9.537700000000000067e-01
3.205000000000000071e+00 9.507700000000000040e-01
3.209999999999999964e+00 9.474299999999999944e-01
3.214999999999999858e+00 9.438299999999999468e-01
3.220000000000000195e+00 9.400800000000000267e-01
3.225000000000000089e+00 9.362699999999999356e-01
3.229999999999999982e+00 9.325200000000000156e-01
3.234999999999999876e+00 9.289100000000001245e-01
3.240000000000000213e+00 9.255400000000000293e-01
3.245000000000000107e+00 9.224899999999999212e-01
3.250000000000000000e+00 9.198199999999999710e-01
3.254999999999999893e+00 9.176199999999999912e-01
3.259999999999999787e+00 9.159100000000000019e-01
3.265000000000000124e+00 9.147400000000001086e-01
3.270000000000000018e+00 9.141400000000000636e-01
3.274999999999999911e+00 9.141200000000000436e-01
3.279999999999999805e+00 9.146699999999999831e-01
3.285000000000000142e+00 9.157899999999999929e-01
3.290000000000000036e+00 9.174500000000000988e-01
3.294999999999999929e+00 9.196200000000001040e-01
3.299999999999999822e+00 9.222500000000000142e-01
3.305000000000000160e+00 9.252899999999999459e-01
3.310000000000000053e+00 9.286600000000000410e-01
3.314999999999999947e+00 9.323099999999999721e-01
3.319999999999999840e+00 9.361400000000000832e-01
3.325000000000000178e+00 9.400800000000000267e-01
3.330000000000000071e+00 9.440399999999999903e-01
3.334999999999999964e+00 9.479300000000000503e-01
3.339999999999999858e+00 9.516599999999999504e-01
3.345000000000000195e+00 9.551399999999999890e-01
3.350000000000000089e+00 9.583099999999999952e-01
3.354999999999999982e+00 9.610899999999999999e-01
3.359999999999999876e+00 9.634200000000000541e-01
3.365000000000000213e+00 9.652500000000000524e-01
3.370000000000000107e+00 9.665399999999999547e-01
3.375000000000000000e+00 9.672700000000000742e-01
3.379999999999999893e+00 9.674300000000000122e-01
3.384999999999999787e+00 9.670400000000000107e-01
3.390000000000000124e+00 9.661100000000000243e-01
3.395000000000000018e+00 9.646700000000000275e-01
3.399999999999999911e+00 9.627700000000000147e-01
3.404999999999999805e+00 9.604700000000000459e-01
3.410000000000000142e+00 9.578300000000000702e-01
3.415000000000000036e+00 9.549100000000000366e-01
3.419999999999999929e+00 9.517900000000000249e-01
3.424999999999999822e+00 9.485400000000000498e-01
3.430000000000000160e+00 9.452300000000000146e-01
3.435000000000000053e+00 9.419300000000000450e-01
3.439999999999999947e+00 9.387099999999999334e-01
3.444999999999999840e+00 9.356300000000000727e-01
3.450000000000000178e+00 9.327500000000000790e-01
3.455000000000000071e+00 9.301099999999999923e-01
3.459999999999999964e+00 9.277699999999999836e-01
3.464999999999999858e+00 9.257500000000000728e-01
3.470000000000000195e+00 9.240900000000000780e-01
3.475000000000000089e+00 9.228100000000001302e-01
3.479999999999999982e+00 9.219199999999999617e-01
3.484999999999999876e+00 9.214299999999999713e-01
3.490000000000000213e+00 9.213400000000000478e-01
3.495000000000000107e+00 9.216500000000000803e-01
3.500000000000000000e+00 9.223399999999999377e-01
3.504999999999999893e+00 9.234099999999999531e-01
3.509999999999999787e+00 9.248199999999999754e-01
3.515000000000000124e+00 9.265499999999999847e-01
3.520000000000000018e+00 9.285800000000000720e-01
3.524999999999999911e+00 9.308600000000000207e-01
3.529999999999999805e+00 9.333700000000000330e-01
3.535000000000000142e+00 9.360600000000000032e-01
3.540000000000000036e+00 9.388900000000000023e-01
3.544999999999999929e+00 9.418199999999999905e-01
3.549999999999999822e+00 9.448099999999999277e-01
3.555000000000000160e+00 9.478199999999999958e-01
3.560000000000000053e+00 9.507999999999999785e-01
3.564999999999999947e+00 9.537099999999999467e-01
3.569999999999999840e+00 9.565300000000001024e-01
3.575000000000000178e+00 9.592000000000000526e-01
3.580000000000000071e+00 9.617100000000000648e-01
3.584999999999999964e+00 9.640199999999999880e-01
3.589999999999999858e+00 9.661000000000000698e-01
3.595000000000000195e+00 9.679300000000000681e-01
3.600000000000000089e+00 9.695099999999999829e-01
3.604999999999999982e+00 9.708100000000000618e-01
3.609999999999999876e+00 9.718300000000000827e-01
3.615000000000000213e+00 9.725599999999999801e-01
3.620000000000000107e+00 9.730100000000000415e-01
3.625000000000000000e+00 9.731800000000000450e-01
3.629999999999999893e+00 9.730800000000000560e-01
3.634999999999999787e+00 9.727200000000000291e-01
3.640000000000000124e+00 9.721200000000000951e-01
3.645000000000000018e+00 9.712900000000000977e-01
3.649999999999999911e+00 9.702500000000000568e-01
3.654999999999999805e+00 9.690300000000000580e-01
3.660000000000000142e+00 9.676500000000000101e-01
3.665000000000000036e+00 9.661300000000000443e-01
3.669999999999999929e+00 9.644899999999999585e-01
3.674999999999999822e+00 9.627800000000000802e-01
3.680000000000000160e+00 9.609999999999999654e-01
3.685000000000000053e+00 9.591800000000000326e-01
3.689999999999999947e+00 9.573500000000000343e-01
3.694999999999999840e+00 9.555299999999999905e-01
3.700000000000000178e+00 9.537300000000000777e-01
3.705000000000000071e+00 9.519900000000000029e-01
3.709999999999999964e+00 9.503199999999999426e-01
3.714999999999999858e+00 9.487200000000000077e-01
3.720000000000000195e+00 9.472199999999999509e-01
3.725000000000000089e+00 9.458199999999999941e-01
3.729999999999999982e+00 9.445300000000000917e-01
3.734999999999999876e+00 9.433499999999999108e-01
3.740000000000000213e+00 9.422700000000000520e-01
3.745000000000000107e+00 9.413000000000000256e-01
3.750000000000000000e+00 9.404200000000000337e-01
3.754999999999999893e+00 9.396299999999999653e-01
3.759999999999999787e+00 9.389000000000000679e-01
3.765000000000000124e+00 9.382099999999999884e-01
3.770000000000000018e+00 9.375400000000000400e-01
3.774999999999999911e+00 9.368800000000000461e-01
3.779999999999999805e+00 9.361800000000000122e-01
3.785000000000000142e+00 9.354300000000000948e-01
3.790000000000000036e+00 9.345999999999999863e-01
3.794999999999999929e+00 9.336600000000000454e-01
3.799999999999999822e+00 9.325900000000000301e-01
3.805000000000000160e+00 9.313800000000000967e-01
3.810000000000000053e+00 9.300100000000001144e-01
3.814999999999999947e+00 9.284699999999999065e-01
3.819999999999999840e+00 9.267900000000000027e-01
3.825000000000000178e+00 9.249600000000000044e-01
3.830000000000000071e+00 9.230099999999999971e-01
3.834999999999999964e+00 9.209999999999999298e-01
3.839999999999999858e+00 9.189599999999999991e-01
3.845000000000000195e+00 9.169599999999999973e-01
3.850000000000000089e+00 9.150900000000000700e-01
3.854999999999999982e+00 9.134200000000000097e-01
3.859999999999999876e+00 9.120600000000000929e-01
3.865000000000000213e+00 9.111100000000000865e-01
3.870000000000000107e+00 9.106699999999999795e-01
3.875000000000000000e+00 9.108600000000000030e-01
3.879999999999999893e+00 9.117800000000000349e-01
3.884999999999999787e+00 9.134999999999999787e-01
3.890000000000000124e+00 9.160899999999999599e-01
3.895000000000000018e+00 9.195699999999999985e-01
3.899999999999999911e+00 9.239000000000000545e-01
3.904999999999999805e+00 9.289700000000000735e-01
3.910000000000000142e+00 9.345499999999999918e-01
3.915000000000000036e+00 9.402899999999999592e-01
3.919999999999999929e+00 9.456100000000000616e-01
3.924999999999999822e+00 9.497400000000000286e-01
3.930000000000000160e+00 9.516299999999999759e-01
3.935000000000000053e+00 9.499200000000000976e-01
3.939999999999999947e+00 9.430300000000000349e-01
3.944999999999999840e+00 9.292100000000000914e-01
3.950000000000000178e+00 9.067499999999999449e-01
3.955000000000000071e+00 8.743000000000000771e-01
3.959999999999999964e+00 8.312500000000000444e-01
3.964999999999999858e+00 7.779800000000000049e-01
3.970000000000000195e+00 7.160500000000000753e-01
3.975000000000000089e+00 6.480299999999999949e-01
3.979999999999999982e+00 5.770800000000000374e-01
3.984999999999999876e+00 5.064400000000000013e-01
3.990000000000000213e+00 4.388900000000000579e-01
3.995000000000000107e+00 3.764699999999999713e-01
4.000000000000000000e+00 3.204099999999999726e-01
4.004999999999999893e+00 2.711500000000000021e-01
4.009999999999999787e+00 2.286199999999999899e-01
4.014999999999999680e+00 1.923900000000000055e-01
4.019999999999999574e+00 1.617999999999999994e-01
4.025000000000000355e+00 1.361400000000000110e-01
4.030000000000000249e+00 1.146900000000000003e-01
4.035000000000000142e+00 9.680999999999999328e-02
4.040000000000000036e+00 8.191000000000001058e-02
4.044999999999999929e+00 6.948000000000000009e-02
4.049999999999999822e+00 5.910999999999999588e-02
4.054999999999999716e+00 5.043999999999999873e-02
4.059999999999999609e+00 4.317000000000000004e-02
4.065000000000000391e+00 3.706999999999999879e-02
4.070000000000000284e+00 3.193000000000000005e-02
4.075000000000000178e+00 2.758000000000000035e-02
4.080000000000000071e+00 2.390000000000000110e-02
4.084999999999999964e+00 2.077000000000000027e-02
4.089999999999999858e+00 1.811000000000000110e-02
4.094999999999999751e+00 1.583000000000000032e-02
4.099999999999999645e+00 1.387000000000000038e-02
4.105000000000000426e+00 1.219000000000000118e-02
4.110000000000000320e+00 1.074000000000000128e-02
4.115000000000000213e+00 9.490000000000000172e-03
4.120000000000000107e+00 8.399999999999999481e-03
4.125000000000000000e+00 7.460000000000000485e-03
4.129999999999999893e+00 6.640000000000000069e-03
4.134999999999999787e+00 5.919999999999999915e-03
4.139999999999999680e+00 5.290000000000000431e-03
4.144999999999999574e+00 4.740000000000000289e-03
4.150000000000000355e+00 4.259999999999999898e-03
4.155000000000000249e+00 3.830000000000000071e-03
4.160000000000000142e+00 3.449999999999999942e-03
4.165000000000000036e+00 3.109999999999999917e-03
4.169999999999999929e+00 2.819999999999999590e-03
4.174999999999999822e+00 2.550000000000000183e-03
4.179999999999999716e+00 2.320000000000000014e-03
4.184999999999999609e+00 2.109999999999999896e-03
4.190000000000000391e+00 1.920000000000000049e-03
4.195000000000000284e+00 1.749999999999999820e-03
4.200000000000000178e+00 1.600000000000000077e-03
4.205000000000000071e+00 1.459999999999999926e-03
4.209999999999999964e+00 1.340000000000000045e-03
4.214999999999999858e+00 1.229999999999999974e-03
4.219999999999999751e+00 1.130000000000000145e-03
4.224999999999999645e+00 1.039999999999999909e-03
4.230000000000000426e+00 9.600000000000000243e-04
4.235000000000000320e+00 8.899999999999999491e-04
4.240000000000000213e+00 8.200000000000000908e-04
4.245000000000000107e+00 7.600000000000000418e-04
4.250000000000000000e+00 7.000000000000001013e-04
4.254999999999999893e+00 6.500000000000000786e-04
4.259999999999999787e+00 6.099999999999999737e-04
4.264999999999999680e+00 5.600000000000000594e-04
4.269999999999999574e+00 5.199999999999999544e-04
4.275000000000000355e+00 4.899999999999999842e-04
4.280000000000000249e+00 4.600000000000000139e-04
4.285000000000000142e+00 4.299999999999999894e-04
4.290000000000000036e+00 4.000000000000000192e-04
4.294999999999999929e+00 3.699999999999999947e-04
4.299999999999999822e+00 3.500000000000000507e-04
4.304999999999999716e+00 3.299999999999999982e-04
4.309999999999999609e+00 3.099999999999999999e-04
4.315000000000000391e+00 2.900000000000000017e-04
4.320000000000000284e+00 2.700000000000000035e-04
4.325000000000000178e+00 2.599999999999999772e-04
4.330000000000000071e+00 2.400000000000000061e-04
4.334999999999999964e+00 2.300000000000000070e-04
4.339999999999999858e+00 2.199999999999999807e-04
4.344999999999999751e+00 2.000000000000000096e-04
4.349999999999999645e+00 1.900000000000000105e-04
4.355000000000000426e+00 1.799999999999999842e-04
4.360000000000000320e+00 1.700000000000000122e-04
4.365000000000000213e+00 1.600000000000000131e-04
4.370000000000000107e+00 1.600000000000000131e-04
4.375000000000000000e+00 1.499999999999999869e-04
4.379999999999999893e+00 1.400000000000000148e-04
4.384999999999999787e+00 1.299999999999999886e-04
4.389999999999999680e+00 1.299999999999999886e-04
4.394999999999999574e+00 1.200000000000000030e-04
4.400000000000000355e+00 1.200000000000000030e-04
4.405000000000000249e+00 1.099999999999999904e-04
4.410000000000000142e+00 1.099999999999999904e-04
4.415000000000000036e+00 1.000000000000000048e-04
4.419999999999999929e+00 1.000000000000000048e-04
4.424999999999999822e+00 8.999999999999999212e-05
4.429999999999999716e+00 8.999999999999999212e-05
4.434999999999999609e+00 8.999999999999999212e-05
4.440000000000000391e+00 8.000000000000000654e-05
4.445000000000000284e+00 8.000000000000000654e-05
4.450000000000000178e+00 8.000000000000000654e-05
4.455000000000000071e+00 7.000000000000000742e-05
4.459999999999999964e+00 7.000000000000000742e-05
4.464999999999999858e+00 7.000000000000000742e-05
4.469999999999999751e+00 7.000000000000000742e-05
4.474999999999999645e+00 6.000000000000000152e-05
4.480000000000000426e+00 6.000000000000000152e-05
4.485000000000000320e+00 6.000000000000000152e-05
4.490000000000000213e+00 6.000000000000000152e-05
4.495000000000000107e+00 5.000000000000000240e-05
4.500000000000000000e+00 5.000000000000000240e-05
4.504999999999999893e+00 5.000000000000000240e-05
4.509999999999999787e+00 4.980000000000000431e-05
4.514999999999999680e+00 4.819999999999999930e-05
4.519999999999999574e+00 4.679999999999999915e-05
4.525000000000000355e+00 4.539999999999999900e-05
4.530000000000000249e+00 4.400000000000000563e-05
4.535000000000000142e+00 4.280000000000000357e-05
4.540000000000000036e+00 4.159999999999999473e-05
4.544999999999999929e+00 4.039999999999999944e-05
4.549999999999999822e+00 3.930000000000000659e-05
4.554999999999999716e+00 3.830000000000000261e-05
4.559999999999999609e+00 3.729999999999999863e-05
4.565000000000000391e+00 3.630000000000000143e-05
4.570000000000000284e+00 3.539999999999999988e-05
4.575000000000000178e+00 3.449999999999999833e-05
4.580000000000000071e+00 3.369999999999999922e-05
4.584999999999999964e+00 3.290000000000000010e-05
4.589999999999999858e+00 3.210000000000000098e-05
4.594999999999999751e+00 3.139999999999999752e-05
4.599999999999999645e+00 3.070000000000000083e-05
4.605000000000000426e+00 3.010000000000000319e-05
4.610000000000000320e+00 2.939999999999999973e-05
4.615000000000000213e+00 2.880000000000000208e-05
4.620000000000000107e+00 2.820000000000000105e-05
4.625000000000000000e+00 2.769999999999999906e-05
4.629999999999999893e+00 2.710000000000000142e-05
4.634999999999999787e+00 2.659999999999999943e-05
4.639999999999999680e+00 2.610000000000000083e-05
4.644999999999999574e+00 2.569999999999999788e-05
4.650000000000000355e+00 2.520000000000000267e-05
4.655000000000000249e+00 2.479999999999999972e-05
4.660000000000000142e+00 2.440000000000000017e-05
4.665000000000000036e+00 2.399999999999999722e-05
4.669999999999999929e+00 2.360000000000000105e-05
4.674999999999999822e+00 2.320000000000000149e-05
4.679999999999999716e+00 2.290000000000000098e-05
4.684999999999999609e+00 2.249999999999999803e-05
4.690000000000000391e+00 2.220000000000000090e-05
4.695000000000000284e+00 2.190000000000000039e-05
4.700000000000000178e+00 2.159999999999999987e-05
4.705000000000000071e+00 2.140000000000000178e-05
4.709999999999999964e+00 2.109999999999999788e-05
4.714999999999999858e+00 2.079999999999999736e-05
4.719999999999999751e+00 2.060000000000000267e-05
4.724999999999999645e+00 2.040000000000000119e-05
4.730000000000000426e+00 2.010000000000000068e-05
4.735000000000000320e+00 1.989999999999999921e-05
4.740000000000000213e+00 1.970000000000000112e-05
4.745000000000000107e+00 1.949999999999999965e-05
4.750000000000000000e+00 1.940000000000000060e-05
4.754999999999999893e+00 1.920000000000000252e-05
4.759999999999999787e+00 1.900000000000000105e-05
4.764999999999999680e+00 1.889999999999999862e-05
4.769999999999999574e+00 1.870000000000000053e-05
4.775000000000000355e+00 1.860000000000000149e-05
4.780000000000000249e+00 1.850000000000000245e-05
4.785000000000000142e+00 1.830000000000000097e-05
4.790000000000000036e+00 1.820000000000000193e-05
4.794999999999999929e+00 1.809999999999999950e-05
4.799999999999999822e+00 1.800000000000000046e-05
4.804999999999999716e+00 1.789999999999999803e-05
4.809999999999999609e+00 1.779999999999999898e-05
4.815000000000000391e+00 1.779999999999999898e-05
4.820000000000000284e+00 1.769999999999999994e-05
4.825000000000000178e+00 1.760000000000000090e-05
4.830000000000000071e+00 1.760000000000000090e-05
4.834999999999999964e+00 1.750000000000000186e-05
4.839999999999999858e+00 1.750000000000000186e-05
4.844999999999999751e+00 1.739999999999999942e-05
4.849999999999999645e+00 1.739999999999999942e-05
4.855000000000000426e+00 1.730000000000000038e-05
4.860000000000000320e+00 1.730000000000000038e-05
4.865000000000000213e+00 1.730000000000000038e-05
4.870000000000000107e+00 1.730000000000000038e-05
4.875000000000000000e+00 1.730000000000000038e-05
4.879999999999999893e+00 1.730000000000000038e-05
4.884999999999999787e+00 1.730000000000000038e-05
4.889999999999999680e+00 1.730000000000000038e-05
4.894999999999999574e+00 1.730000000000000038e-05
4.900000000000000355e+00 1.739999999999999942e-05
4.905000000000000249e+00 1.739999999999999942e-05
4.910000000000000142e+00 1.739999999999999942e-05
4.915000000000000036e+00 1.750000000000000186e-05
4.919999999999999929e+00 1.750000000000000186e-05
4.924999999999999822e+00 1.760000000000000090e-05
4.929999999999999716e+00 1.760000000000000090e-05
4.934999999999999609e+00 1.769999999999999994e-05
4.940000000000000391e+00 1.779999999999999898e-05
4.945000000000000284e+00 1.779999999999999898e-05
4.950000000000000178e+00 1.789999999999999803e-05
4.955000000000000071e+00 1.800000000000000046e-05
4.959999999999999964e+00 1.809999999999999950e-05
4.964999999999999858e+00 1.820000000000000193e-05
4.969999999999999751e+00 1.830000000000000097e-05
4.974999999999999645e+00 1.840000000000000001e-05
4.980000000000000426e+00 1.850000000000000245e-05
4.985000000000000320e+00 1.870000000000000053e-05
4.990000000000000213e+00 1.879999999999999957e-05
4.995000000000000107e+00 1.889999999999999862e-05
5.000000000000000000e+00 1.910000000000000009e-05
5.004999999999999893e+00 1.920000000000000252e-05
5.009999999999999787e+00 1.940000000000000060e-05
5.014999999999999680e+00 1.949999999999999965e-05
5.019999999999999574e+00 1.970000000000000112e-05
5.025000000000000355e+00 1.980000000000000016e-05
5.030000000000000249e+00 2.000000000000000164e-05
5.035000000000000142e+00 2.019999999999999972e-05
5.040000000000000036e+00 2.040000000000000119e-05
5.044999999999999929e+00 2.060000000000000267e-05
5.049999999999999822e+00 2.079999999999999736e-05
5.054999999999999716e+00 2.099999999999999884e-05
5.059999999999999609e+00 2.120000000000000031e-05
5.065000000000000391e+00 2.150000000000000083e-05
5.070000000000000284e+00 2.170000000000000230e-05
5.075000000000000178e+00 2.200000000000000282e-05
5.080000000000000071e+00 2.220000000000000090e-05
5.084999999999999964e+00 2.249999999999999803e-05
5.089999999999999858e+00 2.279999999999999854e-05
5.094999999999999751e+00 2.309999999999999906e-05
5.099999999999999645e+00 2.339999999999999958e-05
5.105000000000000426e+00 2.370000000000000348e-05
5.110000000000000320e+00 2.399999999999999722e-05
5.115000000000000213e+00 2.440000000000000017e-05
5.120000000000000107e+00 2.470000000000000068e-05
5.125000000000000000e+00 2.510000000000000024e-05
5.129999999999999893e+00 2.550000000000000319e-05
5.134999999999999787e+00 2.589999999999999936e-05
5.139999999999999680e+00 2.629999999999999892e-05
5.144999999999999574e+00 2.670000000000000186e-05
5.150000000000000355e+00 2.710000000000000142e-05
5.155000000000000249e+00 2.760000000000000002e-05
5.160000000000000142e+00 2.810000000000000201e-05
5.165000000000000036e+00 2.850000000000000157e-05
5.169999999999999929e+00 2.909999999999999921e-05
5.174999999999999822e+00 2.960000000000000120e-05
5.179999999999999716e+00 3.010000000000000319e-05
5.184999999999999609e+00 3.070000000000000083e-05
5.190000000000000391e+00 3.130000000000000187e-05
5.195000000000000284e+00 3.180000000000000047e-05
5.200000000000000178e+00 0.000000000000000000e+00
5.205000000000000071e+00 0.000000000000000000e+00
5.209999999999999964e+00 0.000000000000000000e+00
5.214999999999999858e+00 0.000000000000000000e+00
5.219999999999999751e+00 0.000000000000000000e+00
5.224999999999999645e+00 0.000000000000000000e+00
5.230000000000000426e+00 0.000000000000000000e+00
5.235000000000000320e+00 0.000000000000000000e+00
5.240000000000000213e+00 0.000000000000000000e+00
5.245000000000000107e+00 0.000000000000000000e+00
5.250000000000000000e+00 0.000000000000000000e+00
5.254999999999999893e+00 0.000000000000000000e+00
5.259999999999999787e+00 0.000000000000000000e+00
5.264999999999999680e+00 0.000000000000000000e+00
5.269999999999999574e+00 0.000000000000000000e+00
5.275000000000000355e+00 0.000000000000000000e+00
5.280000000000000249e+00 0.000000000000000000e+00
5.285000000000000142e+00 0.000000000000000000e+00
5.290000000000000036e+00 0.000000000000000000e+00
5.294999999999999929e+00 0.000000000000000000e+00
5.299999999999999822e+00 0.000000000000000000e+00
