1.000000000000000000e+00 0.000000000000000000e+00
1.004999999999999893e+00 0.000000000000000000e+00
1.010000000000000009e+00 0.000000000000000000e+00
1.014999999999999902e+00 0.000000000000000000e+00
1.020000000000000018e+00 0.000000000000000000e+00
1.024999999999999911e+00 0.000000000000000000e+00
1.030000000000000027e+00 0.000000000000000000e+00
1.034999999999999920e+00 0.000000000000000000e+00
1.040000000000000036e+00 0.000000000000000000e+00
1.044999999999999929e+00 0.000000000000000000e+00
1.050000000000000044e+00 0.000000000000000000e+00
1.054999999999999938e+00 0.000000000000000000e+00
1.060000000000000053e+00 0.000000000000000000e+00
1.064999999999999947e+00 0.000000000000000000e+00
1.070000000000000062e+00 0.000000000000000000e+00
1.074999999999999956e+00 0.000000000000000000e+00
1.080000000000000071e+00 0.000000000000000000e+00
1.084999999999999964e+00 0.000000000000000000e+00
1.090000000000000080e+00 0.000000000000000000e+00
1.094999999999999973e+00 0.000000000000000000e+00
1.100000000000000089e+00 0.000000000000000000e+00
1.104999999999999982e+00 0.000000000000000000e+00
1.110000000000000098e+00 0.000000000000000000e+00
1.114999999999999991e+00 0.000000000000000000e+00
1.120000000000000107e+00 0.000000000000000000e+00
1.125000000000000000e+00 0.000000000000000000e+00
1.129999999999999893e+00 0.000000000000000000e+00
1.135000000000000009e+00 0.000000000000000000e+00
1.139999999999999902e+00 0.000000000000000000e+00
1.145000000000000018e+00 0.000000000000000000e+00
1.149999999999999911e+00 0.000000000000000000e+00
1.155000000000000027e+00 0.000000000000000000e+00
1.159999999999999920e+00 0.000000000000000000e+00
1.165000000000000036e+00 0.000000000000000000e+00
1.169999999999999929e+00 0.000000000000000000e+00
1.175000000000000044e+00 0.000000000000000000e+00
1.179999999999999938e+00 0.000000000000000000e+00
1.185000000000000053e+00 0.000000000000000000e+00
1.189999999999999947e+00 0.000000000000000000e+00
1.195000000000000062e+00 0.000000000000000000e+00
1.199999999999999956e+00 0.000000000000000000e+00
1.205000000000000071e+00 0.000000000000000000e+00
1.209999999999999964e+00 0.000000000000000000e+00
1.215000000000000080e+00 0.000000000000000000e+00
1.219999999999999973e+00 0.000000000000000000e+00
1.225000000000000089e+00 0.000000000000000000e+00
1.229999999999999982e+00 0.000000000000000000e+00
1.235000000000000098e+00 0.000000000000000000e+00
1.239999999999999991e+00 0.000000000000000000e+00
1.245000000000000107e+00 0.000000000000000000e+00
1.250000000000000000e+00 0.000000000000000000e+00
1.254999999999999893e+00 0.000000000000000000e+00
1.260000000000000009e+00 0.000000000000000000e+00
1.264999999999999902e+00 0.000000000000000000e+00
1.270000000000000018e+00 0.000000000000000000e+00
1.274999999999999911e+00 0.000000000000000000e+00
1.280000000000000027e+00 0.000000000000000000e+00
1.284999999999999920e+00 0.000000000000000000e+00
1.290000000000000036e+00 0.000000000000000000e+00
1.294999999999999929e+00 0.000000000000000000e+00
1.300000000000000044e+00 0.000000000000000000e+00
1.304999999999999938e+00 0.000000000000000000e+00
1.310000000000000053e+00 0.000000000000000000e+00
1.314999999999999947e+00 0.000000000000000000e+00
1.320000000000000062e+00 0.000000000000000000e+00
1.324999999999999956e+00 0.000000000000000000e+00
1.330000000000000071e+00 0.000000000000000000e+00
1.334999999999999964e+00 0.000000000000000000e+00
1.340000000000000080e+00 0.000000000000000000e+00
1.344999999999999973e+00 0.000000000000000000e+00
1.350000000000000089e+00 0.000000000000000000e+00
1.354999999999999982e+00 0.000000000000000000e+00
1.360000000000000098e+00 0.000000000000000000e+00
1.364999999999999991e+00 0.000000000000000000e+00
1.370000000000000107e+00 0.000000000000000000e+00
1.375000000000000000e+00 0.000000000000000000e+00
1.379999999999999893e+00 0.000000000000000000e+00
1.385000000000000009e+00 0.000000000000000000e+00
1.389999999999999902e+00 0.000000000000000000e+00
1.395000000000000018e+00 0.000000000000000000e+00
1.399999999999999911e+00 0.000000000000000000e+00
1.405000000000000027e+00 0.000000000000000000e+00
1.409999999999999920e+00 0.000000000000000000e+00
1.415000000000000036e+00 0.000000000000000000e+00
1.419999999999999929e+00 0.000000000000000000e+00
1.425000000000000044e+00 0.000000000000000000e+00
1.429999999999999938e+00 0.000000000000000000e+00
1.435000000000000053e+00 0.000000000000000000e+00
1.439999999999999947e+00 0.000000000000000000e+00
1.445000000000000062e+00 0.000000000000000000e+00
1.449999999999999956e+00 0.000000000000000000e+00
1.455000000000000071e+00 0.000000000000000000e+00
1.459999999999999964e+00 0.000000000000000000e+00
1.465000000000000080e+00 0.000000000000000000e+00
1.469999999999999973e+00 0.000000000000000000e+00
1.475000000000000089e+00 0.000000000000000000e+00
1.479999999999999982e+00 0.000000000000000000e+00
1.485000000000000098e+00 0.000000000000000000e+00
1.489999999999999991e+00 0.000000000000000000e+00
1.495000000000000107e+00 0.000000000000000000e+00
1.500000000000000000e+00 0.000000000000000000e+00
1.504999999999999893e+00 0.000000000000000000e+00
1.510000000000000009e+00 0.000000000000000000e+00
1.514999999999999902e+00 0.000000000000000000e+00
1.520000000000000018e+00 0.000000000000000000e+00
1.524999999999999911e+00 0.000000000000000000e+00
1.530000000000000027e+00 0.000000000000000000e+00
1.534999999999999920e+00 0.000000000000000000e+00
1.540000000000000036e+00 0.000000000000000000e+00
1.544999999999999929e+00 0.000000000000000000e+00
1.550000000000000044e+00 0.000000000000000000e+00
1.554999999999999938e+00 0.000000000000000000e+00
1.560000000000000053e+00 0.000000000000000000e+00
1.564999999999999947e+00 0.000000000000000000e+00
1.570000000000000062e+00 0.000000000000000000e+00
1.574999999999999956e+00 0.000000000000000000e+00
1.580000000000000071e+00 0.000000000000000000e+00
1.584999999999999964e+00 0.000000000000000000e+00
1.590000000000000080e+00 0.000000000000000000e+00
1.594999999999999973e+00 0.000000000000000000e+00
1.600000000000000089e+00 0.000000000000000000e+00
1.604999999999999982e+00 0.000000000000000000e+00
1.610000000000000098e+00 0.000000000000000000e+00
1.614999999999999991e+00 0.000000000000000000e+00
1.620000000000000107e+00 0.000000000000000000e+00
1.625000000000000000e+00 0.000000000000000000e+00
1.629999999999999893e+00 0.000000000000000000e+00
1.635000000000000009e+00 0.000000000000000000e+00
1.639999999999999902e+00 0.000000000000000000e+00
1.645000000000000018e+00 0.000000000000000000e+00
1.649999999999999911e+00 0.000000000000000000e+00
1.655000000000000027e+00 0.000000000000000000e+00
1.659999999999999920e+00 0.000000000000000000e+00
1.665000000000000036e+00 0.000000000000000000e+00
1.669999999999999929e+00 0.000000000000000000e+00
1.675000000000000044e+00 0.000000000000000000e+00
1.679999999999999938e+00 0.000000000000000000e+00
1.685000000000000053e+00 0.000000000000000000e+00
1.689999999999999947e+00 0.000000000000000000e+00
1.695000000000000062e+00 0.000000000000000000e+00
1.699999999999999956e+00 0.000000000000000000e+00
1.705000000000000071e+00 0.000000000000000000e+00
1.709999999999999964e+00 0.000000000000000000e+00
1.715000000000000080e+00 0.000000000000000000e+00
1.719999999999999973e+00 0.000000000000000000e+00
1.725000000000000089e+00 0.000000000000000000e+00
1.729999999999999982e+00 0.000000000000000000e+00
1.735000000000000098e+00 0.000000000000000000e+00
1.739999999999999991e+00 0.000000000000000000e+00
1.745000000000000107e+00 0.000000000000000000e+00
1.750000000000000000e+00 0.000000000000000000e+00
1.754999999999999893e+00 0.000000000000000000e+00
1.760000000000000009e+00 0.000000000000000000e+00
1.764999999999999902e+00 0.000000000000000000e+00
1.770000000000000018e+00 0.000000000000000000e+00
1.774999999999999911e+00 0.000000000000000000e+00
1.780000000000000027e+00 0.000000000000000000e+00
1.784999999999999920e+00 0.000000000000000000e+00
1.790000000000000036e+00 0.000000000000000000e+00
1.794999999999999929e+00 0.000000000000000000e+00
1.800000000000000044e+00 0.000000000000000000e+00
1.804999999999999938e+00 0.000000000000000000e+00
1.810000000000000053e+00 0.000000000000000000e+00
1.814999999999999947e+00 0.000000000000000000e+00
1.820000000000000062e+00 0.000000000000000000e+00
1.824999999999999956e+00 0.000000000000000000e+00
1.830000000000000071e+00 0.000000000000000000e+00
1.834999999999999964e+00 0.000000000000000000e+00
1.840000000000000080e+00 0.000000000000000000e+00
1.844999999999999973e+00 0.000000000000000000e+00
1.850000000000000089e+00 0.000000000000000000e+00
1.854999999999999982e+00 0.000000000000000000e+00
1.860000000000000098e+00 0.000000000000000000e+00
1.864999999999999991e+00 0.000000000000000000e+00
1.870000000000000107e+00 0.000000000000000000e+00
1.875000000000000000e+00 0.000000000000000000e+00
1.879999999999999893e+00 0.000000000000000000e+00
1.885000000000000009e+00 0.000000000000000000e+00
1.889999999999999902e+00 0.000000000000000000e+00
1.895000000000000018e+00 0.000000000000000000e+00
1.899999999999999911e+00 0.000000000000000000e+00
1.905000000000000027e+00 0.000000000000000000e+00
1.909999999999999920e+00 0.000000000000000000e+00
1.915000000000000036e+00 0.000000000000000000e+00
1.919999999999999929e+00 0.000000000000000000e+00
1.925000000000000044e+00 0.000000000000000000e+00
1.929999999999999938e+00 0.000000000000000000e+00
1.935000000000000053e+00 0.000000000000000000e+00
1.939999999999999947e+00 0.000000000000000000e+00
1.945000000000000062e+00 0.000000000000000000e+00
1.949999999999999956e+00 0.000000000000000000e+00
1.955000000000000071e+00 0.000000000000000000e+00
1.959999999999999964e+00 0.000000000000000000e+00
1.965000000000000080e+00 0.000000000000000000e+00
1.969999999999999973e+00 0.000000000000000000e+00
1.975000000000000089e+00 0.000000000000000000e+00
1.979999999999999982e+00 0.000000000000000000e+00
1.985000000000000098e+00 0.000000000000000000e+00
1.989999999999999991e+00 0.000000000000000000e+00
1.995000000000000107e+00 0.000000000000000000e+00
2.000000000000000000e+00 0.000000000000000000e+00
2.004999999999999893e+00 0.000000000000000000e+00
2.009999999999999787e+00 0.000000000000000000e+00
2.015000000000000124e+00 0.000000000000000000e+00
2.020000000000000018e+00 0.000000000000000000e+00
2.024999999999999911e+00 0.000000000000000000e+00
2.029999999999999805e+00 0.000000000000000000e+00
2.035000000000000142e+00 0.000000000000000000e+00
2.040000000000000036e+00 0.000000000000000000e+00
2.044999999999999929e+00 0.000000000000000000e+00
2.049999999999999822e+00 0.000000000000000000e+00
2.055000000000000160e+00 0.000000000000000000e+00
2.060000000000000053e+00 0.000000000000000000e+00
2.064999999999999947e+00 0.000000000000000000e+00
2.069999999999999840e+00 0.000000000000000000e+00
2.075000000000000178e+00 0.000000000000000000e+00
2.080000000000000071e+00 0.000000000000000000e+00
2.084999999999999964e+00 0.000000000000000000e+00
2.089999999999999858e+00 0.000000000000000000e+00
2.095000000000000195e+00 0.000000000000000000e+00
2.100000000000000089e+00 0.000000000000000000e+00
2.104999999999999982e+00 0.000000000000000000e+00
2.109999999999999876e+00 0.000000000000000000e+00
2.115000000000000213e+00 0.000000000000000000e+00
2.120000000000000107e+00 0.000000000000000000e+00
2.125000000000000000e+00 0.000000000000000000e+00
2.129999999999999893e+00 0.000000000000000000e+00
2.134999999999999787e+00 0.000000000000000000e+00
2.140000000000000124e+00 0.000000000000000000e+00
2.145000000000000018e+00 0.000000000000000000e+00
2.149999999999999911e+00 0.000000000000000000e+00
2.154999999999999805e+00 0.000000000000000000e+00
2.160000000000000142e+00 0.000000000000000000e+00
2.165000000000000036e+00 0.000000000000000000e+00
2.169999999999999929e+00 0.000000000000000000e+00
2.174999999999999822e+00 0.000000000000000000e+00
2.180000000000000160e+00 0.000000000000000000e+00
2.185000000000000053e+00 0.000000000000000000e+00
2.189999999999999947e+00 0.000000000000000000e+00
2.194999999999999840e+00 0.000000000000000000e+00
2.200000000000000178e+00 0.000000000000000000e+00
2.205000000000000071e+00 0.000000000000000000e+00
2.209999999999999964e+00 0.000000000000000000e+00
2.214999999999999858e+00 0.000000000000000000e+00
2.220000000000000195e+00 0.000000000000000000e+00
2.225000000000000089e+00 0.000000000000000000e+00
2.229999999999999982e+00 0.000000000000000000e+00
2.234999999999999876e+00 0.000000000000000000e+00
2.240000000000000213e+00 0.000000000000000000e+00
2.245000000000000107e+00 0.000000000000000000e+00
2.250000000000000000e+00 0.000000000000000000e+00
2.254999999999999893e+00 0.000000000000000000e+00
2.259999999999999787e+00 0.000000000000000000e+00
2.265000000000000124e+00 0.000000000000000000e+00
2.270000000000000018e+00 0.000000000000000000e+00
2.274999999999999911e+00 0.000000000000000000e+00
2.279999999999999805e+00 0.000000000000000000e+00
2.285000000000000142e+00 0.000000000000000000e+00
2.290000000000000036e+00 0.000000000000000000e+00
2.294999999999999929e+00 0.000000000000000000e+00
2.299999999999999822e+00 0.000000000000000000e+00
2.305000000000000160e+00 0.000000000000000000e+00
2.310000000000000053e+00 0.000000000000000000e+00
2.314999999999999947e+00 0.000000000000000000e+00
2.319999999999999840e+00 0.000000000000000000e+00
2.325000000000000178e+00 0.000000000000000000e+00
2.330000000000000071e+00 0.000000000000000000e+00
2.334999999999999964e+00 0.000000000000000000e+00
2.339999999999999858e+00 0.000000000000000000e+00
2.345000000000000195e+00 0.000000000000000000e+00
2.350000000000000089e+00 0.000000000000000000e+00
2.354999999999999982e+00 0.000000000000000000e+00
2.359999999999999876e+00 0.000000000000000000e+00
2.365000000000000213e+00 0.000000000000000000e+00
2.370000000000000107e+00 0.000000000000000000e+00
2.375000000000000000e+00 0.000000000000000000e+00
2.379999999999999893e+00 0.000000000000000000e+00
2.384999999999999787e+00 0.000000000000000000e+00
2.390000000000000124e+00 0.000000000000000000e+00
2.395000000000000018e+00 0.000000000000000000e+00
2.399999999999999911e+00 0.000000000000000000e+00
2.404999999999999805e+00 0.000000000000000000e+00
2.410000000000000142e+00 0.000000000000000000e+00
2.415000000000000036e+00 0.000000000000000000e+00
2.419999999999999929e+00 0.000000000000000000e+00
2.424999999999999822e+00 0.000000000000000000e+00
2.430000000000000160e+00 0.000000000000000000e+00
2.435000000000000053e+00 0.000000000000000000e+00
2.439999999999999947e+00 0.000000000000000000e+00
2.444999999999999840e+00 0.000000000000000000e+00
2.450000000000000178e+00 0.000000000000000000e+00
2.455000000000000071e+00 0.000000000000000000e+00
2.459999999999999964e+00 0.000000000000000000e+00
2.464999999999999858e+00 0.000000000000000000e+00
2.470000000000000195e+00 0.000000000000000000e+00
2.475000000000000089e+00 0.000000000000000000e+00
2.479999999999999982e+00 0.000000000000000000e+00
2.484999999999999876e+00 0.000000000000000000e+00
2.490000000000000213e+00 0.000000000000000000e+00
2.495000000000000107e+00 0.000000000000000000e+00
2.500000000000000000e+00 0.000000000000000000e+00
2.504999999999999893e+00 0.000000000000000000e+00
2.509999999999999787e+00 0.000000000000000000e+00
2.515000000000000124e+00 0.000000000000000000e+00
2.520000000000000018e+00 0.000000000000000000e+00
2.524999999999999911e+00 0.000000000000000000e+00
2.529999999999999805e+00 0.000000000000000000e+00
2.535000000000000142e+00 0.000000000000000000e+00
2.540000000000000036e+00 0.000000000000000000e+00
2.544999999999999929e+00 0.000000000000000000e+00
2.549999999999999822e+00 0.000000000000000000e+00
2.555000000000000160e+00 0.000000000000000000e+00
2.560000000000000053e+00 0.000000000000000000e+00
2.564999999999999947e+00 0.000000000000000000e+00
2.569999999999999840e+00 0.000000000000000000e+00
2.575000000000000178e+00 0.000000000000000000e+00
2.580000000000000071e+00 0.000000000000000000e+00
2.584999999999999964e+00 0.000000000000000000e+00
2.589999999999999858e+00 0.000000000000000000e+00
2.595000000000000195e+00 0.000000000000000000e+00
2.600000000000000089e+00 0.000000000000000000e+00
2.604999999999999982e+00 0.000000000000000000e+00
2.609999999999999876e+00 0.000000000000000000e+00
2.615000000000000213e+00 0.000000000000000000e+00
2.620000000000000107e+00 0.000000000000000000e+00
2.625000000000000000e+00 0.000000000000000000e+00
2.629999999999999893e+00 0.000000000000000000e+00
2.634999999999999787e+00 0.000000000000000000e+00
2.640000000000000124e+00 0.000000000000000000e+00
2.645000000000000018e+00 0.000000000000000000e+00
2.649999999999999911e+00 0.000000000000000000e+00
2.654999999999999805e+00 0.000000000000000000e+00
2.660000000000000142e+00 0.000000000000000000e+00
2.665000000000000036e+00 0.000000000000000000e+00
2.669999999999999929e+00 0.000000000000000000e+00
2.674999999999999822e+00 0.000000000000000000e+00
2.680000000000000160e+00 0.000000000000000000e+00
2.685000000000000053e+00 0.000000000000000000e+00
2.689999999999999947e+00 0.000000000000000000e+00
2.694999999999999840e+00 0.000000000000000000e+00
2.700000000000000178e+00 0.000000000000000000e+00
2.705000000000000071e+00 0.000000000000000000e+00
2.709999999999999964e+00 0.000000000000000000e+00
2.714999999999999858e+00 0.000000000000000000e+00
2.720000000000000195e+00 0.000000000000000000e+00
2.725000000000000089e+00 0.000000000000000000e+00
2.729999999999999982e+00 0.000000000000000000e+00
2.734999999999999876e+00 0.000000000000000000e+00
2.740000000000000213e+00 0.000000000000000000e+00
2.745000000000000107e+00 0.000000000000000000e+00
2.750000000000000000e+00 0.000000000000000000e+00
2.754999999999999893e+00 0.000000000000000000e+00
2.759999999999999787e+00 0.000000000000000000e+00
2.765000000000000124e+00 0.000000000000000000e+00
2.770000000000000018e+00 0.000000000000000000e+00
2.774999999999999911e+00 0.000000000000000000e+00
2.779999999999999805e+00 0.000000000000000000e+00
2.785000000000000142e+00 0.000000000000000000e+00
2.790000000000000036e+00 0.000000000000000000e+00
2.794999999999999929e+00 0.000000000000000000e+00
2.799999999999999822e+00 0.000000000000000000e+00
2.805000000000000160e+00 0.000000000000000000e+00
2.810000000000000053e+00 0.000000000000000000e+00
2.814999999999999947e+00 0.000000000000000000e+00
2.819999999999999840e+00 0.000000000000000000e+00
2.825000000000000178e+00 0.000000000000000000e+00
2.830000000000000071e+00 0.000000000000000000e+00
2.834999999999999964e+00 0.000000000000000000e+00
2.839999999999999858e+00 0.000000000000000000e+00
2.845000000000000195e+00 0.000000000000000000e+00
2.850000000000000089e+00 0.000000000000000000e+00
2.854999999999999982e+00 0.000000000000000000e+00
2.859999999999999876e+00 0.000000000000000000e+00
2.865000000000000213e+00 0.000000000000000000e+00
2.870000000000000107e+00 0.000000000000000000e+00
2.875000000000000000e+00 0.000000000000000000e+00
2.879999999999999893e+00 0.000000000000000000e+00
2.884999999999999787e+00 0.000000000000000000e+00
2.890000000000000124e+00 0.000000000000000000e+00
2.895000000000000018e+00 0.000000000000000000e+00
2.899999999999999911e+00 0.000000000000000000e+00
2.904999999999999805e+00 6.879000000000000670e-01
2.910000000000000142e+00 7.541299999999999670e-01
2.915000000000000036e+00 8.118000000000000771e-01
2.919999999999999929e+00 8.592100000000000293e-01
2.924999999999999822e+00 8.959600000000000897e-01
2.930000000000000160e+00 9.227400000000000047e-01
2.935000000000000053e+00 9.409699999999999731e-01
2.939999999999999947e+00 9.523800000000000043e-01
2.944999999999999840e+00 9.586900000000000421e-01
2.950000000000000178e+00 9.614400000000000723e-01
2.955000000000000071e+00 9.618400000000000283e-01
2.959999999999999964e+00 9.608400000000000274e-01
2.964999999999999858e+00 9.590999999999999526e-01
2.970000000000000195e+00 9.570600000000000218e-01
2.975000000000000089e+00 9.550000000000000711e-01
2.979999999999999982e+00 9.530600000000000183e-01
2.984999999999999876e+00 9.513099999999999890e-01
2.990000000000000213e+00 9.497499999999999831e-01
2.995000000000000107e+00 9.483700000000000463e-01
3.000000000000000000e+00 9.471399999999999819e-01
3.004999999999999893e+00 9.460100000000000176e-01
3.009999999999999787e+00 9.449699999999999767e-01
3.015000000000000124e+00 9.440000000000000613e-01
3.020000000000000018e+00 9.431000000000000494e-01
3.024999999999999911e+00 9.422899999999999610e-01
3.029999999999999805e+00 9.415900000000000380e-01
3.035000000000000142e+00 9.410399999999999876e-01
3.040000000000000036e+00 9.406799999999999606e-01
3.044999999999999929e+00 9.405400000000000427e-01
3.049999999999999822e+00 9.406699999999998951e-01
3.055000000000000160e+00 9.410899999999999821e-01
3.060000000000000053e+00 9.418199999999999905e-01
3.064999999999999947e+00 9.428799999999999404e-01
3.069999999999999840e+00 9.442700000000000538e-01
3.075000000000000178e+00 9.459499999999999575e-01
3.080000000000000071e+00 9.479199999999999848e-01
3.084999999999999964e+00 9.501200000000000756e-01
3.089999999999999858e+00 9.525000000000000133e-01
3.095000000000000195e+00 9.549900000000000055e-01
3.100000000000000089e+00 9.575100000000000833e-01
3.104999999999999982e+00 9.599999999999999645e-01
3.109999999999999876e+00 9.623800000000000132e-01
3.115000000000000213e+00 9.645600000000000840e-01
3.120000000000000107e+00 9.664900000000000713e-01
3.125000000000000000e+00 9.681000000000000716e-01
3.129999999999999893e+00 9.693399999999999794e-01
3.134999999999999787e+00 9.701699999999999768e-01
3.140000000000000124e+00 9.705800000000001093e-01
3.145000000000000018e+00 9.705400000000000693e-01
3.149999999999999911e+00 9.700900000000000079e-01
3.154999999999999805e+00 9.692499999999999449e-01
3.160000000000000142e+00 9.680500000000000771e-01
3.165000000000000036e+00 9.665700000000000403e-01
3.169999999999999929e+00 9.648700000000000054e-01
3.174999999999999822e+00 9.630100000000000326e-01
3.180000000000000160e+00 9.610899999999999999e-01
3.185000000000000053e+00 9.591800000000000326e-01
3.189999999999999947e+00 9.573600000000000998e-01
3.194999999999999840e+00 9.557099999999999485e-01
3.200000000000000178e+00 9.542900000000000826e-01
3.205000000000000071e+00 9.531600000000000072e-01
3.209999999999999964e+00 9.523800000000000043e-01
3.214999999999999858e+00 9.519700000000000939e-01
3.220000000000000195e+00 9.519600000000000284e-01
3.225000000000000089e+00 9.523699999999999388e-01
3.229999999999999982e+00 9.531900000000000928e-01
3.234999999999999876e+00 9.544000000000000261e-01
3.240000000000000213e+00 9.559699999999999864e-01
3.245000000000000107e+00 9.578700000000001102e-01
3.250000000000000000e+00 9.600400000000001155e-01
3.254999999999999893e+00 9.624200000000000532e-01
3.259999999999999787e+00 9.649400000000000199e-01
3.265000000000000124e+00 9.675100000000000922e-01
3.270000000000000018e+00 9.700600000000000334e-01
3.274999999999999911e+00 9.725000000000000311e-01
3.279999999999999805e+00 9.747500000000000053e-01
3.285000000000000142e+00 9.767299999999999871e-01
3.290000000000000036e+00 9.783700000000000729e-01
3.294999999999999929e+00 9.795999999999999153e-01
3.299999999999999822e+00 9.803800000000000292e-01
3.305000000000000160e+00 9.806500000000000217e-01
3.310000000000000053e+00 9.804200000000000692e-01
3.314999999999999947e+00 9.796500000000000208e-01
3.319999999999999840e+00 9.783700000000000729e-01
3.325000000000000178e+00 9.766000000000000236e-01
3.330000000000000071e+00 9.743800000000000239e-01
3.334999999999999964e+00 9.717600000000000682e-01
3.339999999999999858e+00 9.687999999999999945e-01
3.345000000000000195e+00 9.655899999999999483e-01
3.350000000000000089e+00 9.622000000000000552e-01
3.354999999999999982e+00 9.587099999999999511e-01
3.359999999999999876e+00 9.552100000000000035e-01
3.365000000000000213e+00 9.517900000000000249e-01
3.370000000000000107e+00 9.485099999999999643e-01
3.375000000000000000e+00 9.454600000000000781e-01
3.379999999999999893e+00 9.426999999999999824e-01
3.384999999999999787e+00 9.403000000000000247e-01
3.390000000000000124e+00 9.383000000000000229e-01
3.395000000000000018e+00 9.367499999999999716e-01
3.399999999999999911e+00 9.356799999999999562e-01
3.404999999999999805e+00 9.351099999999999968e-01
3.410000000000000142e+00 9.350600000000000023e-01
3.415000000000000036e+00 9.355100000000000637e-01
3.419999999999999929e+00 9.364700000000000246e-01
3.424999999999999822e+00 9.379100000000000215e-01
3.430000000000000160e+00 9.398000000000000798e-01
3.435000000000000053e+00 9.421100000000000030e-01
3.439999999999999947e+00 9.447900000000000187e-01
3.444999999999999840e+00 9.477700000000000014e-01
3.450000000000000178e+00 9.510100000000000220e-01
3.455000000000000071e+00 9.544300000000000006e-01
3.459999999999999964e+00 9.579600000000000337e-01
3.464999999999999858e+00 9.615200000000000413e-01
3.470000000000000195e+00 9.650300000000000544e-01
3.475000000000000089e+00 9.684300000000000130e-01
3.479999999999999982e+00 9.716299999999999937e-01
3.484999999999999876e+00 9.745600000000000929e-01
3.490000000000000213e+00 9.771599999999999175e-01
3.495000000000000107e+00 9.793600000000001193e-01
3.500000000000000000e+00 9.811300000000000576e-01
3.504999999999999893e+00 9.824200000000000710e-01
3.509999999999999787e+00 9.832100000000000284e-01
3.515000000000000124e+00 9.834800000000000209e-01
3.520000000000000018e+00 9.832299999999999374e-01
3.524999999999999911e+00 9.824700000000000655e-01
3.529999999999999805e+00 9.812300000000000466e-01
3.535000000000000142e+00 9.795200000000000573e-01
3.540000000000000036e+00 9.774100000000000010e-01
3.544999999999999929e+00 9.749299999999999633e-01
3.549999999999999822e+00 9.721400000000000041e-01
3.555000000000000160e+00 9.691100000000000270e-01
3.560000000000000053e+00 9.659000000000000918e-01
3.564999999999999947e+00 9.625700000000000367e-01
3.569999999999999840e+00 9.591800000000000326e-01
3.575000000000000178e+00 9.558100000000000485e-01
3.580000000000000071e+00 9.525100000000000788e-01
3.584999999999999964e+00 9.493300000000001182e-01
3.589999999999999858e+00 9.463300000000000045e-01
3.595000000000000195e+00 9.435599999999999543e-01
3.600000000000000089e+00 9.410500000000000531e-01
3.604999999999999982e+00 9.388299999999999423e-01
3.609999999999999876e+00 9.369499999999999496e-01
3.615000000000000213e+00 9.354099999999999637e-01
3.620000000000000107e+00 9.342300000000000049e-01
3.625000000000000000e+00 9.334300000000000930e-01
3.629999999999999893e+00 9.329999999999999405e-01
3.634999999999999787e+00 9.329399999999999915e-01
3.640000000000000124e+00 9.332500000000000240e-01
3.645000000000000018e+00 9.339100000000000179e-01
3.649999999999999911e+00 9.348999999999999533e-01
3.654999999999999805e+00 9.362099999999999866e-01
3.660000000000000142e+00 9.378100000000000325e-01
3.665000000000000036e+00 9.396700000000000053e-01
3.669999999999999929e+00 9.417600000000000415e-01
3.674999999999999822e+00 9.440399999999999903e-01
3.680000000000000160e+00 9.464799999999999880e-01
3.685000000000000053e+00 9.490500000000000602e-01
3.689999999999999947e+00 9.516999999999999904e-01
3.694999999999999840e+00 9.543899999999999606e-01
3.700000000000000178e+00 9.570999999999999508e-01
3.705000000000000071e+00 9.597700000000000120e-01
3.709999999999999964e+00 9.623800000000000132e-01
3.714999999999999858e+00 9.648900000000000254e-01
3.720000000000000195e+00 9.672799999999999176e-01
3.725000000000000089e+00 9.695000000000000284e-01
3.729999999999999982e+00 9.715500000000000247e-01
3.734999999999999876e+00 9.733799999999999120e-01
3.740000000000000213e+00 9.749999999999999778e-01
3.745000000000000107e+00 9.763700000000000712e-01
3.750000000000000000e+00 9.775000000000000355e-01
3.754999999999999893e+00 9.783600000000000074e-01
3.759999999999999787e+00 9.789700000000001179e-01
3.765000000000000124e+00 9.793200000000000793e-01
3.770000000000000018e+00 9.794199999999999573e-01
3.774999999999999911e+00 9.792600000000000193e-01
3.779999999999999805e+00 9.788700000000000179e-01
3.785000000000000142e+00 9.782599999999999074e-01
3.790000000000000036e+00 9.774300000000000210e-01
3.794999999999999929e+00 9.764199999999999546e-01
3.799999999999999822e+00 9.752200000000000868e-01
3.805000000000000160e+00 9.738800000000000789e-01
3.810000000000000053e+00 9.724099999999999966e-01
3.814999999999999947e+00 9.708299999999999708e-01
3.819999999999999840e+00 9.691600000000000215e-01
3.825000000000000178e+00 9.674300000000000122e-01
3.830000000000000071e+00 9.656500000000000083e-01
3.834999999999999964e+00 9.638599999999999390e-01
3.839999999999999858e+00 9.620800000000000463e-01
3.845000000000000195e+00 9.603100000000001080e-01
3.850000000000000089e+00 9.586000000000000076e-01
3.854999999999999982e+00 9.569400000000000128e-01
3.859999999999999876e+00 9.553599999999999870e-01
3.865000000000000213e+00 9.538800000000000612e-01
3.870000000000000107e+00 9.525000000000000133e-01
3.875000000000000000e+00 9.512300000000000200e-01
3.879999999999999893e+00 9.501000000000000556e-01
3.884999999999999787e+00 9.490900000000001002e-01
3.890000000000000124e+00 9.482099999999999973e-01
3.895000000000000018e+00 9.474500000000000144e-01
3.899999999999999911e+00 9.468300000000000605e-01
3.904999999999999805e+00 9.463200000000000500e-01
3.910000000000000142e+00 9.459199999999999831e-01
3.915000000000000036e+00 9.455999999999999961e-01
3.919999999999999929e+00 9.453700000000000436e-01
3.924999999999999822e+00 9.451800000000000201e-01
3.930000000000000160e+00 9.450199999999999712e-01
3.935000000000000053e+00 9.448600000000000332e-01
3.939999999999999947e+00 9.446800000000000752e-01
3.944999999999999840e+00 9.444499999999999007e-01
3.950000000000000178e+00 9.441300000000000248e-01
3.955000000000000071e+00 9.437099999999999378e-01
3.959999999999999964e+00 9.431500000000000439e-01
3.964999999999999858e+00 9.424500000000000099e-01
3.970000000000000195e+00 9.415700000000000180e-01
3.975000000000000089e+00 9.405200000000001337e-01
3.979999999999999982e+00 9.392800000000000038e-01
3.984999999999999876e+00 9.378799999999999359e-01
3.990000000000000213e+00 9.363299999999999956e-01
3.995000000000000107e+00 9.346599999999999353e-01
4.000000000000000000e+00 9.329000000000000625e-01
4.004999999999999893e+00 9.311199999999999477e-01
4.009999999999999787e+00 9.293800000000000949e-01
4.014999999999999680e+00 9.277600000000000291e-01
4.019999999999999574e+00 9.263400000000000523e-01
4.025000000000000355e+00 9.252099999999999769e-01
4.030000000000000249e+00 9.244900000000000340e-01
4.035000000000000142e+00 9.242600000000000815e-01
4.040000000000000036e+00 9.246400000000000174e-01
4.044999999999999929e+00 9.257200000000000983e-01
4.049999999999999822e+00 9.275799999999999601e-01
4.054999999999999716e+00 9.302700000000000413e-01
4.059999999999999609e+00 9.338100000000000289e-01
4.065000000000000391e+00 9.381900000000000794e-01
4.070000000000000284e+00 9.432899999999999618e-01
4.075000000000000178e+00 9.489300000000000512e-01
4.080000000000000071e+00 9.547700000000000076e-01
4.084999999999999964e+00 9.603400000000000825e-01
4.089999999999999858e+00 9.649299999999999544e-01
4.094999999999999751e+00 9.676200000000000356e-01
4.099999999999999645e+00 9.672199999999999687e-01
4.105000000000000426e+00 9.622899999999999787e-01
4.110000000000000320e+00 9.512300000000000200e-01
4.115000000000000213e+00 9.323799999999999866e-01
4.120000000000000107e+00 9.043600000000000527e-01
4.125000000000000000e+00 8.663600000000000190e-01
4.129999999999999893e+00 8.182800000000000074e-01
4.134999999999999787e+00 7.610800000000000898e-01
4.139999999999999680e+00 6.967300000000000715e-01
4.144999999999999574e+00 6.279599999999999627e-01
4.150000000000000355e+00 0.000000000000000000e+00
4.155000000000000249e+00 0.000000000000000000e+00
4.160000000000000142e+00 0.000000000000000000e+00
4.165000000000000036e+00 0.000000000000000000e+00
4.169999999999999929e+00 0.000000000000000000e+00
4.174999999999999822e+00 0.000000000000000000e+00
4.179999999999999716e+00 0.000000000000000000e+00
4.184999999999999609e+00 0.000000000000000000e+00
4.190000000000000391e+00 0.000000000000000000e+00
4.195000000000000284e+00 0.000000000000000000e+00
4.200000000000000178e+00 0.000000000000000000e+00
4.205000000000000071e+00 0.000000000000000000e+00
4.209999999999999964e+00 0.000000000000000000e+00
4.214999999999999858e+00 0.000000000000000000e+00
4.219999999999999751e+00 0.000000000000000000e+00
4.224999999999999645e+00 0.000000000000000000e+00
4.230000000000000426e+00 0.000000000000000000e+00
4.235000000000000320e+00 0.000000000000000000e+00
4.240000000000000213e+00 0.000000000000000000e+00
4.245000000000000107e+00 0.000000000000000000e+00
4.250000000000000000e+00 0.000000000000000000e+00
4.254999999999999893e+00 0.000000000000000000e+00
4.259999999999999787e+00 0.000000000000000000e+00
4.264999999999999680e+00 0.000000000000000000e+00
4.269999999999999574e+00 0.000000000000000000e+00
4.275000000000000355e+00 0.000000000000000000e+00
4.280000000000000249e+00 0.000000000000000000e+00
4.285000000000000142e+00 0.000000000000000000e+00
4.290000000000000036e+00 0.000000000000000000e+00
4.294999999999999929e+00 0.000000000000000000e+00
4.299999999999999822e+00 0.000000000000000000e+00
4.304999999999999716e+00 0.000000000000000000e+00
4.309999999999999609e+00 0.000000000000000000e+00
4.315000000000000391e+00 0.000000000000000000e+00
4.320000000000000284e+00 0.000000000000000000e+00
4.325000000000000178e+00 0.000000000000000000e+00
4.330000000000000071e+00 0.000000000000000000e+00
4.334999999999999964e+00 0.000000000000000000e+00
4.339999999999999858e+00 0.000000000000000000e+00
4.344999999999999751e+00 0.000000000000000000e+00
4.349999999999999645e+00 0.000000000000000000e+00
4.355000000000000426e+00 0.000000000000000000e+00
4.360000000000000320e+00 0.000000000000000000e+00
4.365000000000000213e+00 0.000000000000000000e+00
4.370000000000000107e+00 0.000000000000000000e+00
4.375000000000000000e+00 0.000000000000000000e+00
4.379999999999999893e+00 0.000000000000000000e+00
4.384999999999999787e+00 0.000000000000000000e+00
4.389999999999999680e+00 0.000000000000000000e+00
4.394999999999999574e+00 0.000000000000000000e+00
4.400000000000000355e+00 0.000000000000000000e+00
4.405000000000000249e+00 0.000000000000000000e+00
4.410000000000000142e+00 0.000000000000000000e+00
4.415000000000000036e+00 0.000000000000000000e+00
4.419999999999999929e+00 0.000000000000000000e+00
4.424999999999999822e+00 0.000000000000000000e+00
4.429999999999999716e+00 0.000000000000000000e+00
4.434999999999999609e+00 0.000000000000000000e+00
4.440000000000000391e+00 0.000000000000000000e+00
4.445000000000000284e+00 0.000000000000000000e+00
4.450000000000000178e+00 0.000000000000000000e+00
4.455000000000000071e+00 0.000000000000000000e+00
4.459999999999999964e+00 0.000000000000000000e+00
4.464999999999999858e+00 0.000000000000000000e+00
4.469999999999999751e+00 0.000000000000000000e+00
4.474999999999999645e+00 0.000000000000000000e+00
4.480000000000000426e+00 0.000000000000000000e+00
4.485000000000000320e+00 0.000000000000000000e+00
4.490000000000000213e+00 0.000000000000000000e+00
4.495000000000000107e+00 0.000000000000000000e+00
4.500000000000000000e+00 0.000000000000000000e+00
4.504999999999999893e+00 0.000000000000000000e+00
4.509999999999999787e+00 0.000000000000000000e+00
4.514999999999999680e+00 0.000000000000000000e+00
4.519999999999999574e+00 0.000000000000000000e+00
4.525000000000000355e+00 0.000000000000000000e+00
4.530000000000000249e+00 0.000000000000000000e+00
4.535000000000000142e+00 0.000000000000000000e+00
4.540000000000000036e+00 0.000000000000000000e+00
4.544999999999999929e+00 0.000000000000000000e+00
4.549999999999999822e+00 0.000000000000000000e+00
4.554999999999999716e+00 0.000000000000000000e+00
4.559999999999999609e+00 0.000000000000000000e+00
4.565000000000000391e+00 0.000000000000000000e+00
4.570000000000000284e+00 0.000000000000000000e+00
4.575000000000000178e+00 0.000000000000000000e+00
4.580000000000000071e+00 0.000000000000000000e+00
4.584999999999999964e+00 0.000000000000000000e+00
4.589999999999999858e+00 0.000000000000000000e+00
4.594999999999999751e+00 0.000000000000000000e+00
4.599999999999999645e+00 0.000000000000000000e+00
4.605000000000000426e+00 0.000000000000000000e+00
4.610000000000000320e+00 0.000000000000000000e+00
4.615000000000000213e+00 0.000000000000000000e+00
4.620000000000000107e+00 0.000000000000000000e+00
4.625000000000000000e+00 0.000000000000000000e+00
4.629999999999999893e+00 0.000000000000000000e+00
4.634999999999999787e+00 0.000000000000000000e+00
4.639999999999999680e+00 0.000000000000000000e+00
4.644999999999999574e+00 0.000000000000000000e+00
4.650000000000000355e+00 0.000000000000000000e+00
4.655000000000000249e+00 0.000000000000000000e+00
4.660000000000000142e+00 0.000000000000000000e+00
4.665000000000000036e+00 0.000000000000000000e+00
4.669999999999999929e+00 0.000000000000000000e+00
4.674999999999999822e+00 0.000000000000000000e+00
4.679999999999999716e+00 0.000000000000000000e+00
4.684999999999999609e+00 0.000000000000000000e+00
4.690000000000000391e+00 0.000000000000000000e+00
4.695000000000000284e+00 0.000000000000000000e+00
4.700000000000000178e+00 0.000000000000000000e+00
4.705000000000000071e+00 0.000000000000000000e+00
4.709999999999999964e+00 0.000000000000000000e+00
4.714999999999999858e+00 0.000000000000000000e+00
4.719999999999999751e+00 0.000000000000000000e+00
4.724999999999999645e+00 0.000000000000000000e+00
4.730000000000000426e+00 0.000000000000000000e+00
4.735000000000000320e+00 0.000000000000000000e+00
4.740000000000000213e+00 0.000000000000000000e+00
4.745000000000000107e+00 0.000000000000000000e+00
4.750000000000000000e+00 0.000000000000000000e+00
4.754999999999999893e+00 0.000000000000000000e+00
4.759999999999999787e+00 0.000000000000000000e+00
4.764999999999999680e+00 0.000000000000000000e+00
4.769999999999999574e+00 0.000000000000000000e+00
4.775000000000000355e+00 0.000000000000000000e+00
4.780000000000000249e+00 0.000000000000000000e+00
4.785000000000000142e+00 0.000000000000000000e+00
4.790000000000000036e+00 0.000000000000000000e+00
4.794999999999999929e+00 0.000000000000000000e+00
4.799999999999999822e+00 0.000000000000000000e+00
4.804999999999999716e+00 0.000000000000000000e+00
4.809999999999999609e+00 0.000000000000000000e+00
4.815000000000000391e+00 0.000000000000000000e+00
4.820000000000000284e+00 0.000000000000000000e+00
4.825000000000000178e+00 0.000000000000000000e+00
4.830000000000000071e+00 0.000000000000000000e+00
4.834999999999999964e+00 0.000000000000000000e+00
4.839999999999999858e+00 0.000000000000000000e+00
4.844999999999999751e+00 0.000000000000000000e+00
4.849999999999999645e+00 0.000000000000000000e+00
4.855000000000000426e+00 0.000000000000000000e+00
4.860000000000000320e+00 0.000000000000000000e+00
4.865000000000000213e+00 0.000000000000000000e+00
4.870000000000000107e+00 0.000000000000000000e+00
4.875000000000000000e+00 0.000000000000000000e+00
4.879999999999999893e+00 0.000000000000000000e+00
4.884999999999999787e+00 0.000000000000000000e+00
4.889999999999999680e+00 0.000000000000000000e+00
4.894999999999999574e+00 0.000000000000000000e+00
4.900000000000000355e+00 0.000000000000000000e+00
4.905000000000000249e+00 0.000000000000000000e+00
4.910000000000000142e+00 0.000000000000000000e+00
4.915000000000000036e+00 0.000000000000000000e+00
4.919999999999999929e+00 0.000000000000000000e+00
4.924999999999999822e+00 0.000000000000000000e+00
4.929999999999999716e+00 0.000000000000000000e+00
4.934999999999999609e+00 0.000000000000000000e+00
4.940000000000000391e+00 0.000000000000000000e+00
4.945000000000000284e+00 0.000000000000000000e+00
4.950000000000000178e+00 0.000000000000000000e+00
4.955000000000000071e+00 0.000000000000000000e+00
4.959999999999999964e+00 0.000000000000000000e+00
4.964999999999999858e+00 0.000000000000000000e+00
4.969999999999999751e+00 0.000000000000000000e+00
4.974999999999999645e+00 0.000000000000000000e+00
4.980000000000000426e+00 0.000000000000000000e+00
4.985000000000000320e+00 0.000000000000000000e+00
4.990000000000000213e+00 0.000000000000000000e+00
4.995000000000000107e+00 0.000000000000000000e+00
5.000000000000000000e+00 0.000000000000000000e+00
5.004999999999999893e+00 0.000000000000000000e+00
5.009999999999999787e+00 0.000000000000000000e+00
5.014999999999999680e+00 0.000000000000000000e+00
5.019999999999999574e+00 0.000000000000000000e+00
5.025000000000000355e+00 0.000000000000000000e+00
5.030000000000000249e+00 0.000000000000000000e+00
5.035000000000000142e+00 0.000000000000000000e+00
5.040000000000000036e+00 0.000000000000000000e+00
5.044999999999999929e+00 0.000000000000000000e+00
5.049999999999999822e+00 0.000000000000000000e+00
5.054999999999999716e+00 0.000000000000000000e+00
5.059999999999999609e+00 0.000000000000000000e+00
5.065000000000000391e+00 0.000000000000000000e+00
5.070000000000000284e+00 0.000000000000000000e+00
5.075000000000000178e+00 0.000000000000000000e+00
5.080000000000000071e+00 0.000000000000000000e+00
5.084999999999999964e+00 0.000000000000000000e+00
5.089999999999999858e+00 0.000000000000000000e+00
5.094999999999999751e+00 0.000000000000000000e+00
5.099999999999999645e+00 0.000000000000000000e+00
5.105000000000000426e+00 0.000000000000000000e+00
5.110000000000000320e+00 0.000000000000000000e+00
5.115000000000000213e+00 0.000000000000000000e+00
5.120000000000000107e+00 0.000000000000000000e+00
5.125000000000000000e+00 0.000000000000000000e+00
5.129999999999999893e+00 0.000000000000000000e+00
5.134999999999999787e+00 0.000000000000000000e+00
5.139999999999999680e+00 0.000000000000000000e+00
5.144999999999999574e+00 0.000000000000000000e+00
5.150000000000000355e+00 0.000000000000000000e+00
5.155000000000000249e+00 0.000000000000000000e+00
5.160000000000000142e+00 0.000000000000000000e+00
5.165000000000000036e+00 0.000000000000000000e+00
5.169999999999999929e+00 0.000000000000000000e+00
5.174999999999999822e+00 0.000000000000000000e+00
5.179999999999999716e+00 0.000000000000000000e+00
5.184999999999999609e+00 0.000000000000000000e+00
5.190000000000000391e+00 0.000000000000000000e+00
5.195000000000000284e+00 0.000000000000000000e+00
5.200000000000000178e+00 0.000000000000000000e+00
5.205000000000000071e+00 0.000000000000000000e+00
5.209999999999999964e+00 0.000000000000000000e+00
5.214999999999999858e+00 0.000000000000000000e+00
5.219999999999999751e+00 0.000000000000000000e+00
5.224999999999999645e+00 0.000000000000000000e+00
5.230000000000000426e+00 0.000000000000000000e+00
5.235000000000000320e+00 0.000000000000000000e+00
5.240000000000000213e+00 0.000000000000000000e+00
5.245000000000000107e+00 0.000000000000000000e+00
5.250000000000000000e+00 0.000000000000000000e+00
5.254999999999999893e+00 0.000000000000000000e+00
5.259999999999999787e+00 0.000000000000000000e+00
5.264999999999999680e+00 0.000000000000000000e+00
5.269999999999999574e+00 0.000000000000000000e+00
5.275000000000000355e+00 0.000000000000000000e+00
5.280000000000000249e+00 0.000000000000000000e+00
5.285000000000000142e+00 0.000000000000000000e+00
5.290000000000000036e+00 0.000000000000000000e+00
5.294999999999999929e+00 0.000000000000000000e+00
5.299999999999999822e+00 0.000000000000000000e+00
5.304999999999999716e+00 0.000000000000000000e+00
5.309999999999999609e+00 0.000000000000000000e+00
5.315000000000000391e+00 0.000000000000000000e+00
5.320000000000000284e+00 0.000000000000000000e+00
5.325000000000000178e+00 0.000000000000000000e+00
5.330000000000000071e+00 0.000000000000000000e+00
5.334999999999999964e+00 0.000000000000000000e+00
5.339999999999999858e+00 0.000000000000000000e+00
5.344999999999999751e+00 0.000000000000000000e+00
5.349999999999999645e+00 0.000000000000000000e+00
5.355000000000000426e+00 0.000000000000000000e+00
5.360000000000000320e+00 0.000000000000000000e+00
5.365000000000000213e+00 0.000000000000000000e+00
5.370000000000000107e+00 0.000000000000000000e+00
5.375000000000000000e+00 0.000000000000000000e+00
5.379999999999999893e+00 0.000000000000000000e+00
5.384999999999999787e+00 0.000000000000000000e+00
5.389999999999999680e+00 0.000000000000000000e+00
5.394999999999999574e+00 0.000000000000000000e+00
5.400000000000000355e+00 0.000000000000000000e+00
5.405000000000000249e+00 0.000000000000000000e+00
5.410000000000000142e+00 0.000000000000000000e+00
5.415000000000000036e+00 0.000000000000000000e+00
5.419999999999999929e+00 0.000000000000000000e+00
5.424999999999999822e+00 0.000000000000000000e+00
5.429999999999999716e+00 0.000000000000000000e+00
5.434999999999999609e+00 0.000000000000000000e+00
5.440000000000000391e+00 0.000000000000000000e+00
5.445000000000000284e+00 0.000000000000000000e+00
5.450000000000000178e+00 0.000000000000000000e+00
5.455000000000000071e+00 0.000000000000000000e+00
5.459999999999999964e+00 0.000000000000000000e+00
5.464999999999999858e+00 0.000000000000000000e+00
5.469999999999999751e+00 0.000000000000000000e+00
5.474999999999999645e+00 0.000000000000000000e+00
5.480000000000000426e+00 0.000000000000000000e+00
5.485000000000000320e+00 0.000000000000000000e+00
5.490000000000000213e+00 0.000000000000000000e+00
5.495000000000000107e+00 0.000000000000000000e+00
5.500000000000000000e+00 0.000000000000000000e+00
5.504999999999999893e+00 0.000000000000000000e+00
5.509999999999999787e+00 0.000000000000000000e+00
5.514999999999999680e+00 0.000000000000000000e+00
5.519999999999999574e+00 0.000000000000000000e+00
5.525000000000000355e+00 0.000000000000000000e+00
5.530000000000000249e+00 0.000000000000000000e+00
5.535000000000000142e+00 0.000000000000000000e+00
5.540000000000000036e+00 0.000000000000000000e+00
5.544999999999999929e+00 0.000000000000000000e+00
5.549999999999999822e+00 0.000000000000000000e+00
5.554999999999999716e+00 0.000000000000000000e+00
5.559999999999999609e+00 0.000000000000000000e+00
5.565000000000000391e+00 0.000000000000000000e+00
5.570000000000000284e+00 0.000000000000000000e+00
5.575000000000000178e+00 0.000000000000000000e+00
5.580000000000000071e+00 0.000000000000000000e+00
5.584999999999999964e+00 0.000000000000000000e+00
5.589999999999999858e+00 0.000000000000000000e+00
5.594999999999999751e+00 0.000000000000000000e+00
5.599999999999999645e+00 0.000000000000000000e+00
5.605000000000000426e+00 0.000000000000000000e+00
5.610000000000000320e+00 0.000000000000000000e+00
5.615000000000000213e+00 0.000000000000000000e+00
5.620000000000000107e+00 0.000000000000000000e+00
5.625000000000000000e+00 0.000000000000000000e+00
5.629999999999999893e+00 0.000000000000000000e+00
5.634999999999999787e+00 0.000000000000000000e+00
5.639999999999999680e+00 0.000000000000000000e+00
5.644999999999999574e+00 0.000000000000000000e+00
5.650000000000000355e+00 0.000000000000000000e+00
5.655000000000000249e+00 0.000000000000000000e+00
5.660000000000000142e+00 0.000000000000000000e+00
5.665000000000000036e+00 0.000000000000000000e+00
5.669999999999999929e+00 0.000000000000000000e+00
5.674999999999999822e+00 0.000000000000000000e+00
5.679999999999999716e+00 0.000000000000000000e+00
5.684999999999999609e+00 0.000000000000000000e+00
5.690000000000000391e+00 0.000000000000000000e+00
5.695000000000000284e+00 0.000000000000000000e+00
5.700000000000000178e+00 0.000000000000000000e+00
5.705000000000000071e+00 0.000000000000000000e+00
5.709999999999999964e+00 0.000000000000000000e+00
5.714999999999999858e+00 0.000000000000000000e+00
5.719999999999999751e+00 0.000000000000000000e+00
5.724999999999999645e+00 0.000000000000000000e+00
5.730000000000000426e+00 0.000000000000000000e+00
5.735000000000000320e+00 0.000000000000000000e+00
5.740000000000000213e+00 0.000000000000000000e+00
5.745000000000000107e+00 0.000000000000000000e+00
5.750000000000000000e+00 0.000000000000000000e+00
5.754999999999999893e+00 0.000000000000000000e+00
5.759999999999999787e+00 0.000000000000000000e+00
5.764999999999999680e+00 0.000000000000000000e+00
5.769999999999999574e+00 0.000000000000000000e+00
5.775000000000000355e+00 0.000000000000000000e+00
5.780000000000000249e+00 0.000000000000000000e+00
5.785000000000000142e+00 0.000000000000000000e+00
5.790000000000000036e+00 0.000000000000000000e+00
5.794999999999999929e+00 0.000000000000000000e+00
5.799999999999999822e+00 0.000000000000000000e+00
5.804999999999999716e+00 0.000000000000000000e+00
5.809999999999999609e+00 0.000000000000000000e+00
5.815000000000000391e+00 0.000000000000000000e+00
5.820000000000000284e+00 0.000000000000000000e+00
5.825000000000000178e+00 0.000000000000000000e+00
5.830000000000000071e+00 0.000000000000000000e+00
5.834999999999999964e+00 0.000000000000000000e+00
5.839999999999999858e+00 0.000000000000000000e+00
5.844999999999999751e+00 0.000000000000000000e+00
5.849999999999999645e+00 0.000000000000000000e+00
5.855000000000000426e+00 0.000000000000000000e+00
5.860000000000000320e+00 0.000000000000000000e+00
5.865000000000000213e+00 0.000000000000000000e+00
5.870000000000000107e+00 0.000000000000000000e+00
5.875000000000000000e+00 0.000000000000000000e+00
5.879999999999999893e+00 0.000000000000000000e+00
5.884999999999999787e+00 0.000000000000000000e+00
5.889999999999999680e+00 0.000000000000000000e+00
5.894999999999999574e+00 0.000000000000000000e+00
5.900000000000000355e+00 0.000000000000000000e+00
5.905000000000000249e+00 0.000000000000000000e+00
5.910000000000000142e+00 0.000000000000000000e+00
5.915000000000000036e+00 0.000000000000000000e+00
5.919999999999999929e+00 0.000000000000000000e+00
5.924999999999999822e+00 0.000000000000000000e+00
5.929999999999999716e+00 0.000000000000000000e+00
5.934999999999999609e+00 0.000000000000000000e+00
5.940000000000000391e+00 0.000000000000000000e+00
5.945000000000000284e+00 0.000000000000000000e+00
5.950000000000000178e+00 0.000000000000000000e+00
5.955000000000000071e+00 0.000000000000000000e+00
5.959999999999999964e+00 0.000000000000000000e+00
5.964999999999999858e+00 0.000000000000000000e+00
5.969999999999999751e+00 0.000000000000000000e+00
5.974999999999999645e+00 0.000000000000000000e+00
5.980000000000000426e+00 0.000000000000000000e+00
5.985000000000000320e+00 0.000000000000000000e+00
5.990000000000000213e+00 0.000000000000000000e+00
5.995000000000000107e+00 0.000000000000000000e+00
6.000000000000000000e+00 0.000000000000000000e+00
