5400	2.38E-07
5399	2.36E-07
5398	2.35E-07
5397	2.34E-07
5396	2.32E-07
5395	2.31E-07
5394	2.30E-07
5393	2.28E-07
5392	2.27E-07
5391	2.26E-07
5390	2.24E-07
5389	2.23E-07
5388	2.22E-07
5387	2.21E-07
5386	2.19E-07
5385	2.18E-07
5384	2.17E-07
5383	2.16E-07
5382	2.15E-07
5381	2.13E-07
5380	2.12E-07
5379	2.11E-07
5378	2.10E-07
5377	2.09E-07
5376	2.08E-07
5375	2.07E-07
5374	2.06E-07
5373	2.04E-07
5372	2.03E-07
5371	2.02E-07
5370	2.01E-07
5369	2.00E-07
5368	1.99E-07
5367	1.98E-07
5366	1.97E-07
5365	1.96E-07
5364	1.95E-07
5363	1.94E-07
5362	1.93E-07
5361	1.92E-07
5360	1.91E-07
5359	1.90E-07
5358	1.89E-07
5357	1.88E-07
5356	1.87E-07
5355	1.87E-07
5354	1.86E-07
5353	1.85E-07
5352	1.84E-07
5351	1.83E-07
5350	1.82E-07
5349	1.81E-07
5348	1.80E-07
5347	1.80E-07
5346	1.79E-07
5345	1.78E-07
5344	1.77E-07
5343	1.76E-07
5342	1.75E-07
5341	1.75E-07
5340	1.74E-07
5339	1.73E-07
5338	1.72E-07
5337	1.72E-07
5336	1.71E-07
5335	1.70E-07
5334	1.69E-07
5333	1.69E-07
5332	1.68E-07
5331	1.67E-07
5330	1.66E-07
5329	1.66E-07
5328	1.65E-07
5327	1.64E-07
5326	1.64E-07
5325	1.63E-07
5324	1.62E-07
5323	1.62E-07
5322	1.61E-07
5321	1.60E-07
5320	1.60E-07
5319	1.59E-07
5318	1.58E-07
5317	1.58E-07
5316	1.57E-07
5315	1.56E-07
5314	1.56E-07
5313	1.55E-07
5312	1.55E-07
5311	1.54E-07
5310	1.53E-07
5309	1.53E-07
5308	1.52E-07
5307	1.52E-07
5306	1.51E-07
5305	1.51E-07
5304	1.50E-07
5303	1.49E-07
5302	1.49E-07
5301	1.48E-07
5300	1.48E-07
5299	1.47E-07
5298	1.47E-07
5297	1.46E-07
5296	1.46E-07
5295	1.45E-07
5294	1.45E-07
5293	1.44E-07
5292	1.44E-07
5291	1.43E-07
5290	1.43E-07
5289	1.42E-07
5288	1.42E-07
5287	1.41E-07
5286	1.41E-07
5285	1.41E-07
5284	1.40E-07
5283	1.40E-07
5282	1.39E-07
5281	1.39E-07
5280	1.38E-07
5279	1.38E-07
5278	1.38E-07
5277	1.37E-07
5276	1.37E-07
5275	1.36E-07
5274	1.36E-07
5273	1.36E-07
5272	1.35E-07
5271	1.35E-07
5270	1.34E-07
5269	1.34E-07
5268	1.34E-07
5267	1.33E-07
5266	1.33E-07
5265	1.33E-07
5264	1.32E-07
5263	1.32E-07
5262	1.32E-07
5261	1.31E-07
5260	1.31E-07
5259	1.31E-07
5258	1.30E-07
5257	1.30E-07
5256	1.30E-07
5255	1.29E-07
5254	1.29E-07
5253	1.29E-07
5252	1.28E-07
5251	1.28E-07
5250	1.28E-07
5249	1.28E-07
5248	1.27E-07
5247	1.27E-07
5246	1.27E-07
5245	1.26E-07
5244	1.26E-07
5243	1.26E-07
5242	1.26E-07
5241	1.25E-07
5240	1.25E-07
5239	1.25E-07
5238	1.25E-07
5237	1.24E-07
5236	1.24E-07
5235	1.24E-07
5234	1.24E-07
5233	1.23E-07
5232	1.23E-07
5231	1.23E-07
5230	1.23E-07
5229	1.23E-07
5228	1.22E-07
5227	1.22E-07
5226	1.22E-07
5225	1.22E-07
5224	1.22E-07
5223	1.21E-07
5222	1.21E-07
5221	1.21E-07
5220	1.21E-07
5219	1.21E-07
5218	1.20E-07
5217	1.20E-07
5216	1.20E-07
5215	1.20E-07
5214	1.20E-07
5213	1.20E-07
5212	1.20E-07
5211	1.19E-07
5210	1.19E-07
5209	1.19E-07
5208	1.19E-07
5207	1.19E-07
5206	1.19E-07
5205	1.19E-07
5204	1.18E-07
5203	1.18E-07
5202	1.18E-07
5201	1.18E-07
5200	1.18E-07
5199	1.18E-07
5198	1.18E-07
5197	1.18E-07
5196	1.18E-07
5195	1.18E-07
5194	1.17E-07
5193	1.17E-07
5192	1.17E-07
5191	1.17E-07
5190	1.17E-07
5189	1.17E-07
5188	1.17E-07
5187	1.17E-07
5186	1.17E-07
5185	1.17E-07
5184	1.17E-07
5183	1.17E-07
5182	1.17E-07
5181	1.17E-07
5180	1.17E-07
5179	1.16E-07
5178	1.16E-07
5177	1.16E-07
5176	1.16E-07
5175	1.16E-07
5174	1.16E-07
5173	1.16E-07
5172	1.16E-07
5171	1.16E-07
5170	1.16E-07
5169	1.16E-07
5168	1.16E-07
5167	1.16E-07
5166	1.16E-07
5165	1.16E-07
5164	1.16E-07
5163	1.16E-07
5162	1.16E-07
5161	1.16E-07
5160	1.16E-07
5159	1.16E-07
5158	1.16E-07
5157	1.16E-07
5156	1.16E-07
5155	1.17E-07
5154	1.17E-07
5153	1.17E-07
5152	1.17E-07
5151	1.17E-07
5150	1.17E-07
5149	1.17E-07
5148	1.17E-07
5147	1.17E-07
5146	1.17E-07
5145	1.17E-07
5144	1.17E-07
5143	1.17E-07
5142	1.17E-07
5141	1.17E-07
5140	1.18E-07
5139	1.18E-07
5138	1.18E-07
5137	1.18E-07
5136	1.18E-07
5135	1.18E-07
5134	1.18E-07
5133	1.18E-07
5132	1.18E-07
5131	1.18E-07
5130	1.19E-07
5129	1.19E-07
5128	1.19E-07
5127	1.19E-07
5126	1.19E-07
5125	1.19E-07
5124	1.19E-07
5123	1.20E-07
5122	1.20E-07
5121	1.20E-07
5120	1.20E-07
5119	1.20E-07
5118	1.20E-07
5117	1.21E-07
5116	1.21E-07
5115	1.21E-07
5114	1.21E-07
5113	1.21E-07
5112	1.22E-07
5111	1.22E-07
5110	1.22E-07
5109	1.22E-07
5108	1.22E-07
5107	1.23E-07
5106	1.23E-07
5105	1.23E-07
5104	1.23E-07
5103	1.23E-07
5102	1.24E-07
5101	1.24E-07
5100	1.24E-07
5099	1.24E-07
5098	1.25E-07
5097	1.25E-07
5096	1.25E-07
5095	1.25E-07
5094	1.26E-07
5093	1.26E-07
5092	1.26E-07
5091	1.27E-07
5090	1.27E-07
5089	1.27E-07
5088	1.27E-07
5087	1.28E-07
5086	1.28E-07
5085	1.28E-07
5084	1.29E-07
5083	1.29E-07
5082	1.29E-07
5081	1.30E-07
5080	1.30E-07
5079	1.30E-07
5078	1.31E-07
5077	1.31E-07
5076	1.31E-07
5075	1.32E-07
5074	1.32E-07
5073	1.33E-07
5072	1.33E-07
5071	1.33E-07
5070	1.34E-07
5069	1.34E-07
5068	1.34E-07
5067	1.35E-07
5066	1.35E-07
5065	1.36E-07
5064	1.36E-07
5063	1.37E-07
5062	1.37E-07
5061	1.37E-07
5060	1.38E-07
5059	1.38E-07
5058	1.39E-07
5057	1.39E-07
5056	1.40E-07
5055	1.40E-07
5054	1.41E-07
5053	1.41E-07
5052	1.42E-07
5051	1.42E-07
5050	1.43E-07
5049	1.43E-07
5048	1.44E-07
5047	1.44E-07
5046	1.45E-07
5045	1.45E-07
5044	1.46E-07
5043	1.46E-07
5042	1.47E-07
5041	1.47E-07
5040	1.48E-07
5039	1.49E-07
5038	1.49E-07
5037	1.50E-07
5036	1.50E-07
5035	1.51E-07
5034	1.52E-07
5033	1.52E-07
5032	1.53E-07
5031	1.53E-07
5030	1.54E-07
5029	1.55E-07
5028	1.55E-07
5027	1.56E-07
5026	1.57E-07
5025	1.57E-07
5024	1.58E-07
5023	1.59E-07
5022	1.60E-07
5021	1.60E-07
5020	1.61E-07
5019	1.62E-07
5018	1.62E-07
5017	1.63E-07
5016	1.64E-07
5015	1.65E-07
5014	1.66E-07
5013	1.66E-07
5012	1.67E-07
5011	1.68E-07
5010	1.69E-07
5009	1.70E-07
5008	1.70E-07
5007	1.71E-07
5006	1.72E-07
5005	1.73E-07
5004	1.74E-07
5003	1.75E-07
5002	1.76E-07
5001	1.77E-07
5000	1.77E-07
4999	1.78E-07
4998	1.79E-07
4997	1.80E-07
4996	1.81E-07
4995	1.82E-07
4994	1.83E-07
4993	1.84E-07
4992	1.85E-07
4991	1.86E-07
4990	1.87E-07
4989	1.88E-07
4988	1.89E-07
4987	1.90E-07
4986	1.91E-07
4985	1.92E-07
4984	1.93E-07
4983	1.94E-07
4982	1.96E-07
4981	1.97E-07
4980	1.98E-07
4979	1.99E-07
4978	2.00E-07
4977	2.01E-07
4976	2.02E-07
4975	2.04E-07
4974	2.05E-07
4973	2.06E-07
4972	2.07E-07
4971	2.09E-07
4970	2.10E-07
4969	2.11E-07
4968	2.12E-07
4967	2.14E-07
4966	2.15E-07
4965	2.16E-07
4964	2.18E-07
4963	2.19E-07
4962	2.21E-07
4961	2.22E-07
4960	2.23E-07
4959	2.25E-07
4958	2.26E-07
4957	2.28E-07
4956	2.29E-07
4955	2.31E-07
4954	2.32E-07
4953	2.34E-07
4952	2.35E-07
4951	2.37E-07
4950	2.39E-07
4949	2.40E-07
4948	2.42E-07
4947	2.44E-07
4946	2.45E-07
4945	2.47E-07
4944	2.49E-07
4943	2.50E-07
4942	2.52E-07
4941	2.54E-07
4940	2.56E-07
4939	2.58E-07
4938	2.59E-07
4937	2.61E-07
4936	2.63E-07
4935	2.65E-07
4934	2.67E-07
4933	2.69E-07
4932	2.71E-07
4931	2.73E-07
4930	2.75E-07
4929	2.77E-07
4928	2.79E-07
4927	2.81E-07
4926	2.83E-07
4925	2.85E-07
4924	2.88E-07
4923	2.90E-07
4922	2.92E-07
4921	2.94E-07
4920	2.97E-07
4919	2.99E-07
4918	3.01E-07
4917	3.04E-07
4916	3.06E-07
4915	3.08E-07
4914	3.11E-07
4913	3.13E-07
4912	3.16E-07
4911	3.18E-07
4910	3.21E-07
4909	3.24E-07
4908	3.26E-07
4907	3.29E-07
4906	3.32E-07
4905	3.34E-07
4904	3.37E-07
4903	3.40E-07
4902	3.43E-07
4901	3.45E-07
4900	3.48E-07
4899	3.51E-07
4898	3.54E-07
4897	3.57E-07
4896	3.60E-07
4895	3.63E-07
4894	3.66E-07
4893	3.69E-07
4892	3.72E-07
4891	3.75E-07
4890	3.78E-07
4889	3.82E-07
4888	3.85E-07
4887	3.88E-07
4886	3.92E-07
4885	3.95E-07
4884	3.98E-07
4883	4.02E-07
4882	4.05E-07
4881	4.09E-07
4880	4.12E-07
4879	4.16E-07
4878	4.20E-07
4877	4.23E-07
4876	4.27E-07
4875	4.31E-07
4874	4.35E-07
4873	4.38E-07
4872	4.42E-07
4871	4.46E-07
4870	4.50E-07
4869	4.54E-07
4868	4.58E-07
4867	4.63E-07
4866	4.67E-07
4865	4.71E-07
4864	4.75E-07
4863	4.80E-07
4862	4.84E-07
4861	4.88E-07
4860	4.93E-07
4859	4.97E-07
4858	5.02E-07
4857	5.07E-07
4856	5.11E-07
4855	5.16E-07
4854	5.21E-07
4853	5.26E-07
4852	5.31E-07
4851	5.36E-07
4850	5.41E-07
4849	5.46E-07
4848	5.51E-07
4847	5.56E-07
4846	5.61E-07
4845	5.66E-07
4844	5.72E-07
4843	5.77E-07
4842	5.83E-07
4841	5.88E-07
4840	5.94E-07
4839	5.99E-07
4838	6.05E-07
4837	6.11E-07
4836	6.17E-07
4835	6.22E-07
4834	6.28E-07
4833	6.34E-07
4832	6.40E-07
4831	6.47E-07
4830	6.53E-07
4829	6.59E-07
4828	6.65E-07
4827	6.72E-07
4826	6.78E-07
4825	6.85E-07
4824	6.91E-07
4823	6.98E-07
4822	7.05E-07
4821	7.11E-07
4820	7.18E-07
4819	7.25E-07
4818	7.32E-07
4817	7.39E-07
4816	7.46E-07
4815	7.54E-07
4814	7.61E-07
4813	7.68E-07
4812	7.76E-07
4811	7.83E-07
4810	7.91E-07
4809	7.98E-07
4808	8.06E-07
4807	8.13E-07
4806	8.21E-07
4805	8.29E-07
4804	8.37E-07
4803	8.45E-07
4802	8.53E-07
4801	8.61E-07
4800	8.69E-07
4799	8.77E-07
4798	8.85E-07
4797	8.94E-07
4796	9.02E-07
4795	9.11E-07
4794	9.19E-07
4793	9.28E-07
4792	9.36E-07
4791	9.45E-07
4790	9.54E-07
4789	9.63E-07
4788	9.72E-07
4787	9.81E-07
4786	9.90E-07
4785	9.99E-07
4784	1.01E-06
4783	1.02E-06
4782	1.03E-06
4781	1.04E-06
4780	1.05E-06
4779	1.06E-06
4778	1.06E-06
4777	1.07E-06
4776	1.08E-06
4775	1.09E-06
4774	1.10E-06
4773	1.11E-06
4772	1.12E-06
4771	1.13E-06
4770	1.14E-06
4769	1.15E-06
4768	1.16E-06
4767	1.17E-06
4766	1.18E-06
4765	1.19E-06
4764	1.20E-06
4763	1.21E-06
4762	1.23E-06
4761	1.24E-06
4760	1.25E-06
4759	1.26E-06
4758	1.27E-06
4757	1.28E-06
4756	1.29E-06
4755	1.30E-06
4754	1.31E-06
4753	1.32E-06
4752	1.33E-06
4751	1.34E-06
4750	1.35E-06
4749	1.36E-06
4748	1.38E-06
4747	1.39E-06
4746	1.40E-06
4745	1.41E-06
4744	1.42E-06
4743	1.43E-06
4742	1.44E-06
4741	1.45E-06
4740	1.46E-06
4739	1.48E-06
4738	1.49E-06
4737	1.50E-06
4736	1.51E-06
4735	1.52E-06
4734	1.53E-06
4733	1.54E-06
4732	1.55E-06
4731	1.56E-06
4730	1.58E-06
4729	1.59E-06
4728	1.60E-06
4727	1.61E-06
4726	1.62E-06
4725	1.63E-06
4724	1.64E-06
4723	1.65E-06
4722	1.66E-06
4721	1.68E-06
4720	1.69E-06
4719	1.70E-06
4718	1.71E-06
4717	1.72E-06
4716	1.73E-06
4715	1.74E-06
4714	1.75E-06
4713	1.77E-06
4712	1.78E-06
4711	1.79E-06
4710	1.80E-06
4709	1.81E-06
4708	1.82E-06
4707	1.83E-06
4706	1.84E-06
4705	1.86E-06
4704	1.87E-06
4703	1.88E-06
4702	1.89E-06
4701	1.90E-06
4700	1.91E-06
4699	1.92E-06
4698	1.93E-06
4697	1.94E-06
4696	1.96E-06
4695	1.97E-06
4694	1.98E-06
4693	1.99E-06
4692	2.00E-06
4691	2.01E-06
4690	2.02E-06
4689	2.03E-06
4688	2.04E-06
4687	2.05E-06
4686	2.07E-06
4685	2.08E-06
4684	2.09E-06
4683	2.10E-06
4682	2.11E-06
4681	2.12E-06
4680	2.13E-06
4679	2.14E-06
4678	2.15E-06
4677	2.16E-06
4676	2.18E-06
4675	2.19E-06
4674	2.20E-06
4673	2.21E-06
4672	2.22E-06
4671	2.23E-06
4670	2.24E-06
4669	2.25E-06
4668	2.26E-06
4667	2.28E-06
4666	2.29E-06
4665	2.30E-06
4664	2.31E-06
4663	2.32E-06
4662	2.33E-06
4661	2.34E-06
4660	2.35E-06
4659	2.37E-06
4658	2.38E-06
4657	2.39E-06
4656	2.40E-06
4655	2.41E-06
4654	2.42E-06
4653	2.43E-06
4652	2.45E-06
4651	2.46E-06
4650	2.47E-06
4649	2.48E-06
4648	2.49E-06
4647	2.50E-06
4646	2.52E-06
4645	2.53E-06
4644	2.54E-06
4643	2.55E-06
4642	2.56E-06
4641	2.58E-06
4640	2.59E-06
4639	2.60E-06
4638	2.61E-06
4637	2.63E-06
4636	2.64E-06
4635	2.65E-06
4634	2.66E-06
4633	2.68E-06
4632	2.69E-06
4631	2.70E-06
4630	2.72E-06
4629	2.73E-06
4628	2.74E-06
4627	2.76E-06
4626	2.77E-06
4625	2.78E-06
4624	2.80E-06
4623	2.81E-06
4622	2.82E-06
4621	2.84E-06
4620	2.85E-06
4619	2.87E-06
4618	2.88E-06
4617	2.90E-06
4616	2.91E-06
4615	2.93E-06
4614	2.94E-06
4613	2.96E-06
4612	2.97E-06
4611	2.99E-06
4610	3.00E-06
4609	3.02E-06
4608	3.03E-06
4607	3.05E-06
4606	3.07E-06
4605	3.08E-06
4604	3.10E-06
4603	3.12E-06
4602	3.13E-06
4601	3.15E-06
4600	3.17E-06
4599	3.19E-06
4598	3.20E-06
4597	3.22E-06
4596	3.24E-06
4595	3.26E-06
4594	3.28E-06
4593	3.30E-06
4592	3.31E-06
4591	3.33E-06
4590	3.35E-06
4589	3.37E-06
4588	3.39E-06
4587	3.41E-06
4586	3.43E-06
4585	3.45E-06
4584	3.48E-06
4583	3.50E-06
4582	3.52E-06
4581	3.54E-06
4580	3.56E-06
4579	3.58E-06
4578	3.61E-06
4577	3.63E-06
4576	3.65E-06
4575	3.68E-06
4574	3.70E-06
4573	3.72E-06
4572	3.75E-06
4571	3.77E-06
4570	3.80E-06
4569	3.82E-06
4568	3.85E-06
4567	3.87E-06
4566	3.90E-06
4565	3.93E-06
4564	3.95E-06
4563	3.98E-06
4562	4.01E-06
4561	4.04E-06
4560	4.06E-06
4559	4.09E-06
4558	4.12E-06
4557	4.15E-06
4556	4.18E-06
4555	4.21E-06
4554	4.24E-06
4553	4.28E-06
4552	4.31E-06
4551	4.34E-06
4550	4.37E-06
4549	4.41E-06
4548	4.44E-06
4547	4.47E-06
4546	4.51E-06
4545	4.54E-06
4544	4.58E-06
4543	4.62E-06
4542	4.65E-06
4541	4.69E-06
4540	4.73E-06
4539	4.77E-06
4538	4.81E-06
4537	4.84E-06
4536	4.89E-06
4535	4.93E-06
4534	4.97E-06
4533	5.01E-06
4532	5.05E-06
4531	5.09E-06
4530	5.14E-06
4529	5.18E-06
4528	5.23E-06
4527	5.27E-06
4526	5.32E-06
4525	5.37E-06
4524	5.42E-06
4523	5.47E-06
4522	5.51E-06
4521	5.57E-06
4520	5.62E-06
4519	5.67E-06
4518	5.72E-06
4517	5.78E-06
4516	5.83E-06
4515	5.89E-06
4514	5.94E-06
4513	6.00E-06
4512	6.06E-06
4511	6.12E-06
4510	6.18E-06
4509	6.24E-06
4508	6.30E-06
4507	6.36E-06
4506	6.43E-06
4505	6.49E-06
4504	6.56E-06
4503	6.62E-06
4502	6.69E-06
4501	6.76E-06
4500	6.83E-06
4499	6.90E-06
4498	6.97E-06
4497	7.04E-06
4496	7.12E-06
4495	7.19E-06
4494	7.27E-06
4493	7.34E-06
4492	7.42E-06
4491	7.50E-06
4490	7.58E-06
4489	7.66E-06
4488	7.75E-06
4487	7.83E-06
4486	7.92E-06
4485	8.00E-06
4484	8.09E-06
4483	8.18E-06
4482	8.28E-06
4481	8.37E-06
4480	8.47E-06
4479	8.56E-06
4478	8.66E-06
4477	8.76E-06
4476	8.86E-06
4475	8.97E-06
4474	9.07E-06
4473	9.18E-06
4472	9.29E-06
4471	9.40E-06
4470	9.52E-06
4469	9.63E-06
4468	9.75E-06
4467	9.87E-06
4466	9.99E-06
4465	1.01E-05
4464	1.02E-05
4463	1.04E-05
4462	1.05E-05
4461	1.06E-05
4460	1.08E-05
4459	1.09E-05
4458	1.10E-05
4457	1.12E-05
4456	1.13E-05
4455	1.15E-05
4454	1.16E-05
4453	1.18E-05
4452	1.19E-05
4451	1.21E-05
4450	1.23E-05
4449	1.24E-05
4448	1.26E-05
4447	1.28E-05
4446	1.30E-05
4445	1.31E-05
4444	1.33E-05
4443	1.35E-05
4442	1.37E-05
4441	1.39E-05
4440	1.41E-05
4439	1.43E-05
4438	1.45E-05
4437	1.47E-05
4436	1.49E-05
4435	1.51E-05
4434	1.53E-05
4433	1.56E-05
4432	1.58E-05
4431	1.60E-05
4430	1.63E-05
4429	1.65E-05
4428	1.68E-05
4427	1.70E-05
4426	1.73E-05
4425	1.75E-05
4424	1.78E-05
4423	1.81E-05
4422	1.84E-05
4421	1.87E-05
4420	1.89E-05
4419	1.92E-05
4418	1.95E-05
4417	1.99E-05
4416	2.02E-05
4415	2.05E-05
4414	2.08E-05
4413	2.12E-05
4412	2.15E-05
4411	2.19E-05
4410	2.22E-05
4409	2.26E-05
4408	2.30E-05
4407	2.34E-05
4406	2.38E-05
4405	2.42E-05
4404	2.46E-05
4403	2.50E-05
4402	2.54E-05
4401	2.58E-05
4400	2.63E-05
4399	2.67E-05
4398	2.72E-05
4397	2.77E-05
4396	2.82E-05
4395	2.87E-05
4394	2.92E-05
4393	2.97E-05
4392	3.02E-05
4391	3.08E-05
4390	3.14E-05
4389	3.19E-05
4388	3.25E-05
4387	3.31E-05
4386	3.37E-05
4385	3.43E-05
4384	3.50E-05
4383	3.56E-05
4382	3.63E-05
4381	3.70E-05
4380	3.77E-05
4379	3.84E-05
4378	3.92E-05
4377	3.99E-05
4376	4.07E-05
4375	4.15E-05
4374	4.23E-05
4373	4.31E-05
4372	4.40E-05
4371	4.48E-05
4370	4.57E-05
4369	4.66E-05
4368	4.76E-05
4367	4.85E-05
4366	4.95E-05
4365	5.05E-05
4364	5.16E-05
4363	5.26E-05
4362	5.37E-05
4361	5.48E-05
4360	5.60E-05
4359	5.71E-05
4358	5.83E-05
4357	5.96E-05
4356	6.08E-05
4355	6.21E-05
4354	6.34E-05
4353	6.48E-05
4352	6.62E-05
4351	6.76E-05
4350	6.91E-05
4349	7.06E-05
4348	7.22E-05
4347	7.38E-05
4346	7.54E-05
4345	7.71E-05
4344	7.88E-05
4343	8.06E-05
4342	8.24E-05
4341	8.42E-05
4340	8.61E-05
4339	8.81E-05
4338	9.01E-05
4337	9.22E-05
4336	9.43E-05
4335	9.65E-05
4334	9.88E-05
4333	1.01E-04
4332	1.03E-04
4331	1.06E-04
4330	1.08E-04
4329	1.11E-04
4328	1.14E-04
4327	1.16E-04
4326	1.19E-04
4325	1.22E-04
4324	1.25E-04
4323	1.28E-04
4322	1.31E-04
4321	1.35E-04
4320	1.38E-04
4319	1.41E-04
4318	1.45E-04
4317	1.49E-04
4316	1.52E-04
4315	1.56E-04
4314	1.60E-04
4313	1.64E-04
4312	1.68E-04
4311	1.73E-04
4310	1.77E-04
4309	1.82E-04
4308	1.87E-04
4307	1.91E-04
4306	1.96E-04
4305	2.02E-04
4304	2.07E-04
4303	2.13E-04
4302	2.18E-04
4301	2.24E-04
4300	2.30E-04
4299	2.36E-04
4298	2.43E-04
4297	2.49E-04
4296	2.56E-04
4295	2.63E-04
4294	2.71E-04
4293	2.78E-04
4292	2.86E-04
4291	2.94E-04
4290	3.02E-04
4289	3.11E-04
4288	3.20E-04
4287	3.29E-04
4286	3.38E-04
4285	3.48E-04
4284	3.58E-04
4283	3.68E-04
4282	3.79E-04
4281	3.90E-04
4280	4.01E-04
4279	4.13E-04
4278	4.25E-04
4277	4.38E-04
4276	4.51E-04
4275	4.65E-04
4274	4.79E-04
4273	4.93E-04
4272	5.08E-04
4271	5.23E-04
4270	5.39E-04
4269	5.56E-04
4268	5.73E-04
4267	5.91E-04
4266	6.09E-04
4265	6.28E-04
4264	6.48E-04
4263	6.68E-04
4262	6.89E-04
4261	7.11E-04
4260	7.33E-04
4259	7.57E-04
4258	7.81E-04
4257	8.06E-04
4256	8.32E-04
4255	8.59E-04
4254	8.87E-04
4253	9.16E-04
4252	9.46E-04
4251	9.77E-04
4250	1.01E-03
4249	1.04E-03
4248	1.08E-03
4247	1.11E-03
4246	1.15E-03
4245	1.19E-03
4244	1.23E-03
4243	1.27E-03
4242	1.32E-03
4241	1.36E-03
4240	1.41E-03
4239	1.46E-03
4238	1.51E-03
4237	1.56E-03
4236	1.61E-03
4235	1.67E-03
4234	1.73E-03
4233	1.79E-03
4232	1.85E-03
4231	1.92E-03
4230	1.99E-03
4229	2.06E-03
4228	2.13E-03
4227	2.21E-03
4226	2.29E-03
4225	2.37E-03
4224	2.45E-03
4223	2.54E-03
4222	2.64E-03
4221	2.73E-03
4220	2.83E-03
4219	2.94E-03
4218	3.05E-03
4217	3.16E-03
4216	3.28E-03
4215	3.40E-03
4214	3.53E-03
4213	3.66E-03
4212	3.80E-03
4211	3.94E-03
4210	4.09E-03
4209	4.25E-03
4208	4.41E-03
4207	4.58E-03
4206	4.76E-03
4205	4.94E-03
4204	5.13E-03
4203	5.33E-03
4202	5.53E-03
4201	5.75E-03
4200	5.97E-03
4199	6.21E-03
4198	6.45E-03
4197	6.70E-03
4196	6.97E-03
4195	7.24E-03
4194	7.53E-03
4193	7.83E-03
4192	8.14E-03
4191	8.46E-03
4190	8.80E-03
4189	9.15E-03
4188	9.52E-03
4187	9.90E-03
4186	1.03E-02
4185	1.07E-02
4184	1.11E-02
4183	1.16E-02
4182	1.21E-02
4181	1.26E-02
4180	1.31E-02
4179	1.36E-02
4178	1.41E-02
4177	1.47E-02
4176	1.53E-02
4175	1.60E-02
4174	1.66E-02
4173	1.73E-02
4172	1.80E-02
4171	1.87E-02
4170	1.95E-02
4169	2.03E-02
4168	2.11E-02
4167	2.20E-02
4166	2.29E-02
4165	2.39E-02
4164	2.48E-02
4163	2.59E-02
4162	2.69E-02
4161	2.80E-02
4160	2.92E-02
4159	3.04E-02
4158	3.16E-02
4157	3.30E-02
4156	3.43E-02
4155	3.57E-02
4154	3.72E-02
4153	3.87E-02
4152	4.03E-02
4151	4.20E-02
4150	4.37E-02
4149	4.55E-02
4148	4.74E-02
4147	4.93E-02
4146	5.13E-02
4145	5.34E-02
4144	5.56E-02
4143	5.79E-02
4142	6.03E-02
4141	6.27E-02
4140	6.53E-02
4139	6.79E-02
4138	7.07E-02
4137	7.36E-02
4136	7.66E-02
4135	7.97E-02
4134	8.29E-02
4133	8.63E-02
4132	8.98E-02
4131	9.34E-02
4130	9.72E-02
4129	1.01E-01
4128	1.05E-01
4127	1.09E-01
4126	1.14E-01
4125	1.18E-01
4124	1.23E-01
4123	1.28E-01
4122	1.33E-01
4121	1.39E-01
4120	1.44E-01
4119	1.50E-01
4118	1.56E-01
4117	1.62E-01
4116	1.69E-01
4115	1.75E-01
4114	1.82E-01
4113	1.90E-01
4112	1.97E-01
4111	2.05E-01
4110	2.13E-01
4109	2.22E-01
4108	2.31E-01
4107	2.40E-01
4106	2.50E-01
4105	2.60E-01
4104	2.70E-01
4103	2.81E-01
4102	2.92E-01
4101	3.04E-01
4100	3.16E-01
4099	3.29E-01
4098	3.42E-01
4097	3.56E-01
4096	3.71E-01
4095	3.86E-01
4094	4.01E-01
4093	4.18E-01
4092	4.35E-01
4091	4.53E-01
4090	4.72E-01
4089	4.91E-01
4088	5.12E-01
4087	5.33E-01
4086	5.55E-01
4085	5.79E-01
4084	6.03E-01
4083	6.29E-01
4082	6.55E-01
4081	6.83E-01
4080	7.13E-01
4079	7.43E-01
4078	7.76E-01
4077	8.09E-01
4076	8.45E-01
4075	8.82E-01
4074	9.21E-01
4073	9.62E-01
4072	1.00E+00
4071	1.05E+00
4070	1.10E+00
4069	1.15E+00
4068	1.20E+00
4067	1.26E+00
4066	1.31E+00
4065	1.38E+00
4064	1.44E+00
4063	1.51E+00
4062	1.58E+00
4061	1.66E+00
4060	1.74E+00
4059	1.82E+00
4058	1.91E+00
4057	2.00E+00
4056	2.10E+00
4055	2.21E+00
4054	2.32E+00
4053	2.44E+00
4052	2.56E+00
4051	2.69E+00
4050	2.84E+00
4049	2.98E+00
4048	3.14E+00
4047	3.31E+00
4046	3.49E+00
4045	3.67E+00
4044	3.87E+00
4043	4.09E+00
4042	4.31E+00
4041	4.55E+00
4040	4.81E+00
4039	5.08E+00
4038	5.37E+00
4037	5.68E+00
4036	6.01E+00
4035	6.36E+00
4034	6.73E+00
4033	7.13E+00
4032	7.56E+00
4031	8.01E+00
4030	8.50E+00
4029	9.01E+00
4028	9.56E+00
4027	1.02E+01
4026	1.08E+01
4025	1.14E+01
4024	1.22E+01
4023	1.29E+01
4022	1.37E+01
4021	1.46E+01
4020	1.55E+01
4019	1.65E+01
4018	1.76E+01
4017	1.87E+01
4016	1.99E+01
4015	2.11E+01
4014	2.25E+01
4013	2.39E+01
4012	2.54E+01
4011	2.70E+01
4010	2.86E+01
4009	3.04E+01
4008	3.22E+01
4007	3.42E+01
4006	3.62E+01
4005	3.83E+01
4004	4.05E+01
4003	4.27E+01
4002	4.51E+01
4001	4.75E+01
4000	4.99E+01
3999	5.24E+01
3998	5.49E+01
3997	5.74E+01
3996	5.99E+01
3995	6.24E+01
3994	6.49E+01
3993	6.74E+01
3992	6.98E+01
3991	7.22E+01
3990	7.44E+01
3989	7.66E+01
3988	7.87E+01
3987	8.07E+01
3986	8.26E+01
3985	8.44E+01
3984	8.60E+01
3983	8.75E+01
3982	8.89E+01
3981	9.02E+01
3980	9.13E+01
3979	9.24E+01
3978	9.33E+01
3977	9.41E+01
3976	9.48E+01
3975	9.54E+01
3974	9.59E+01
3973	9.63E+01
3972	9.67E+01
3971	9.70E+01
3970	9.72E+01
3969	9.74E+01
3968	9.76E+01
3967	9.77E+01
3966	9.77E+01
3965	9.78E+01
3964	9.78E+01
3963	9.78E+01
3962	9.77E+01
3961	9.77E+01
3960	9.77E+01
3959	9.76E+01
3958	9.76E+01
3957	9.75E+01
3956	9.75E+01
3955	9.74E+01
3954	9.74E+01
3953	9.73E+01
3952	9.73E+01
3951	9.72E+01
3950	9.72E+01
3949	9.72E+01
3948	9.72E+01
3947	9.72E+01
3946	9.72E+01
3945	9.72E+01
3944	9.72E+01
3943	9.72E+01
3942	9.72E+01
3941	9.73E+01
3940	9.73E+01
3939	9.73E+01
3938	9.74E+01
3937	9.74E+01
3936	9.75E+01
3935	9.75E+01
3934	9.76E+01
3933	9.76E+01
3932	9.77E+01
3931	9.78E+01
3930	9.78E+01
3929	9.79E+01
3928	9.79E+01
3927	9.80E+01
3926	9.80E+01
3925	9.81E+01
3924	9.81E+01
3923	9.82E+01
3922	9.82E+01
3921	9.83E+01
3920	9.83E+01
3919	9.84E+01
3918	9.84E+01
3917	9.84E+01
3916	9.84E+01
3915	9.85E+01
3914	9.85E+01
3913	9.85E+01
3912	9.85E+01
3911	9.85E+01
3910	9.85E+01
3909	9.85E+01
3908	9.85E+01
3907	9.85E+01
3906	9.85E+01
3905	9.84E+01
3904	9.84E+01
3903	9.84E+01
3902	9.84E+01
3901	9.84E+01
3900	9.83E+01
3899	9.83E+01
3898	9.83E+01
3897	9.82E+01
3896	9.82E+01
3895	9.82E+01
3894	9.81E+01
3893	9.81E+01
3892	9.81E+01
3891	9.81E+01
3890	9.80E+01
3889	9.80E+01
3888	9.80E+01
3887	9.79E+01
3886	9.79E+01
3885	9.79E+01
3884	9.79E+01
3883	9.78E+01
3882	9.78E+01
3881	9.78E+01
3880	9.78E+01
3879	9.78E+01
3878	9.78E+01
3877	9.78E+01
3876	9.78E+01
3875	9.78E+01
3874	9.78E+01
3873	9.78E+01
3872	9.78E+01
3871	9.78E+01
3870	9.78E+01
3869	9.78E+01
3868	9.78E+01
3867	9.78E+01
3866	9.78E+01
3865	9.79E+01
3864	9.79E+01
3863	9.79E+01
3862	9.79E+01
3861	9.80E+01
3860	9.80E+01
3859	9.80E+01
3858	9.80E+01
3857	9.81E+01
3856	9.81E+01
3855	9.81E+01
3854	9.82E+01
3853	9.82E+01
3852	9.82E+01
3851	9.83E+01
3850	9.83E+01
3849	9.84E+01
3848	9.84E+01
3847	9.84E+01
3846	9.85E+01
3845	9.85E+01
3844	9.85E+01
3843	9.86E+01
3842	9.86E+01
3841	9.86E+01
3840	9.86E+01
3839	9.87E+01
3838	9.87E+01
3837	9.87E+01
3836	9.87E+01
3835	9.88E+01
3834	9.88E+01
3833	9.88E+01
3832	9.88E+01
3831	9.88E+01
3830	9.88E+01
3829	9.88E+01
3828	9.88E+01
3827	9.88E+01
3826	9.88E+01
3825	9.88E+01
3824	9.88E+01
3823	9.88E+01
3822	9.88E+01
3821	9.88E+01
3820	9.88E+01
3819	9.88E+01
3818	9.88E+01
3817	9.88E+01
3816	9.88E+01
3815	9.87E+01
3814	9.87E+01
3813	9.87E+01
3812	9.87E+01
3811	9.87E+01
3810	9.86E+01
3809	9.86E+01
3808	9.86E+01
3807	9.86E+01
3806	9.85E+01
3805	9.85E+01
3804	9.85E+01
3803	9.85E+01
3802	9.84E+01
3801	9.84E+01
3800	9.84E+01
3799	9.84E+01
3798	9.83E+01
3797	9.83E+01
3796	9.83E+01
3795	9.83E+01
3794	9.82E+01
3793	9.82E+01
3792	9.82E+01
3791	9.82E+01
3790	9.82E+01
3789	9.82E+01
3788	9.81E+01
3787	9.81E+01
3786	9.81E+01
3785	9.81E+01
3784	9.81E+01
3783	9.81E+01
3782	9.81E+01
3781	9.81E+01
3780	9.81E+01
3779	9.81E+01
3778	9.81E+01
3777	9.81E+01
3776	9.81E+01
3775	9.81E+01
3774	9.81E+01
3773	9.81E+01
3772	9.81E+01
3771	9.81E+01
3770	9.81E+01
3769	9.82E+01
3768	9.82E+01
3767	9.82E+01
3766	9.82E+01
3765	9.82E+01
3764	9.82E+01
3763	9.83E+01
3762	9.83E+01
3761	9.83E+01
3760	9.83E+01
3759	9.83E+01
3758	9.84E+01
3757	9.84E+01
3756	9.84E+01
3755	9.84E+01
3754	9.85E+01
3753	9.85E+01
3752	9.85E+01
3751	9.85E+01
3750	9.86E+01
3749	9.86E+01
3748	9.86E+01
3747	9.86E+01
3746	9.86E+01
3745	9.87E+01
3744	9.87E+01
3743	9.87E+01
3742	9.87E+01
3741	9.87E+01
3740	9.87E+01
3739	9.88E+01
3738	9.88E+01
3737	9.88E+01
3736	9.88E+01
3735	9.88E+01
3734	9.88E+01
3733	9.88E+01
3732	9.88E+01
3731	9.88E+01
3730	9.88E+01
3729	9.88E+01
3728	9.88E+01
3727	9.88E+01
3726	9.88E+01
3725	9.88E+01
3724	9.88E+01
3723	9.88E+01
3722	9.88E+01
3721	9.88E+01
3720	9.88E+01
3719	9.87E+01
3718	9.87E+01
3717	9.87E+01
3716	9.87E+01
3715	9.87E+01
3714	9.87E+01
3713	9.86E+01
3712	9.86E+01
3711	9.86E+01
3710	9.86E+01
3709	9.86E+01
3708	9.85E+01
3707	9.85E+01
3706	9.85E+01
3705	9.85E+01
3704	9.84E+01
3703	9.84E+01
3702	9.84E+01
3701	9.84E+01
3700	9.83E+01
3699	9.83E+01
3698	9.83E+01
3697	9.83E+01
3696	9.83E+01
3695	9.82E+01
3694	9.82E+01
3693	9.82E+01
3692	9.82E+01
3691	9.82E+01
3690	9.81E+01
3689	9.81E+01
3688	9.81E+01
3687	9.81E+01
3686	9.81E+01
3685	9.81E+01
3684	9.81E+01
3683	9.81E+01
3682	9.80E+01
3681	9.80E+01
3680	9.80E+01
3679	9.80E+01
3678	9.80E+01
3677	9.80E+01
3676	9.80E+01
3675	9.80E+01
3674	9.80E+01
3673	9.80E+01
3672	9.80E+01
3671	9.80E+01
3670	9.80E+01
3669	9.81E+01
3668	9.81E+01
3667	9.81E+01
3666	9.81E+01
3665	9.81E+01
3664	9.81E+01
3663	9.81E+01
3662	9.81E+01
3661	9.82E+01
3660	9.82E+01
3659	9.82E+01
3658	9.82E+01
3657	9.82E+01
3656	9.82E+01
3655	9.83E+01
3654	9.83E+01
3653	9.83E+01
3652	9.83E+01
3651	9.83E+01
3650	9.84E+01
3649	9.84E+01
3648	9.84E+01
3647	9.84E+01
3646	9.84E+01
3645	9.84E+01
3644	9.85E+01
3643	9.85E+01
3642	9.85E+01
3641	9.85E+01
3640	9.85E+01
3639	9.85E+01
3638	9.86E+01
3637	9.86E+01
3636	9.86E+01
3635	9.86E+01
3634	9.86E+01
3633	9.86E+01
3632	9.86E+01
3631	9.86E+01
3630	9.86E+01
3629	9.86E+01
3628	9.86E+01
3627	9.86E+01
3626	9.86E+01
3625	9.86E+01
3624	9.86E+01
3623	9.86E+01
3622	9.86E+01
3621	9.86E+01
3620	9.86E+01
3619	9.86E+01
3618	9.86E+01
3617	9.86E+01
3616	9.86E+01
3615	9.86E+01
3614	9.85E+01
3613	9.85E+01
3612	9.85E+01
3611	9.85E+01
3610	9.85E+01
3609	9.85E+01
3608	9.84E+01
3607	9.84E+01
3606	9.84E+01
3605	9.84E+01
3604	9.84E+01
3603	9.83E+01
3602	9.83E+01
3601	9.83E+01
3600	9.83E+01
3599	9.82E+01
3598	9.82E+01
3597	9.82E+01
3596	9.82E+01
3595	9.82E+01
3594	9.81E+01
3593	9.81E+01
3592	9.81E+01
3591	9.81E+01
3590	9.81E+01
3589	9.80E+01
3588	9.80E+01
3587	9.80E+01
3586	9.80E+01
3585	9.80E+01
3584	9.79E+01
3583	9.79E+01
3582	9.79E+01
3581	9.79E+01
3580	9.79E+01
3579	9.79E+01
3578	9.79E+01
3577	9.79E+01
3576	9.79E+01
3575	9.79E+01
3574	9.78E+01
3573	9.78E+01
3572	9.78E+01
3571	9.78E+01
3570	9.78E+01
3569	9.78E+01
3568	9.78E+01
3567	9.79E+01
3566	9.79E+01
3565	9.79E+01
3564	9.79E+01
3563	9.79E+01
3562	9.79E+01
3561	9.79E+01
3560	9.79E+01
3559	9.79E+01
3558	9.79E+01
3557	9.79E+01
3556	9.80E+01
3555	9.80E+01
3554	9.80E+01
3553	9.80E+01
3552	9.80E+01
3551	9.80E+01
3550	9.81E+01
3549	9.81E+01
3548	9.81E+01
3547	9.81E+01
3546	9.81E+01
3545	9.82E+01
3544	9.82E+01
3543	9.82E+01
3542	9.82E+01
3541	9.82E+01
3540	9.83E+01
3539	9.83E+01
3538	9.83E+01
3537	9.83E+01
3536	9.83E+01
3535	9.84E+01
3534	9.84E+01
3533	9.84E+01
3532	9.84E+01
3531	9.84E+01
3530	9.84E+01
3529	9.84E+01
3528	9.84E+01
3527	9.85E+01
3526	9.85E+01
3525	9.85E+01
3524	9.85E+01
3523	9.85E+01
3522	9.85E+01
3521	9.85E+01
3520	9.85E+01
3519	9.85E+01
3518	9.85E+01
3517	9.85E+01
3516	9.85E+01
3515	9.85E+01
3514	9.85E+01
3513	9.85E+01
3512	9.85E+01
3511	9.85E+01
3510	9.85E+01
3509	9.85E+01
3508	9.84E+01
3507	9.84E+01
3506	9.84E+01
3505	9.84E+01
3504	9.84E+01
3503	9.84E+01
3502	9.84E+01
3501	9.83E+01
3500	9.83E+01
3499	9.83E+01
3498	9.83E+01
3497	9.83E+01
3496	9.83E+01
3495	9.82E+01
3494	9.82E+01
3493	9.82E+01
3492	9.82E+01
3491	9.82E+01
3490	9.82E+01
3489	9.81E+01
3488	9.81E+01
3487	9.81E+01
3486	9.81E+01
3485	9.81E+01
3484	9.81E+01
3483	9.80E+01
3482	9.80E+01
3481	9.80E+01
3480	9.80E+01
3479	9.80E+01
3478	9.80E+01
3477	9.80E+01
3476	9.80E+01
3475	9.80E+01
3474	9.80E+01
3473	9.79E+01
3472	9.79E+01
3471	9.79E+01
3470	9.79E+01
3469	9.79E+01
3468	9.79E+01
3467	9.79E+01
3466	9.79E+01
3465	9.79E+01
3464	9.79E+01
3463	9.80E+01
3462	9.80E+01
3461	9.80E+01
3460	9.80E+01
3459	9.80E+01
3458	9.80E+01
3457	9.80E+01
3456	9.80E+01
3455	9.80E+01
3454	9.81E+01
3453	9.81E+01
3452	9.81E+01
3451	9.81E+01
3450	9.81E+01
3449	9.81E+01
3448	9.82E+01
3447	9.82E+01
3446	9.82E+01
3445	9.82E+01
3444	9.82E+01
3443	9.83E+01
3442	9.83E+01
3441	9.83E+01
3440	9.83E+01
3439	9.84E+01
3438	9.84E+01
3437	9.84E+01
3436	9.84E+01
3435	9.84E+01
3434	9.85E+01
3433	9.85E+01
3432	9.85E+01
3431	9.85E+01
3430	9.85E+01
3429	9.86E+01
3428	9.86E+01
3427	9.86E+01
3426	9.86E+01
3425	9.86E+01
3424	9.86E+01
3423	9.87E+01
3422	9.87E+01
3421	9.87E+01
3420	9.87E+01
3419	9.87E+01
3418	9.87E+01
3417	9.87E+01
3416	9.87E+01
3415	9.87E+01
3414	9.87E+01
3413	9.87E+01
3412	9.87E+01
3411	9.87E+01
3410	9.87E+01
3409	9.87E+01
3408	9.87E+01
3407	9.87E+01
3406	9.87E+01
3405	9.87E+01
3404	9.87E+01
3403	9.87E+01
3402	9.86E+01
3401	9.86E+01
3400	9.86E+01
3399	9.86E+01
3398	9.86E+01
3397	9.86E+01
3396	9.86E+01
3395	9.86E+01
3394	9.85E+01
3393	9.85E+01
3392	9.85E+01
3391	9.85E+01
3390	9.85E+01
3389	9.85E+01
3388	9.84E+01
3387	9.84E+01
3386	9.84E+01
3385	9.84E+01
3384	9.84E+01
3383	9.84E+01
3382	9.84E+01
3381	9.83E+01
3380	9.83E+01
3379	9.83E+01
3378	9.83E+01
3377	9.83E+01
3376	9.83E+01
3375	9.83E+01
3374	9.83E+01
3373	9.83E+01
3372	9.83E+01
3371	9.83E+01
3370	9.83E+01
3369	9.83E+01
3368	9.83E+01
3367	9.83E+01
3366	9.83E+01
3365	9.83E+01
3364	9.83E+01
3363	9.83E+01
3362	9.83E+01
3361	9.83E+01
3360	9.83E+01
3359	9.83E+01
3358	9.83E+01
3357	9.83E+01
3356	9.84E+01
3355	9.84E+01
3354	9.84E+01
3353	9.84E+01
3352	9.84E+01
3351	9.85E+01
3350	9.85E+01
3349	9.85E+01
3348	9.85E+01
3347	9.85E+01
3346	9.86E+01
3345	9.86E+01
3344	9.86E+01
3343	9.86E+01
3342	9.87E+01
3341	9.87E+01
3340	9.87E+01
3339	9.87E+01
3338	9.88E+01
3337	9.88E+01
3336	9.88E+01
3335	9.88E+01
3334	9.89E+01
3333	9.89E+01
3332	9.89E+01
3331	9.89E+01
3330	9.89E+01
3329	9.90E+01
3328	9.90E+01
3327	9.90E+01
3326	9.90E+01
3325	9.90E+01
3324	9.91E+01
3323	9.91E+01
3322	9.91E+01
3321	9.91E+01
3320	9.91E+01
3319	9.91E+01
3318	9.91E+01
3317	9.91E+01
3316	9.91E+01
3315	9.91E+01
3314	9.91E+01
3313	9.91E+01
3312	9.91E+01
3311	9.91E+01
3310	9.91E+01
3309	9.91E+01
3308	9.91E+01
3307	9.91E+01
3306	9.91E+01
3305	9.91E+01
3304	9.91E+01
3303	9.91E+01
3302	9.91E+01
3301	9.91E+01
3300	9.91E+01
3299	9.90E+01
3298	9.90E+01
3297	9.90E+01
3296	9.90E+01
3295	9.90E+01
3294	9.90E+01
3293	9.89E+01
3292	9.89E+01
3291	9.89E+01
3290	9.89E+01
3289	9.89E+01
3288	9.88E+01
3287	9.88E+01
3286	9.88E+01
3285	9.88E+01
3284	9.88E+01
3283	9.87E+01
3282	9.87E+01
3281	9.87E+01
3280	9.87E+01
3279	9.87E+01
3278	9.87E+01
3277	9.87E+01
3276	9.86E+01
3275	9.86E+01
3274	9.86E+01
3273	9.86E+01
3272	9.86E+01
3271	9.86E+01
3270	9.86E+01
3269	9.86E+01
3268	9.86E+01
3267	9.86E+01
3266	9.86E+01
3265	9.86E+01
3264	9.86E+01
3263	9.86E+01
3262	9.86E+01
3261	9.86E+01
3260	9.86E+01
3259	9.86E+01
3258	9.87E+01
3257	9.87E+01
3256	9.87E+01
3255	9.87E+01
3254	9.87E+01
3253	9.87E+01
3252	9.88E+01
3251	9.88E+01
3250	9.88E+01
3249	9.88E+01
3248	9.88E+01
3247	9.89E+01
3246	9.89E+01
3245	9.89E+01
3244	9.89E+01
3243	9.90E+01
3242	9.90E+01
3241	9.90E+01
3240	9.90E+01
3239	9.91E+01
3238	9.91E+01
3237	9.91E+01
3236	9.92E+01
3235	9.92E+01
3234	9.92E+01
3233	9.92E+01
3232	9.93E+01
3231	9.93E+01
3230	9.93E+01
3229	9.93E+01
3228	9.94E+01
3227	9.94E+01
3226	9.94E+01
3225	9.94E+01
3224	9.94E+01
3223	9.94E+01
3222	9.95E+01
3221	9.95E+01
3220	9.95E+01
3219	9.95E+01
3218	9.95E+01
3217	9.95E+01
3216	9.95E+01
3215	9.95E+01
3214	9.95E+01
3213	9.95E+01
3212	9.95E+01
3211	9.95E+01
3210	9.95E+01
3209	9.95E+01
3208	9.95E+01
3207	9.95E+01
3206	9.95E+01
3205	9.95E+01
3204	9.94E+01
3203	9.94E+01
3202	9.94E+01
3201	9.94E+01
3200	9.94E+01
3199	9.94E+01
3198	9.94E+01
3197	9.93E+01
3196	9.93E+01
3195	9.93E+01
3194	9.93E+01
3193	9.93E+01
3192	9.92E+01
3191	9.92E+01
3190	9.92E+01
3189	9.92E+01
3188	9.91E+01
3187	9.91E+01
3186	9.91E+01
3185	9.91E+01
3184	9.91E+01
3183	9.90E+01
3182	9.90E+01
3181	9.90E+01
3180	9.90E+01
3179	9.90E+01
3178	9.90E+01
3177	9.90E+01
3176	9.90E+01
3175	9.89E+01
3174	9.89E+01
3173	9.89E+01
3172	9.89E+01
3171	9.89E+01
3170	9.89E+01
3169	9.89E+01
3168	9.89E+01
3167	9.89E+01
3166	9.89E+01
3165	9.89E+01
3164	9.89E+01
3163	9.90E+01
3162	9.90E+01
3161	9.90E+01
3160	9.90E+01
3159	9.90E+01
3158	9.90E+01
3157	9.90E+01
3156	9.91E+01
3155	9.91E+01
3154	9.91E+01
3153	9.91E+01
3152	9.91E+01
3151	9.92E+01
3150	9.92E+01
3149	9.92E+01
3148	9.92E+01
3147	9.93E+01
3146	9.93E+01
3145	9.93E+01
3144	9.93E+01
3143	9.94E+01
3142	9.94E+01
3141	9.94E+01
3140	9.95E+01
3139	9.95E+01
3138	9.95E+01
3137	9.95E+01
3136	9.95E+01
3135	9.96E+01
3134	9.96E+01
3133	9.96E+01
3132	9.96E+01
3131	9.96E+01
3130	9.97E+01
3129	9.97E+01
3128	9.97E+01
3127	9.97E+01
3126	9.97E+01
3125	9.97E+01
3124	9.97E+01
3123	9.97E+01
3122	9.97E+01
3121	9.97E+01
3120	9.97E+01
3119	9.97E+01
3118	9.97E+01
3117	9.97E+01
3116	9.97E+01
3115	9.97E+01
3114	9.97E+01
3113	9.96E+01
3112	9.96E+01
3111	9.96E+01
3110	9.96E+01
3109	9.96E+01
3108	9.95E+01
3107	9.95E+01
3106	9.95E+01
3105	9.95E+01
3104	9.95E+01
3103	9.94E+01
3102	9.94E+01
3101	9.94E+01
3100	9.94E+01
3099	9.93E+01
3098	9.93E+01
3097	9.93E+01
3096	9.92E+01
3095	9.92E+01
3094	9.92E+01
3093	9.92E+01
3092	9.91E+01
3091	9.91E+01
3090	9.91E+01
3089	9.91E+01
3088	9.91E+01
3087	9.90E+01
3086	9.90E+01
3085	9.90E+01
3084	9.90E+01
3083	9.90E+01
3082	9.90E+01
3081	9.89E+01
3080	9.89E+01
3079	9.89E+01
3078	9.89E+01
3077	9.89E+01
3076	9.89E+01
3075	9.89E+01
3074	9.89E+01
3073	9.89E+01
3072	9.89E+01
3071	9.89E+01
3070	9.89E+01
3069	9.89E+01
3068	9.90E+01
3067	9.90E+01
3066	9.90E+01
3065	9.90E+01
3064	9.90E+01
3063	9.90E+01
3062	9.90E+01
3061	9.91E+01
3060	9.91E+01
3059	9.91E+01
3058	9.91E+01
3057	9.92E+01
3056	9.92E+01
3055	9.92E+01
3054	9.92E+01
3053	9.93E+01
3052	9.93E+01
3051	9.93E+01
3050	9.93E+01
3049	9.93E+01
3048	9.94E+01
3047	9.94E+01
3046	9.94E+01
3045	9.94E+01
3044	9.95E+01
3043	9.95E+01
3042	9.95E+01
3041	9.95E+01
3040	9.95E+01
3039	9.95E+01
3038	9.95E+01
3037	9.96E+01
3036	9.96E+01
3035	9.96E+01
3034	9.96E+01
3033	9.96E+01
3032	9.96E+01
3031	9.96E+01
3030	9.96E+01
3029	9.96E+01
3028	9.96E+01
3027	9.95E+01
3026	9.95E+01
3025	9.95E+01
3024	9.95E+01
3023	9.95E+01
3022	9.95E+01
3021	9.95E+01
3020	9.94E+01
3019	9.94E+01
3018	9.94E+01
3017	9.94E+01
3016	9.93E+01
3015	9.93E+01
3014	9.93E+01
3013	9.93E+01
3012	9.92E+01
3011	9.92E+01
3010	9.92E+01
3009	9.91E+01
3008	9.91E+01
3007	9.91E+01
3006	9.91E+01
3005	9.90E+01
3004	9.90E+01
3003	9.90E+01
3002	9.89E+01
3001	9.89E+01
3000	9.89E+01
2999	9.89E+01
2998	9.89E+01
2997	9.88E+01
2996	9.88E+01
2995	9.88E+01
2994	9.88E+01
2993	9.88E+01
2992	9.88E+01
2991	9.87E+01
2990	9.87E+01
2989	9.87E+01
2988	9.87E+01
2987	9.87E+01
2986	9.87E+01
2985	9.87E+01
2984	9.87E+01
2983	9.87E+01
2982	9.87E+01
2981	9.88E+01
2980	9.88E+01
2979	9.88E+01
2978	9.88E+01
2977	9.88E+01
2976	9.88E+01
2975	9.88E+01
2974	9.89E+01
2973	9.89E+01
2972	9.89E+01
2971	9.89E+01
2970	9.89E+01
2969	9.90E+01
2968	9.90E+01
2967	9.90E+01
2966	9.90E+01
2965	9.91E+01
2964	9.91E+01
2963	9.91E+01
2962	9.91E+01
2961	9.92E+01
2960	9.92E+01
2959	9.92E+01
2958	9.92E+01
2957	9.92E+01
2956	9.93E+01
2955	9.93E+01
2954	9.93E+01
2953	9.93E+01
2952	9.93E+01
2951	9.93E+01
2950	9.93E+01
2949	9.93E+01
2948	9.93E+01
2947	9.93E+01
2946	9.93E+01
2945	9.93E+01
2944	9.93E+01
2943	9.93E+01
2942	9.93E+01
2941	9.93E+01
2940	9.93E+01
2939	9.93E+01
2938	9.93E+01
2937	9.93E+01
2936	9.92E+01
2935	9.92E+01
2934	9.92E+01
2933	9.92E+01
2932	9.91E+01
2931	9.91E+01
2930	9.91E+01
2929	9.91E+01
2928	9.90E+01
2927	9.90E+01
2926	9.90E+01
2925	9.90E+01
2924	9.89E+01
2923	9.89E+01
2922	9.89E+01
2921	9.88E+01
2920	9.88E+01
2919	9.88E+01
2918	9.88E+01
2917	9.87E+01
2916	9.87E+01
2915	9.87E+01
2914	9.87E+01
2913	9.86E+01
2912	9.86E+01
2911	9.86E+01
2910	9.86E+01
2909	9.86E+01
2908	9.86E+01
2907	9.86E+01
2906	9.86E+01
2905	9.86E+01
2904	9.86E+01
2903	9.86E+01
2902	9.86E+01
2901	9.86E+01
2900	9.86E+01
2899	9.86E+01
2898	9.86E+01
2897	9.86E+01
2896	9.86E+01
2895	9.86E+01
2894	9.86E+01
2893	9.87E+01
2892	9.87E+01
2891	9.87E+01
2890	9.87E+01
2889	9.87E+01
2888	9.88E+01
2887	9.88E+01
2886	9.88E+01
2885	9.88E+01
2884	9.89E+01
2883	9.89E+01
2882	9.89E+01
2881	9.90E+01
2880	9.90E+01
2879	9.90E+01
2878	9.90E+01
2877	9.90E+01
2876	9.91E+01
2875	9.91E+01
2874	9.91E+01
2873	9.91E+01
2872	9.91E+01
2871	9.92E+01
2870	9.92E+01
2869	9.92E+01
2868	9.92E+01
2867	9.92E+01
2866	9.92E+01
2865	9.92E+01
2864	9.92E+01
2863	9.92E+01
2862	9.92E+01
2861	9.92E+01
2860	9.92E+01
2859	9.92E+01
2858	9.91E+01
2857	9.91E+01
2856	9.91E+01
2855	9.91E+01
2854	9.91E+01
2853	9.90E+01
2852	9.90E+01
2851	9.90E+01
2850	9.90E+01
2849	9.89E+01
2848	9.89E+01
2847	9.89E+01
2846	9.89E+01
2845	9.88E+01
2844	9.88E+01
2843	9.88E+01
2842	9.88E+01
2841	9.87E+01
2840	9.87E+01
2839	9.87E+01
2838	9.87E+01
2837	9.86E+01
2836	9.86E+01
2835	9.86E+01
2834	9.86E+01
2833	9.86E+01
2832	9.85E+01
2831	9.85E+01
2830	9.85E+01
2829	9.85E+01
2828	9.85E+01
2827	9.85E+01
2826	9.85E+01
2825	9.85E+01
2824	9.85E+01
2823	9.85E+01
2822	9.85E+01
2821	9.85E+01
2820	9.85E+01
2819	9.85E+01
2818	9.86E+01
2817	9.86E+01
2816	9.86E+01
2815	9.86E+01
2814	9.86E+01
2813	9.87E+01
2812	9.87E+01
2811	9.87E+01
2810	9.87E+01
2809	9.88E+01
2808	9.88E+01
2807	9.88E+01
2806	9.88E+01
2805	9.89E+01
2804	9.89E+01
2803	9.89E+01
2802	9.90E+01
2801	9.90E+01
2800	9.90E+01
2799	9.90E+01
2798	9.91E+01
2797	9.91E+01
2796	9.91E+01
2795	9.91E+01
2794	9.91E+01
2793	9.91E+01
2792	9.92E+01
2791	9.92E+01
2790	9.92E+01
2789	9.92E+01
2788	9.92E+01
2787	9.92E+01
2786	9.92E+01
2785	9.92E+01
2784	9.92E+01
2783	9.91E+01
2782	9.91E+01
2781	9.91E+01
2780	9.91E+01
2779	9.91E+01
2778	9.91E+01
2777	9.90E+01
2776	9.90E+01
2775	9.90E+01
2774	9.90E+01
2773	9.89E+01
2772	9.89E+01
2771	9.89E+01
2770	9.89E+01
2769	9.88E+01
2768	9.88E+01
2767	9.88E+01
2766	9.87E+01
2765	9.87E+01
2764	9.87E+01
2763	9.87E+01
2762	9.86E+01
2761	9.86E+01
2760	9.86E+01
2759	9.86E+01
2758	9.86E+01
2757	9.85E+01
2756	9.85E+01
2755	9.85E+01
2754	9.85E+01
2753	9.85E+01
2752	9.85E+01
2751	9.85E+01
2750	9.85E+01
2749	9.85E+01
2748	9.85E+01
2747	9.85E+01
2746	9.85E+01
2745	9.85E+01
2744	9.86E+01
2743	9.86E+01
2742	9.86E+01
2741	9.86E+01
2740	9.86E+01
2739	9.87E+01
2738	9.87E+01
2737	9.87E+01
2736	9.88E+01
2735	9.88E+01
2734	9.88E+01
2733	9.89E+01
2732	9.89E+01
2731	9.89E+01
2730	9.89E+01
2729	9.90E+01
2728	9.90E+01
2727	9.90E+01
2726	9.91E+01
2725	9.91E+01
2724	9.91E+01
2723	9.91E+01
2722	9.92E+01
2721	9.92E+01
2720	9.92E+01
2719	9.92E+01
2718	9.92E+01
2717	9.92E+01
2716	9.92E+01
2715	9.92E+01
2714	9.92E+01
2713	9.92E+01
2712	9.92E+01
2711	9.92E+01
2710	9.92E+01
2709	9.92E+01
2708	9.92E+01
2707	9.92E+01
2706	9.92E+01
2705	9.91E+01
2704	9.91E+01
2703	9.91E+01
2702	9.91E+01
2701	9.90E+01
2700	9.90E+01
2699	9.90E+01
2698	9.89E+01
2697	9.89E+01
2696	9.89E+01
2695	9.88E+01
2694	9.88E+01
2693	9.88E+01
2692	9.88E+01
2691	9.87E+01
2690	9.87E+01
2689	9.87E+01
2688	9.87E+01
2687	9.86E+01
2686	9.86E+01
2685	9.86E+01
2684	9.86E+01
2683	9.86E+01
2682	9.86E+01
2681	9.86E+01
2680	9.86E+01
2679	9.86E+01
2678	9.86E+01
2677	9.86E+01
2676	9.86E+01
2675	9.86E+01
2674	9.86E+01
2673	9.86E+01
2672	9.86E+01
2671	9.87E+01
2670	9.87E+01
2669	9.87E+01
2668	9.87E+01
2667	9.88E+01
2666	9.88E+01
2665	9.88E+01
2664	9.89E+01
2663	9.89E+01
2662	9.89E+01
2661	9.90E+01
2660	9.90E+01
2659	9.90E+01
2658	9.91E+01
2657	9.91E+01
2656	9.91E+01
2655	9.91E+01
2654	9.92E+01
2653	9.92E+01
2652	9.92E+01
2651	9.92E+01
2650	9.93E+01
2649	9.93E+01
2648	9.93E+01
2647	9.93E+01
2646	9.93E+01
2645	9.93E+01
2644	9.93E+01
2643	9.93E+01
2642	9.93E+01
2641	9.93E+01
2640	9.93E+01
2639	9.92E+01
2638	9.92E+01
2637	9.92E+01
2636	9.92E+01
2635	9.92E+01
2634	9.91E+01
2633	9.91E+01
2632	9.91E+01
2631	9.90E+01
2630	9.90E+01
2629	9.90E+01
2628	9.89E+01
2627	9.89E+01
2626	9.89E+01
2625	9.88E+01
2624	9.88E+01
2623	9.88E+01
2622	9.88E+01
2621	9.87E+01
2620	9.87E+01
2619	9.87E+01
2618	9.87E+01
2617	9.86E+01
2616	9.86E+01
2615	9.86E+01
2614	9.86E+01
2613	9.86E+01
2612	9.86E+01
2611	9.86E+01
2610	9.86E+01
2609	9.86E+01
2608	9.86E+01
2607	9.86E+01
2606	9.86E+01
2605	9.86E+01
2604	9.87E+01
2603	9.87E+01
2602	9.87E+01
2601	9.87E+01
2600	9.88E+01
2599	9.88E+01
2598	9.88E+01
2597	9.88E+01
2596	9.89E+01
2595	9.89E+01
2594	9.89E+01
2593	9.90E+01
2592	9.90E+01
2591	9.90E+01
2590	9.91E+01
2589	9.91E+01
2588	9.91E+01
2587	9.91E+01
2586	9.91E+01
2585	9.92E+01
2584	9.92E+01
2583	9.92E+01
2582	9.92E+01
2581	9.92E+01
2580	9.92E+01
2579	9.92E+01
2578	9.92E+01
2577	9.92E+01
2576	9.92E+01
2575	9.91E+01
2574	9.91E+01
2573	9.91E+01
2572	9.91E+01
2571	9.90E+01
2570	9.90E+01
2569	9.90E+01
2568	9.90E+01
2567	9.89E+01
2566	9.89E+01
2565	9.88E+01
2564	9.88E+01
2563	9.88E+01
2562	9.87E+01
2561	9.87E+01
2560	9.87E+01
2559	9.86E+01
2558	9.86E+01
2557	9.86E+01
2556	9.85E+01
2555	9.85E+01
2554	9.85E+01
2553	9.85E+01
2552	9.84E+01
2551	9.84E+01
2550	9.84E+01
2549	9.84E+01
2548	9.84E+01
2547	9.84E+01
2546	9.84E+01
2545	9.84E+01
2544	9.84E+01
2543	9.84E+01
2542	9.84E+01
2541	9.85E+01
2540	9.85E+01
2539	9.85E+01
2538	9.85E+01
2537	9.85E+01
2536	9.86E+01
2535	9.86E+01
2534	9.86E+01
2533	9.87E+01
2532	9.87E+01
2531	9.87E+01
2530	9.87E+01
2529	9.88E+01
2528	9.88E+01
2527	9.88E+01
2526	9.88E+01
2525	9.89E+01
2524	9.89E+01
2523	9.89E+01
2522	9.89E+01
2521	9.89E+01
2520	9.89E+01
2519	9.89E+01
2518	9.89E+01
2517	9.89E+01
2516	9.89E+01
2515	9.89E+01
2514	9.89E+01
2513	9.88E+01
2512	9.88E+01
2511	9.88E+01
2510	9.87E+01
2509	9.87E+01
2508	9.87E+01
2507	9.86E+01
2506	9.86E+01
2505	9.86E+01
2504	9.85E+01
2503	9.85E+01
2502	9.84E+01
2501	9.84E+01
2500	9.83E+01
2499	9.83E+01
2498	9.83E+01
2497	9.82E+01
2496	9.82E+01
2495	9.82E+01
2494	9.81E+01
2493	9.81E+01
2492	9.81E+01
2491	9.81E+01
2490	9.80E+01
2489	9.80E+01
2488	9.80E+01
2487	9.80E+01
2486	9.80E+01
2485	9.80E+01
2484	9.80E+01
2483	9.80E+01
2482	9.81E+01
2481	9.81E+01
2480	9.81E+01
2479	9.81E+01
2478	9.81E+01
2477	9.82E+01
2476	9.82E+01
2475	9.82E+01
2474	9.83E+01
2473	9.83E+01
2472	9.83E+01
2471	9.84E+01
2470	9.84E+01
2469	9.84E+01
2468	9.85E+01
2467	9.85E+01
2466	9.85E+01
2465	9.86E+01
2464	9.86E+01
2463	9.86E+01
2462	9.86E+01
2461	9.86E+01
2460	9.86E+01
2459	9.86E+01
2458	9.86E+01
2457	9.86E+01
2456	9.86E+01
2455	9.86E+01
2454	9.86E+01
2453	9.85E+01
2452	9.85E+01
2451	9.85E+01
2450	9.84E+01
2449	9.84E+01
2448	9.84E+01
2447	9.83E+01
2446	9.83E+01
2445	9.82E+01
2444	9.82E+01
2443	9.82E+01
2442	9.81E+01
2441	9.81E+01
2440	9.80E+01
2439	9.80E+01
2438	9.80E+01
2437	9.79E+01
2436	9.79E+01
2435	9.79E+01
2434	9.79E+01
2433	9.78E+01
2432	9.78E+01
2431	9.78E+01
2430	9.78E+01
2429	9.78E+01
2428	9.78E+01
2427	9.78E+01
2426	9.78E+01
2425	9.78E+01
2424	9.79E+01
2423	9.79E+01
2422	9.79E+01
2421	9.79E+01
2420	9.80E+01
2419	9.80E+01
2418	9.80E+01
2417	9.81E+01
2416	9.81E+01
2415	9.81E+01
2414	9.82E+01
2413	9.82E+01
2412	9.82E+01
2411	9.83E+01
2410	9.83E+01
2409	9.83E+01
2408	9.83E+01
2407	9.84E+01
2406	9.84E+01
2405	9.84E+01
2404	9.84E+01
2403	9.84E+01
2402	9.84E+01
2401	9.84E+01
2400	9.84E+01
2399	9.83E+01
2398	9.83E+01
2397	9.83E+01
2396	9.83E+01
2395	9.82E+01
2394	9.82E+01
2393	9.82E+01
2392	9.81E+01
2391	9.81E+01
2390	9.80E+01
2389	9.80E+01
2388	9.79E+01
2387	9.79E+01
2386	9.79E+01
2385	9.78E+01
2384	9.78E+01
2383	9.77E+01
2382	9.77E+01
2381	9.77E+01
2380	9.77E+01
2379	9.77E+01
2378	9.76E+01
2377	9.76E+01
2376	9.76E+01
2375	9.76E+01
2374	9.76E+01
2373	9.77E+01
2372	9.77E+01
2371	9.77E+01
2370	9.77E+01
2369	9.77E+01
2368	9.78E+01
2367	9.78E+01
2366	9.79E+01
2365	9.79E+01
2364	9.79E+01
2363	9.80E+01
2362	9.80E+01
2361	9.81E+01
2360	9.81E+01
2359	9.81E+01
2358	9.82E+01
2357	9.82E+01
2356	9.82E+01
2355	9.82E+01
2354	9.83E+01
2353	9.83E+01
2352	9.83E+01
2351	9.83E+01
2350	9.83E+01
2349	9.83E+01
2348	9.83E+01
2347	9.82E+01
2346	9.82E+01
2345	9.82E+01
2344	9.81E+01
2343	9.81E+01
2342	9.81E+01
2341	9.80E+01
2340	9.80E+01
2339	9.79E+01
2338	9.79E+01
2337	9.78E+01
2336	9.78E+01
2335	9.77E+01
2334	9.77E+01
2333	9.76E+01
2332	9.76E+01
2331	9.75E+01
2330	9.75E+01
2329	9.75E+01
2328	9.75E+01
2327	9.74E+01
2326	9.74E+01
2325	9.74E+01
2324	9.74E+01
2323	9.74E+01
2322	9.74E+01
2321	9.75E+01
2320	9.75E+01
2319	9.75E+01
2318	9.75E+01
2317	9.76E+01
2316	9.76E+01
2315	9.77E+01
2314	9.77E+01
2313	9.78E+01
2312	9.78E+01
2311	9.79E+01
2310	9.79E+01
2309	9.80E+01
2308	9.80E+01
2307	9.81E+01
2306	9.81E+01
2305	9.82E+01
2304	9.82E+01
2303	9.82E+01
2302	9.83E+01
2301	9.83E+01
2300	9.83E+01
2299	9.83E+01
2298	9.83E+01
2297	9.83E+01
2296	9.83E+01
2295	9.82E+01
2294	9.82E+01
2293	9.82E+01
2292	9.81E+01
2291	9.81E+01
2290	9.80E+01
2289	9.80E+01
2288	9.79E+01
2287	9.79E+01
2286	9.78E+01
2285	9.78E+01
2284	9.77E+01
2283	9.77E+01
2282	9.77E+01
2281	9.76E+01
2280	9.76E+01
2279	9.76E+01
2278	9.76E+01
2277	9.75E+01
2276	9.75E+01
2275	9.75E+01
2274	9.75E+01
2273	9.75E+01
2272	9.76E+01
2271	9.76E+01
2270	9.76E+01
2269	9.77E+01
2268	9.77E+01
2267	9.77E+01
2266	9.78E+01
2265	9.78E+01
2264	9.79E+01
2263	9.79E+01
2262	9.80E+01
2261	9.80E+01
2260	9.81E+01
2259	9.81E+01
2258	9.82E+01
2257	9.82E+01
2256	9.82E+01
2255	9.82E+01
2254	9.83E+01
2253	9.83E+01
2252	9.83E+01
2251	9.83E+01
2250	9.82E+01
2249	9.82E+01
2248	9.82E+01
2247	9.82E+01
2246	9.81E+01
2245	9.81E+01
2244	9.80E+01
2243	9.80E+01
2242	9.79E+01
2241	9.79E+01
2240	9.78E+01
2239	9.78E+01
2238	9.77E+01
2237	9.77E+01
2236	9.76E+01
2235	9.76E+01
2234	9.75E+01
2233	9.75E+01
2232	9.75E+01
2231	9.75E+01
2230	9.74E+01
2229	9.74E+01
2228	9.74E+01
2227	9.75E+01
2226	9.75E+01
2225	9.75E+01
2224	9.75E+01
2223	9.76E+01
2222	9.76E+01
2221	9.76E+01
2220	9.77E+01
2219	9.77E+01
2218	9.78E+01
2217	9.78E+01
2216	9.79E+01
2215	9.79E+01
2214	9.79E+01
2213	9.80E+01
2212	9.80E+01
2211	9.80E+01
2210	9.80E+01
2209	9.80E+01
2208	9.80E+01
2207	9.80E+01
2206	9.79E+01
2205	9.79E+01
2204	9.79E+01
2203	9.78E+01
2202	9.78E+01
2201	9.77E+01
2200	9.76E+01
2199	9.76E+01
2198	9.75E+01
2197	9.74E+01
2196	9.73E+01
2195	9.73E+01
2194	9.72E+01
2193	9.71E+01
2192	9.71E+01
2191	9.70E+01
2190	9.70E+01
2189	9.69E+01
2188	9.69E+01
2187	9.69E+01
2186	9.69E+01
2185	9.69E+01
2184	9.69E+01
2183	9.69E+01
2182	9.69E+01
2181	9.70E+01
2180	9.70E+01
2179	9.70E+01
2178	9.71E+01
2177	9.71E+01
2176	9.72E+01
2175	9.73E+01
2174	9.73E+01
2173	9.74E+01
2172	9.74E+01
2171	9.74E+01
2170	9.75E+01
2169	9.75E+01
2168	9.75E+01
2167	9.75E+01
2166	9.75E+01
2165	9.75E+01
2164	9.75E+01
2163	9.75E+01
2162	9.75E+01
2161	9.74E+01
2160	9.74E+01
2159	9.73E+01
2158	9.72E+01
2157	9.72E+01
2156	9.71E+01
2155	9.70E+01
2154	9.70E+01
2153	9.69E+01
2152	9.69E+01
2151	9.68E+01
2150	9.67E+01
2149	9.67E+01
2148	9.67E+01
2147	9.66E+01
2146	9.66E+01
2145	9.66E+01
2144	9.66E+01
2143	9.66E+01
2142	9.66E+01
2141	9.67E+01
2140	9.67E+01
2139	9.67E+01
2138	9.68E+01
2137	9.68E+01
2136	9.68E+01
2135	9.69E+01
2134	9.69E+01
2133	9.69E+01
2132	9.70E+01
2131	9.70E+01
2130	9.70E+01
2129	9.70E+01
2128	9.70E+01
2127	9.70E+01
2126	9.69E+01
2125	9.69E+01
2124	9.68E+01
2123	9.68E+01
2122	9.67E+01
2121	9.66E+01
2120	9.66E+01
2119	9.65E+01
2118	9.64E+01
2117	9.63E+01
2116	9.63E+01
2115	9.62E+01
2114	9.61E+01
2113	9.61E+01
2112	9.60E+01
2111	9.60E+01
2110	9.59E+01
2109	9.59E+01
2108	9.59E+01
2107	9.59E+01
2106	9.59E+01
2105	9.60E+01
2104	9.60E+01
2103	9.61E+01
2102	9.61E+01
2101	9.62E+01
2100	9.62E+01
2099	9.63E+01
2098	9.63E+01
2097	9.64E+01
2096	9.64E+01
2095	9.65E+01
2094	9.65E+01
2093	9.65E+01
2092	9.65E+01
2091	9.65E+01
2090	9.64E+01
2089	9.64E+01
2088	9.63E+01
2087	9.63E+01
2086	9.62E+01
2085	9.61E+01
2084	9.60E+01
2083	9.60E+01
2082	9.59E+01
2081	9.58E+01
2080	9.57E+01
2079	9.57E+01
2078	9.56E+01
2077	9.56E+01
2076	9.55E+01
2075	9.55E+01
2074	9.55E+01
2073	9.55E+01
2072	9.56E+01
2071	9.56E+01
2070	9.56E+01
2069	9.57E+01
2068	9.58E+01
2067	9.58E+01
2066	9.59E+01
2065	9.60E+01
2064	9.60E+01
2063	9.61E+01
2062	9.61E+01
2061	9.61E+01
2060	9.61E+01
2059	9.61E+01
2058	9.61E+01
2057	9.61E+01
2056	9.60E+01
2055	9.60E+01
2054	9.59E+01
2053	9.58E+01
2052	9.57E+01
2051	9.57E+01
2050	9.56E+01
2049	9.55E+01
2048	9.55E+01
2047	9.55E+01
2046	9.54E+01
2045	9.54E+01
2044	9.55E+01
2043	9.55E+01
2042	9.55E+01
2041	9.56E+01
2040	9.57E+01
2039	9.57E+01
2038	9.58E+01
2037	9.58E+01
2036	9.59E+01
2035	9.59E+01
2034	9.58E+01
2033	9.58E+01
2032	9.57E+01
2031	9.55E+01
2030	9.54E+01
2029	9.52E+01
2028	9.50E+01
2027	9.47E+01
2026	9.45E+01
2025	9.43E+01
2024	9.42E+01
2023	9.40E+01
2022	9.39E+01
2021	9.39E+01
2020	9.39E+01
2019	9.40E+01
2018	9.41E+01
2017	9.42E+01
2016	9.43E+01
2015	9.43E+01
2014	9.42E+01
2013	9.38E+01
2012	9.32E+01
2011	9.21E+01
2010	9.06E+01
2009	8.85E+01
2008	8.58E+01
2007	8.25E+01
2006	7.86E+01
2005	7.42E+01
2004	6.95E+01
2003	6.46E+01
2002	5.96E+01
2001	5.47E+01
2000	5.00E+01
1999	4.55E+01
1998	4.14E+01
1997	3.77E+01
1996	3.43E+01
1995	3.12E+01
1994	2.85E+01
1993	2.60E+01
1992	2.39E+01
1991	2.20E+01
1990	2.02E+01
1989	1.87E+01
1988	1.73E+01
1987	1.60E+01
1986	1.48E+01
1985	1.36E+01
1984	1.26E+01
1983	1.15E+01
1982	1.05E+01
1981	9.53E+00
1980	8.58E+00
1979	7.66E+00
1978	6.78E+00
1977	5.96E+00
1976	5.20E+00
1975	4.51E+00
1974	3.89E+00
1973	3.35E+00
1972	2.87E+00
1971	2.46E+00
1970	2.10E+00
1969	1.80E+00
1968	1.55E+00
1967	1.33E+00
1966	1.15E+00
1965	9.96E-01
1964	8.67E-01
1963	7.58E-01
1962	6.66E-01
1961	5.88E-01
1960	5.22E-01
1959	4.66E-01
1958	4.18E-01
1957	3.77E-01
1956	3.42E-01
1955	3.12E-01
1954	2.87E-01
1953	2.65E-01
1952	2.46E-01
1951	2.29E-01
1950	2.16E-01
1949	2.04E-01
1948	1.94E-01
1947	1.85E-01
1946	1.78E-01
1945	1.72E-01
1944	1.68E-01
1943	1.64E-01
1942	1.62E-01
1941	1.60E-01
1940	1.60E-01
1939	1.59E-01
1938	1.60E-01
1937	1.60E-01
1936	1.61E-01
1935	1.61E-01
1934	1.61E-01
1933	1.59E-01
1932	1.56E-01
1931	1.51E-01
1930	1.44E-01
1929	1.34E-01
1928	1.23E-01
1927	1.12E-01
1926	9.93E-02
1925	8.73E-02
1924	7.61E-02
1923	6.59E-02
1922	5.70E-02
1921	4.92E-02
1920	4.25E-02
1919	3.68E-02
1918	3.20E-02
1917	2.80E-02
1916	2.46E-02
1915	2.17E-02
1914	1.93E-02
1913	1.73E-02
1912	1.56E-02
1911	1.41E-02
1910	1.29E-02
1909	1.18E-02
1908	1.10E-02
1907	1.02E-02
1906	9.56E-03
1905	9.03E-03
1904	8.58E-03
1903	8.21E-03
1902	7.91E-03
1901	7.68E-03
1900	7.51E-03
1899	7.39E-03
1898	7.33E-03
1897	7.32E-03
1896	7.36E-03
1895	7.45E-03
1894	7.58E-03
1893	7.76E-03
1892	7.97E-03
1891	8.21E-03
1890	8.45E-03
1889	8.68E-03
1888	8.84E-03
1887	8.91E-03
1886	8.82E-03
1885	8.56E-03
1884	8.11E-03
1883	7.49E-03
1882	6.76E-03
1881	5.98E-03
1880	5.21E-03
1879	4.48E-03
1878	3.84E-03
1877	3.27E-03
1876	2.79E-03
1875	2.39E-03
1874	2.05E-03
1873	1.77E-03
1872	1.54E-03
1871	1.35E-03
1870	1.19E-03
1869	1.05E-03
1868	9.40E-04
1867	8.46E-04
1866	7.67E-04
1865	7.00E-04
1864	6.44E-04
1863	5.96E-04
1862	5.56E-04
1861	5.22E-04
1860	4.94E-04
1859	4.70E-04
1858	4.51E-04
1857	4.35E-04
1856	4.23E-04
1855	4.14E-04
1854	4.08E-04
1853	4.05E-04
1852	4.05E-04
1851	4.07E-04
1850	4.12E-04
1849	4.19E-04
1848	4.29E-04
1847	4.40E-04
1846	4.53E-04
1845	4.66E-04
1844	4.79E-04
1843	4.89E-04
1842	4.95E-04
1841	4.94E-04
1840	4.86E-04
1839	4.68E-04
1838	4.41E-04
1837	4.07E-04
1836	3.69E-04
1835	3.29E-04
1834	2.90E-04
1833	2.53E-04
1832	2.20E-04
1831	1.91E-04
1830	1.66E-04
1829	1.45E-04
1828	1.27E-04
1827	1.12E-04
1826	9.88E-05
1825	8.80E-05
1824	7.89E-05
1823	7.12E-05
1822	6.48E-05
1821	5.93E-05
1820	5.47E-05
1819	5.08E-05
1818	4.75E-05
1817	4.48E-05
1816	4.25E-05
1815	4.06E-05
1814	3.92E-05
1813	3.80E-05
1812	3.72E-05
1811	3.67E-05
1810	3.65E-05
1809	3.66E-05
1808	3.70E-05
1807	3.78E-05
1806	3.89E-05
1805	4.04E-05
1804	4.24E-05
1803	4.49E-05
1802	4.79E-05
1801	5.16E-05
1800	5.60E-05
1799	6.10E-05
1798	6.64E-05
1797	7.18E-05
1796	7.65E-05
1795	7.94E-05
1794	7.96E-05
1793	7.66E-05
1792	7.04E-05
1791	6.23E-05
1790	5.34E-05
1789	4.49E-05
1788	3.74E-05
1787	3.10E-05
1786	2.58E-05
1785	2.15E-05
1784	1.82E-05
1783	1.54E-05
1782	1.32E-05
1781	1.14E-05
1780	1.00E-05
1779	8.82E-06
1778	7.84E-06
1777	7.04E-06
1776	6.37E-06
1775	5.81E-06
1774	5.34E-06
1773	4.95E-06
1772	4.63E-06
1771	4.36E-06
1770	4.13E-06
1769	3.95E-06
1768	3.81E-06
1767	3.69E-06
1766	3.61E-06
1765	3.55E-06
1764	3.53E-06
1763	3.52E-06
1762	3.55E-06
1761	3.60E-06
1760	3.68E-06
1759	3.79E-06
1758	3.94E-06
1757	4.11E-06
1756	4.31E-06
1755	4.54E-06
1754	4.80E-06
1753	5.06E-06
1752	5.32E-06
1751	5.54E-06
1750	5.68E-06
1749	5.71E-06
1748	5.60E-06
1747	5.36E-06
1746	4.98E-06
1745	4.53E-06
1744	4.03E-06
1743	3.55E-06
1742	3.09E-06
1741	2.68E-06
1740	2.33E-06
1739	2.02E-06
1738	1.77E-06
1737	1.55E-06
1736	1.38E-06
1735	1.23E-06
1734	1.11E-06
1733	1.01E-06
1732	9.22E-07
1731	8.53E-07
1730	7.96E-07
1729	7.50E-07
1728	7.13E-07
1727	6.85E-07
1726	6.65E-07
1725	6.51E-07
1724	6.45E-07
1723	6.45E-07
1722	6.53E-07
1721	6.69E-07
1720	6.93E-07
1719	7.27E-07
1718	7.73E-07
1717	8.31E-07
1716	9.03E-07
1715	9.89E-07
1714	1.09E-06
1713	1.19E-06
1712	1.29E-06
1711	1.35E-06
1710	1.35E-06
1709	1.28E-06
1708	1.14E-06
1707	9.68E-07
1706	7.95E-07
1705	6.41E-07
1704	5.14E-07
1703	4.14E-07
1702	3.35E-07
1701	2.75E-07
1700	2.28E-07
1699	1.92E-07
1698	1.63E-07
1697	1.40E-07
1696	1.23E-07
1695	1.08E-07
1694	9.68E-08
1693	8.75E-08
1692	8.00E-08
1691	7.40E-08
1690	6.92E-08
1689	6.54E-08
1688	6.25E-08
1687	6.05E-08
1686	5.92E-08
1685	5.87E-08
1684	5.89E-08
1683	5.98E-08
1682	6.16E-08
1681	6.44E-08
1680	6.83E-08
1679	7.36E-08
1678	8.06E-08
1677	8.95E-08
1676	1.01E-07
1675	1.14E-07
1674	1.29E-07
1673	1.43E-07
1672	1.53E-07
1671	1.53E-07
1670	1.42E-07
1669	1.22E-07
1668	9.93E-08
1667	7.85E-08
1666	6.14E-08
1665	4.82E-08
1664	3.82E-08
1663	3.07E-08
1662	2.51E-08
1661	2.09E-08
1660	1.76E-08
1659	1.51E-08
1658	1.31E-08
1657	1.15E-08
1656	1.03E-08
1655	9.34E-09
1654	8.57E-09
1653	7.96E-09
1652	7.49E-09
1651	7.15E-09
1650	6.90E-09
1649	6.76E-09
1648	6.71E-09
1647	6.75E-09
1646	6.90E-09
1645	7.17E-09
1644	7.56E-09
1643	8.13E-09
1642	8.89E-09
1641	9.92E-09
1640	1.13E-08
1639	1.31E-08
1638	1.53E-08
1637	1.78E-08
1636	2.03E-08
1635	2.19E-08
1634	2.15E-08
1633	1.91E-08
1632	1.56E-08
1631	1.21E-08
1630	9.22E-09
1629	7.05E-09
1628	5.46E-09
1627	4.31E-09
1626	3.47E-09
1625	2.84E-09
1624	2.38E-09
1623	2.03E-09
1622	1.75E-09
1621	1.55E-09
1620	1.38E-09
1619	1.25E-09
1618	1.16E-09
1617	1.08E-09
1616	1.03E-09
1615	9.88E-10
1614	9.66E-10
1613	9.59E-10
1612	9.68E-10
1611	9.93E-10
1610	1.04E-09
1609	1.11E-09
1608	1.20E-09
1607	1.34E-09
1606	1.52E-09
1605	1.77E-09
1604	2.12E-09
1603	2.57E-09
1602	3.12E-09
1601	3.65E-09
1600	3.91E-09
1599	3.68E-09
1598	3.05E-09
1597	2.33E-09
1596	1.72E-09
1595	1.27E-09
1594	9.53E-10
1593	7.33E-10
1592	5.78E-10
1591	4.67E-10
1590	3.86E-10
1589	3.26E-10
1588	2.80E-10
1587	2.46E-10
1586	2.20E-10
1585	2.00E-10
1584	1.84E-10
1583	1.73E-10
1582	1.66E-10
1581	1.61E-10
1580	1.59E-10
1579	1.60E-10
1578	1.64E-10
1577	1.72E-10
1576	1.84E-10
1575	2.01E-10
1574	2.26E-10
1573	2.62E-10
1572	3.12E-10
1571	3.83E-10
1570	4.81E-10
1569	6.04E-10
1568	7.22E-10
1567	7.59E-10
1566	6.71E-10
1565	5.13E-10
1564	3.66E-10
1563	2.58E-10
1562	1.86E-10
1561	1.38E-10
1560	1.05E-10
1559	8.29E-11
1558	6.70E-11
1557	5.55E-11
1556	4.70E-11
1555	4.07E-11
1554	3.59E-11
1553	3.23E-11
1552	2.96E-11
1551	2.76E-11
1550	2.62E-11
1549	2.53E-11
1548	2.49E-11
1547	2.50E-11
1546	2.55E-11
1545	2.67E-11
1544	2.86E-11
1543	3.14E-11
1542	3.56E-11
1541	4.17E-11
1540	5.08E-11
1539	6.47E-11
1538	8.63E-11
1537	1.20E-10
1536	1.63E-10
1535	1.94E-10
1534	1.75E-10
1533	1.23E-10
1532	7.94E-11
1531	5.18E-11
1530	3.52E-11
1529	2.51E-11
1528	1.87E-11
1527	1.45E-11
1526	1.16E-11
1525	9.51E-12
1524	8.03E-12
1523	6.94E-12
1522	6.14E-12
1521	5.55E-12
1520	5.11E-12
1519	4.80E-12
1518	4.61E-12
1517	4.51E-12
1516	4.51E-12
1515	4.61E-12
1514	4.83E-12
1513	5.19E-12
1512	5.76E-12
1511	6.61E-12
1510	7.89E-12
1509	9.89E-12
1508	1.31E-11
1507	1.85E-11
1506	2.71E-11
1505	3.72E-11
1504	3.85E-11
1503	2.77E-11
1502	1.68E-11
1501	1.02E-11
1500	6.55E-12
1499	4.45E-12
1498	3.19E-12
1497	2.39E-12
1496	1.86E-12
1495	1.49E-12
1494	1.23E-12
1493	1.04E-12
1492	9.06E-13
1491	8.03E-13
1490	7.26E-13
1489	6.70E-13
1488	6.30E-13
1487	6.05E-13
1486	5.92E-13
1485	5.90E-13
1484	6.02E-13
1483	6.27E-13
1482	6.68E-13
1481	7.29E-13
1480	8.13E-13
1479	9.27E-13
1478	1.07E-12
1477	1.23E-12
1476	1.37E-12
1475	1.41E-12
1474	1.30E-12
1473	1.08E-12
1472	8.27E-13
1471	6.13E-13
1470	4.52E-13
1469	3.37E-13
1468	2.57E-13
1467	2.00E-13
1466	1.60E-13
1465	1.30E-13
1464	1.08E-13
1463	9.20E-14
1462	7.96E-14
1461	7.01E-14
1460	6.28E-14
1459	5.73E-14
1458	5.31E-14
1457	5.00E-14
1456	4.80E-14
1455	4.67E-14
1454	4.63E-14
1453	4.66E-14
1452	4.76E-14
1451	4.94E-14
1450	5.18E-14
1449	5.48E-14
1448	5.79E-14
1447	6.04E-14
1446	6.13E-14
1445	5.96E-14
1444	5.48E-14
1443	4.77E-14
1442	3.96E-14
1441	3.18E-14
1440	2.52E-14
1439	1.99E-14
1438	1.58E-14
1437	1.27E-14
1436	1.03E-14
1435	8.53E-15
1434	7.17E-15
1433	6.12E-15
1432	5.31E-15
1431	4.68E-15
1430	4.20E-15
1429	3.82E-15
1428	3.54E-15
1427	3.33E-15
1426	3.19E-15
1425	3.10E-15
1424	3.07E-15
1423	3.09E-15
1422	3.16E-15
1421	3.28E-15
1420	3.43E-15
1419	3.60E-15
1418	3.74E-15
1417	3.79E-15
1416	3.65E-15
1415	3.31E-15
1414	2.79E-15
1413	2.23E-15
1412	1.71E-15
1411	1.29E-15
1410	9.67E-16
1409	7.29E-16
1408	5.56E-16
1407	4.29E-16
1406	3.36E-16
1405	2.67E-16
1404	2.16E-16
1403	1.76E-16
1402	1.46E-16
1401	1.22E-16
1400	1.04E-16
1399	8.88E-17
1398	7.69E-17
1397	6.73E-17
1396	5.94E-17
1395	5.30E-17
1394	4.77E-17
1393	4.32E-17
1392	3.96E-17
1391	3.65E-17
1390	3.40E-17
1389	3.19E-17
1388	3.01E-17
1387	2.87E-17
1386	2.75E-17
1385	2.66E-17
1384	2.60E-17
1383	2.55E-17
1382	2.53E-17
1381	2.52E-17
1380	2.54E-17
1379	2.58E-17
1378	2.64E-17
1377	2.73E-17
1376	2.84E-17
1375	2.99E-17
1374	3.19E-17
1373	3.43E-17
1372	3.73E-17
1371	4.11E-17
1370	4.60E-17
1369	5.23E-17
1368	6.06E-17
1367	7.18E-17
1366	8.72E-17
1365	1.09E-16
1364	1.42E-16
1363	1.96E-16
1362	2.88E-16
1361	4.70E-16
1360	8.96E-16
1359	2.14E-15
1358	4.73E-15
1357	3.09E-15
1356	1.18E-15
1355	5.55E-16
1354	3.14E-16
1353	2.01E-16
1352	1.39E-16
1351	1.03E-16
1350	7.89E-17
1349	6.29E-17
1348	5.16E-17
1347	4.34E-17
1346	3.72E-17
1345	3.26E-17
1344	2.90E-17
1343	2.62E-17
1342	2.40E-17
1341	2.23E-17
1340	2.10E-17
1339	2.00E-17
1338	1.93E-17
1337	1.89E-17
1336	1.87E-17
1335	1.87E-17
1334	1.89E-17
1333	1.94E-17
1332	2.01E-17
1331	2.12E-17
1330	2.25E-17
1329	2.44E-17
1328	2.67E-17
1327	2.97E-17
1326	3.35E-17
1325	3.84E-17
1324	4.48E-17
1323	5.30E-17
1322	6.38E-17
1321	7.79E-17
1320	9.62E-17
1319	1.20E-16
1318	1.49E-16
1317	1.82E-16
1316	2.16E-16
1315	2.46E-16
1314	2.66E-16
1313	2.72E-16
1312	2.69E-16
1311	2.59E-16
1310	2.48E-16
1309	2.38E-16
1308	2.30E-16
1307	2.25E-16
1306	2.23E-16
1305	2.24E-16
1304	2.26E-16
1303	2.30E-16
1302	2.33E-16
1301	2.34E-16
1300	2.32E-16
1299	2.27E-16
1298	2.18E-16
1297	2.07E-16
1296	1.94E-16
1295	1.81E-16
1294	1.69E-16
1293	1.59E-16
1292	1.51E-16
1291	1.45E-16
1290	1.40E-16
1289	1.38E-16
1288	1.38E-16
1287	1.39E-16
1286	1.43E-16
1285	1.47E-16
1284	1.52E-16
1283	1.58E-16
1282	1.62E-16
1281	1.65E-16
1280	1.65E-16
1279	1.62E-16
1278	1.56E-16
1277	1.48E-16
1276	1.40E-16
1275	1.31E-16
1274	1.23E-16
1273	1.16E-16
1272	1.11E-16
1271	1.07E-16
1270	1.05E-16
1269	1.05E-16
1268	1.06E-16
1267	1.08E-16
1266	1.12E-16
1265	1.17E-16
1264	1.23E-16
1263	1.28E-16
1262	1.33E-16
1261	1.36E-16
1260	1.36E-16
1259	1.33E-16
1258	1.27E-16
1257	1.21E-16
1256	1.13E-16
1255	1.06E-16
1254	1.00E-16
1253	9.52E-17
1252	9.17E-17
1251	8.97E-17
1250	8.92E-17
1249	9.01E-17
1248	9.22E-17
1247	9.56E-17
1246	9.98E-17
1245	1.05E-16
1244	1.09E-16
1243	1.12E-16
1242	1.14E-16
1241	1.13E-16
1240	1.09E-16
1239	1.04E-16
1238	9.74E-17
1237	9.12E-17
1236	8.56E-17
1235	8.11E-17
1234	7.79E-17
1233	7.60E-17
1232	7.54E-17
1231	7.61E-17
1230	7.80E-17
1229	8.09E-17
1228	8.46E-17
1227	8.84E-17
1226	9.16E-17
1225	9.33E-17
1224	9.28E-17
1223	8.99E-17
1222	8.50E-17
1221	7.91E-17
1220	7.31E-17
1219	6.77E-17
1218	6.34E-17
1217	6.03E-17
1216	5.86E-17
1215	5.83E-17
1214	5.94E-17
1213	6.21E-17
1212	6.62E-17
1211	7.18E-17
1210	7.82E-17
1209	8.42E-17
1208	8.78E-17
1207	8.72E-17
1206	8.19E-17
1205	7.32E-17
1204	6.37E-17
1203	5.49E-17
1202	4.79E-17
1201	4.27E-17
1200	3.92E-17
1199	3.73E-17
1198	3.69E-17
1197	3.81E-17
1196	4.13E-17
1195	4.71E-17
1194	5.64E-17
1193	7.04E-17
1192	8.83E-17
1191	1.03E-16
1190	1.00E-16
1189	8.05E-17
1188	5.79E-17
1187	4.11E-17
1186	3.04E-17
1185	2.38E-17
1184	1.99E-17
1183	1.78E-17
1182	1.70E-17
1181	1.77E-17
1180	2.01E-17
1179	2.56E-17
1178	3.67E-17
1177	5.41E-17
1176	5.34E-17
1175	2.82E-17
1174	1.27E-17
1173	6.24E-18
1172	3.44E-18
1171	2.08E-18
1170	1.36E-18
1169	9.36E-19
1168	6.79E-19
1167	5.15E-19
1166	4.05E-19
1165	3.31E-19
1164	2.79E-19
1163	2.44E-19
1162	2.20E-19
1161	2.05E-19
1160	1.98E-19
1159	1.98E-19
1158	2.08E-19
1157	2.29E-19
1156	2.69E-19
1155	3.41E-19
1154	4.82E-19
1153	7.80E-19
1152	1.41E-18
1151	1.81E-18
1150	9.84E-19
1149	4.22E-19
1148	2.05E-19
1147	1.14E-19
1146	6.97E-20
1145	4.59E-20
1144	3.20E-20
1143	2.34E-20
1142	1.77E-20
1141	1.38E-20
1140	1.11E-20
1139	9.15E-21
1138	7.70E-21
1137	6.61E-21
1136	5.78E-21
1135	5.15E-21
1134	4.66E-21
1133	4.28E-21
1132	3.99E-21
1131	3.78E-21
1130	3.63E-21
1129	3.53E-21
1128	3.48E-21
1127	3.48E-21
1126	3.53E-21
1125	3.62E-21
1124	3.76E-21
1123	3.96E-21
1122	4.23E-21
1121	4.58E-21
1120	5.03E-21
1119	5.59E-21
1118	6.30E-21
1117	7.21E-21
1116	8.38E-21
1115	9.89E-21
1114	1.19E-20
1113	1.45E-20
1112	1.80E-20
1111	2.28E-20
1110	2.96E-20
1109	3.91E-20
1108	5.29E-20
1107	7.35E-20
1106	1.05E-19
1105	1.57E-19
1104	2.43E-19
1103	3.98E-19
1102	6.95E-19
1101	1.33E-18
1100	2.90E-18
1099	7.87E-18
1098	3.14E-17
1097	1.17E-16
1096	5.44E-17
1095	2.35E-17
1094	1.50E-17
1093	1.20E-17
1092	1.09E-17
1091	1.10E-17
1090	1.19E-17
1089	1.37E-17
1088	1.67E-17
1087	2.13E-17
1086	2.86E-17
1085	4.01E-17
1084	5.90E-17
1083	9.11E-17
1082	1.48E-16
1081	2.56E-16
1080	4.74E-16
1079	9.56E-16
1078	2.15E-15
1077	5.64E-15
1076	1.87E-14
1075	8.90E-14
1074	2.77E-13
1073	1.65E-13
1072	1.06E-13
1071	9.58E-14
1070	1.08E-13
1069	1.41E-13
1068	2.11E-13
1067	3.53E-13
1066	6.63E-13
1065	1.40E-12
1064	3.36E-12
1063	9.20E-12
1062	2.74E-11
1061	6.85E-11
1060	1.05E-10
1059	1.24E-10
1058	1.54E-10
1057	2.21E-10
1056	3.67E-10
1055	7.22E-10
1054	1.75E-09
1053	5.56E-09
1052	1.84E-08
1051	1.97E-08
1050	1.29E-08
1049	1.13E-08
1048	1.27E-08
1047	1.57E-08
1046	1.74E-08
1045	1.62E-08
1044	1.47E-08
1043	1.45E-08
1042	1.62E-08
1041	1.94E-08
1040	2.28E-08
1039	2.49E-08
1038	2.64E-08
1037	3.02E-08
1036	4.10E-08
1035	6.97E-08
1034	1.49E-07
1033	2.99E-07
1032	2.51E-07
1031	1.11E-07
1030	4.58E-08
1029	2.08E-08
1028	1.11E-08
1027	6.99E-09
1026	5.17E-09
1025	4.35E-09
1024	3.94E-09
1023	3.49E-09
1022	2.77E-09
1021	2.00E-09
1020	1.45E-09
1019	1.13E-09
1018	9.88E-10
1017	9.68E-10
1016	1.04E-09
1015	1.16E-09
1014	1.21E-09
1013	1.14E-09
1012	1.03E-09
1011	9.86E-10
1010	1.09E-09
1009	1.45E-09
1008	2.36E-09
1007	4.55E-09
1006	7.27E-09
1005	4.25E-09
1004	1.33E-09
1003	4.49E-10
1002	1.88E-10
1001	9.65E-11
1000	5.79E-11
999	3.70E-11
998	2.22E-11
997	1.16E-11
996	5.70E-12
995	2.92E-12
994	1.62E-12
993	9.53E-13
992	5.39E-13
991	2.63E-13
990	1.11E-13
989	4.44E-14
988	1.86E-14
987	8.40E-15
986	4.15E-15
985	2.24E-15
984	1.32E-15
983	8.44E-16
982	5.90E-16
981	4.53E-16
980	3.86E-16
979	3.71E-16
978	4.08E-16
977	4.73E-16
976	3.92E-16
975	1.75E-16
974	6.52E-17
973	2.66E-17
972	1.23E-17
971	6.27E-18
970	3.49E-18
969	2.07E-18
968	1.31E-18
967	8.71E-19
966	6.07E-19
965	4.43E-19
964	3.36E-19
963	2.65E-19
962	2.17E-19
961	1.85E-19
960	1.63E-19
959	1.49E-19
958	1.41E-19
957	1.39E-19
956	1.43E-19
955	1.54E-19
954	1.75E-19
953	2.09E-19
952	2.68E-19
951	3.70E-19
950	5.56E-19
949	9.00E-19
948	1.40E-18
947	1.59E-18
946	1.17E-18
945	7.47E-19
944	4.97E-19
943	3.61E-19
942	2.85E-19
941	2.42E-19
940	2.19E-19
939	2.09E-19
938	2.11E-19
937	2.24E-19
936	2.50E-19
935	2.92E-19
934	3.61E-19
933	4.71E-19
932	6.54E-19
931	9.73E-19
930	1.57E-18
929	2.79E-18
928	5.52E-18
927	1.17E-17
926	2.14E-17
925	2.50E-17
924	2.16E-17
923	1.89E-17
922	1.88E-17
921	2.14E-17
920	2.70E-17
919	3.36E-17
918	3.35E-17
917	2.48E-17
916	1.63E-17
915	1.10E-17
914	8.01E-18
913	6.36E-18
912	5.45E-18
911	5.01E-18
910	4.90E-18
909	5.07E-18
908	5.55E-18
907	6.39E-18
906	7.74E-18
905	9.86E-18
904	1.32E-17
903	1.87E-17
902	2.78E-17
901	4.37E-17
900	7.30E-17
899	1.30E-16
898	2.49E-16
897	5.12E-16
896	1.14E-15
895	2.70E-15
894	6.57E-15
893	1.50E-14
892	2.89E-14
891	4.80E-14
890	7.69E-14
889	1.31E-13
888	2.52E-13
887	5.53E-13
886	1.41E-12
885	4.27E-12
884	1.53E-11
883	6.32E-11
882	2.55E-10
881	8.05E-10
880	2.06E-09
879	4.90E-09
878	1.01E-08
877	1.59E-08
876	2.01E-08
875	2.55E-08
874	3.69E-08
873	5.78E-08
872	7.91E-08
871	9.09E-08
870	9.75E-08
869	9.35E-08
868	8.14E-08
867	7.54E-08
866	7.79E-08
865	7.94E-08
864	7.24E-08
863	6.55E-08
862	6.66E-08
861	7.46E-08
860	7.84E-08
859	6.79E-08
858	5.22E-08
857	4.02E-08
856	3.14E-08
855	2.23E-08
854	1.35E-08
853	7.64E-09
852	4.49E-09
851	2.71E-09
850	1.48E-09
849	6.48E-10
848	2.37E-10
847	8.53E-11
846	3.23E-11
845	1.20E-11
844	3.84E-12
843	1.09E-12
842	3.13E-13
841	9.90E-14
840	3.54E-14
839	1.43E-14
838	6.43E-15
837	3.22E-15
836	1.78E-15
835	1.07E-15
834	7.00E-16
833	4.90E-16
832	3.63E-16
831	2.80E-16
830	2.18E-16
829	1.65E-16
828	1.20E-16
827	8.23E-17
826	5.47E-17
825	3.61E-17
824	2.42E-17
823	1.68E-17
822	1.22E-17
821	9.24E-18
820	7.38E-18
819	6.20E-18
818	5.51E-18
817	5.18E-18
816	5.14E-18
815	5.41E-18
814	6.01E-18
813	7.04E-18
812	8.65E-18
811	1.11E-17
810	1.46E-17
809	1.94E-17
808	2.58E-17
807	3.37E-17
806	4.35E-17
805	5.57E-17
804	7.15E-17
803	9.24E-17
802	1.20E-16
801	1.57E-16
800	2.05E-16