5400	4.50E-07
5399	4.50E-07
5398	4.51E-07
5397	4.51E-07
5396	4.52E-07
5395	4.53E-07
5394	4.54E-07
5393	4.55E-07
5392	4.56E-07
5391	4.57E-07
5390	4.58E-07
5389	4.59E-07
5388	4.61E-07
5387	4.62E-07
5386	4.63E-07
5385	4.65E-07
5384	4.67E-07
5383	4.68E-07
5382	4.70E-07
5381	4.72E-07
5380	4.74E-07
5379	4.76E-07
5378	4.78E-07
5377	4.81E-07
5376	4.83E-07
5375	4.85E-07
5374	4.88E-07
5373	4.91E-07
5372	4.93E-07
5371	4.96E-07
5370	4.99E-07
5369	5.02E-07
5368	5.06E-07
5367	5.09E-07
5366	5.12E-07
5365	5.16E-07
5364	5.19E-07
5363	5.23E-07
5362	5.27E-07
5361	5.31E-07
5360	5.35E-07
5359	5.39E-07
5358	5.44E-07
5357	5.48E-07
5356	5.53E-07
5355	5.58E-07
5354	5.63E-07
5353	5.68E-07
5352	5.73E-07
5351	5.79E-07
5350	5.84E-07
5349	5.88E-07
5348	5.91E-07
5347	5.94E-07
5346	5.98E-07
5345	6.02E-07
5344	6.06E-07
5343	6.10E-07
5342	6.14E-07
5341	6.19E-07
5340	6.23E-07
5339	6.28E-07
5338	6.33E-07
5337	6.38E-07
5336	6.43E-07
5335	6.49E-07
5334	6.54E-07
5333	6.60E-07
5332	6.66E-07
5331	6.72E-07
5330	6.78E-07
5329	6.85E-07
5328	6.92E-07
5327	6.99E-07
5326	7.06E-07
5325	7.13E-07
5324	7.21E-07
5323	7.29E-07
5322	7.37E-07
5321	7.45E-07
5320	7.54E-07
5319	7.63E-07
5318	7.72E-07
5317	7.81E-07
5316	7.91E-07
5315	8.01E-07
5314	8.11E-07
5313	8.22E-07
5312	8.33E-07
5311	8.44E-07
5310	8.56E-07
5309	8.68E-07
5308	8.80E-07
5307	8.93E-07
5306	9.06E-07
5305	9.20E-07
5304	9.33E-07
5303	9.48E-07
5302	9.63E-07
5301	9.78E-07
5300	9.93E-07
5299	1.01E-06
5298	1.03E-06
5297	1.05E-06
5296	1.07E-06
5295	1.09E-06
5294	1.11E-06
5293	1.13E-06
5292	1.15E-06
5291	1.17E-06
5290	1.19E-06
5289	1.22E-06
5288	1.24E-06
5287	1.27E-06
5286	1.29E-06
5285	1.32E-06
5284	1.35E-06
5283	1.37E-06
5282	1.40E-06
5281	1.43E-06
5280	1.46E-06
5279	1.49E-06
5278	1.53E-06
5277	1.56E-06
5276	1.59E-06
5275	1.63E-06
5274	1.67E-06
5273	1.70E-06
5272	1.74E-06
5271	1.78E-06
5270	1.82E-06
5269	1.86E-06
5268	1.90E-06
5267	1.95E-06
5266	1.99E-06
5265	2.04E-06
5264	2.08E-06
5263	2.13E-06
5262	2.18E-06
5261	2.23E-06
5260	2.28E-06
5259	2.33E-06
5258	2.38E-06
5257	2.43E-06
5256	2.49E-06
5255	2.54E-06
5254	2.60E-06
5253	2.65E-06
5252	2.71E-06
5251	2.76E-06
5250	2.81E-06
5249	2.87E-06
5248	2.93E-06
5247	2.99E-06
5246	3.04E-06
5245	3.10E-06
5244	3.15E-06
5243	3.21E-06
5242	3.26E-06
5241	3.31E-06
5240	3.36E-06
5239	3.41E-06
5238	3.45E-06
5237	3.49E-06
5236	3.53E-06
5235	3.57E-06
5234	3.61E-06
5233	3.64E-06
5232	3.66E-06
5231	3.69E-06
5230	3.71E-06
5229	3.73E-06
5228	3.74E-06
5227	3.75E-06
5226	3.76E-06
5225	3.76E-06
5224	3.76E-06
5223	3.75E-06
5222	3.74E-06
5221	3.73E-06
5220	3.71E-06
5219	3.69E-06
5218	3.67E-06
5217	3.65E-06
5216	3.62E-06
5215	3.59E-06
5214	3.55E-06
5213	3.52E-06
5212	3.48E-06
5211	3.44E-06
5210	3.40E-06
5209	3.35E-06
5208	3.31E-06
5207	3.26E-06
5206	3.21E-06
5205	3.17E-06
5204	3.12E-06
5203	3.07E-06
5202	3.02E-06
5201	2.97E-06
5200	2.92E-06
5199	2.87E-06
5198	2.82E-06
5197	2.77E-06
5196	2.72E-06
5195	2.67E-06
5194	2.62E-06
5193	2.57E-06
5192	2.52E-06
5191	2.47E-06
5190	2.43E-06
5189	2.38E-06
5188	2.33E-06
5187	2.29E-06
5186	2.25E-06
5185	2.20E-06
5184	2.16E-06
5183	2.12E-06
5182	2.08E-06
5181	2.04E-06
5180	2.00E-06
5179	1.97E-06
5178	1.93E-06
5177	1.89E-06
5176	1.86E-06
5175	1.82E-06
5174	1.79E-06
5173	1.76E-06
5172	1.73E-06
5171	1.70E-06
5170	1.67E-06
5169	1.64E-06
5168	1.61E-06
5167	1.58E-06
5166	1.55E-06
5165	1.53E-06
5164	1.50E-06
5163	1.48E-06
5162	1.45E-06
5161	1.43E-06
5160	1.41E-06
5159	1.38E-06
5158	1.36E-06
5157	1.34E-06
5156	1.32E-06
5155	1.30E-06
5154	1.28E-06
5153	1.26E-06
5152	1.24E-06
5151	1.22E-06
5150	1.21E-06
5149	1.19E-06
5148	1.18E-06
5147	1.16E-06
5146	1.15E-06
5145	1.13E-06
5144	1.12E-06
5143	1.10E-06
5142	1.09E-06
5141	1.08E-06
5140	1.07E-06
5139	1.05E-06
5138	1.04E-06
5137	1.03E-06
5136	1.02E-06
5135	1.01E-06
5134	9.96E-07
5133	9.86E-07
5132	9.76E-07
5131	9.66E-07
5130	9.57E-07
5129	9.47E-07
5128	9.38E-07
5127	9.29E-07
5126	9.21E-07
5125	9.13E-07
5124	9.05E-07
5123	8.97E-07
5122	8.89E-07
5121	8.82E-07
5120	8.75E-07
5119	8.68E-07
5118	8.61E-07
5117	8.55E-07
5116	8.48E-07
5115	8.42E-07
5114	8.36E-07
5113	8.31E-07
5112	8.25E-07
5111	8.20E-07
5110	8.15E-07
5109	8.10E-07
5108	8.05E-07
5107	8.00E-07
5106	7.96E-07
5105	7.92E-07
5104	7.88E-07
5103	7.84E-07
5102	7.80E-07
5101	7.76E-07
5100	7.73E-07
5099	7.69E-07
5098	7.64E-07
5097	7.60E-07
5096	7.56E-07
5095	7.52E-07
5094	7.49E-07
5093	7.45E-07
5092	7.42E-07
5091	7.39E-07
5090	7.36E-07
5089	7.33E-07
5088	7.30E-07
5087	7.28E-07
5086	7.26E-07
5085	7.24E-07
5084	7.22E-07
5083	7.20E-07
5082	7.19E-07
5081	7.17E-07
5080	7.16E-07
5079	7.15E-07
5078	7.14E-07
5077	7.14E-07
5076	7.13E-07
5075	7.13E-07
5074	7.13E-07
5073	7.13E-07
5072	7.13E-07
5071	7.14E-07
5070	7.14E-07
5069	7.15E-07
5068	7.17E-07
5067	7.18E-07
5066	7.20E-07
5065	7.21E-07
5064	7.24E-07
5063	7.26E-07
5062	7.28E-07
5061	7.31E-07
5060	7.34E-07
5059	7.38E-07
5058	7.42E-07
5057	7.46E-07
5056	7.50E-07
5055	7.55E-07
5054	7.60E-07
5053	7.65E-07
5052	7.71E-07
5051	7.77E-07
5050	7.83E-07
5049	7.90E-07
5048	7.98E-07
5047	8.06E-07
5046	8.15E-07
5045	8.24E-07
5044	8.34E-07
5043	8.44E-07
5042	8.55E-07
5041	8.67E-07
5040	8.79E-07
5039	8.92E-07
5038	9.05E-07
5037	9.20E-07
5036	9.35E-07
5035	9.51E-07
5034	9.68E-07
5033	9.87E-07
5032	1.01E-06
5031	1.03E-06
5030	1.05E-06
5029	1.07E-06
5028	1.10E-06
5027	1.12E-06
5026	1.15E-06
5025	1.18E-06
5024	1.21E-06
5023	1.24E-06
5022	1.28E-06
5021	1.31E-06
5020	1.35E-06
5019	1.39E-06
5018	1.44E-06
5017	1.49E-06
5016	1.54E-06
5015	1.59E-06
5014	1.65E-06
5013	1.71E-06
5012	1.78E-06
5011	1.85E-06
5010	1.92E-06
5009	2.00E-06
5008	2.08E-06
5007	2.17E-06
5006	2.26E-06
5005	2.36E-06
5004	2.45E-06
5003	2.56E-06
5002	2.66E-06
5001	2.76E-06
5000	2.86E-06
4999	2.97E-06
4998	3.07E-06
4997	3.16E-06
4996	3.23E-06
4995	3.30E-06
4994	3.34E-06
4993	3.37E-06
4992	3.37E-06
4991	3.34E-06
4990	3.30E-06
4989	3.22E-06
4988	3.13E-06
4987	3.01E-06
4986	2.88E-06
4985	2.74E-06
4984	2.59E-06
4983	2.43E-06
4982	2.27E-06
4981	2.12E-06
4980	1.97E-06
4979	1.82E-06
4978	1.68E-06
4977	1.55E-06
4976	1.43E-06
4975	1.32E-06
4974	1.21E-06
4973	1.12E-06
4972	1.03E-06
4971	9.48E-07
4970	8.74E-07
4969	8.06E-07
4968	7.44E-07
4967	6.87E-07
4966	6.35E-07
4965	5.88E-07
4964	5.45E-07
4963	5.05E-07
4962	4.69E-07
4961	4.36E-07
4960	4.05E-07
4959	3.77E-07
4958	3.51E-07
4957	3.28E-07
4956	3.06E-07
4955	2.86E-07
4954	2.68E-07
4953	2.51E-07
4952	2.35E-07
4951	2.20E-07
4950	2.07E-07
4949	1.94E-07
4948	1.82E-07
4947	1.71E-07
4946	1.61E-07
4945	1.52E-07
4944	1.43E-07
4943	1.35E-07
4942	1.27E-07
4941	1.20E-07
4940	1.13E-07
4939	1.07E-07
4938	1.01E-07
4937	9.58E-08
4936	9.07E-08
4935	8.59E-08
4934	8.14E-08
4933	7.72E-08
4932	7.32E-08
4931	6.95E-08
4930	6.60E-08
4929	6.27E-08
4928	5.96E-08
4927	5.66E-08
4926	5.39E-08
4925	5.13E-08
4924	4.88E-08
4923	4.65E-08
4922	4.43E-08
4921	4.22E-08
4920	4.02E-08
4919	3.84E-08
4918	3.66E-08
4917	3.49E-08
4916	3.34E-08
4915	3.19E-08
4914	3.04E-08
4913	2.91E-08
4912	2.78E-08
4911	2.66E-08
4910	2.54E-08
4909	2.43E-08
4908	2.33E-08
4907	2.23E-08
4906	2.13E-08
4905	2.04E-08
4904	1.96E-08
4903	1.88E-08
4902	1.80E-08
4901	1.72E-08
4900	1.65E-08
4899	1.58E-08
4898	1.51E-08
4897	1.45E-08
4896	1.39E-08
4895	1.33E-08
4894	1.27E-08
4893	1.22E-08
4892	1.17E-08
4891	1.12E-08
4890	1.07E-08
4889	1.03E-08
4888	9.84E-09
4887	9.44E-09
4886	9.05E-09
4885	8.68E-09
4884	8.33E-09
4883	7.99E-09
4882	7.67E-09
4881	7.36E-09
4880	7.06E-09
4879	6.78E-09
4878	6.51E-09
4877	6.25E-09
4876	6.00E-09
4875	5.77E-09
4874	5.54E-09
4873	5.32E-09
4872	5.12E-09
4871	4.92E-09
4870	4.72E-09
4869	4.54E-09
4868	4.37E-09
4867	4.20E-09
4866	4.04E-09
4865	3.88E-09
4864	3.73E-09
4863	3.59E-09
4862	3.46E-09
4861	3.32E-09
4860	3.20E-09
4859	3.08E-09
4858	2.96E-09
4857	2.85E-09
4856	2.75E-09
4855	2.64E-09
4854	2.54E-09
4853	2.45E-09
4852	2.36E-09
4851	2.27E-09
4850	2.19E-09
4849	2.23E-09
4848	2.28E-09
4847	2.32E-09
4846	2.37E-09
4845	2.41E-09
4844	2.46E-09
4843	2.51E-09
4842	2.56E-09
4841	2.62E-09
4840	2.67E-09
4839	2.73E-09
4838	2.78E-09
4837	2.84E-09
4836	2.90E-09
4835	2.96E-09
4834	3.03E-09
4833	3.09E-09
4832	3.16E-09
4831	3.23E-09
4830	3.30E-09
4829	3.37E-09
4828	3.44E-09
4827	3.52E-09
4826	3.60E-09
4825	3.68E-09
4824	3.76E-09
4823	3.84E-09
4822	3.93E-09
4821	4.02E-09
4820	4.11E-09
4819	4.21E-09
4818	4.30E-09
4817	4.40E-09
4816	4.51E-09
4815	4.61E-09
4814	4.72E-09
4813	4.83E-09
4812	4.95E-09
4811	5.07E-09
4810	5.19E-09
4809	5.31E-09
4808	5.44E-09
4807	5.58E-09
4806	5.71E-09
4805	5.85E-09
4804	6.00E-09
4803	6.14E-09
4802	6.30E-09
4801	6.45E-09
4800	6.62E-09
4799	7.25E-09
4798	7.95E-09
4797	8.72E-09
4796	9.57E-09
4795	1.05E-08
4794	1.15E-08
4793	1.26E-08
4792	1.39E-08
4791	1.52E-08
4790	1.67E-08
4789	1.83E-08
4788	2.02E-08
4787	2.21E-08
4786	2.43E-08
4785	2.67E-08
4784	2.93E-08
4783	3.23E-08
4782	3.54E-08
4781	3.90E-08
4780	4.28E-08
4779	4.71E-08
4778	5.18E-08
4777	5.70E-08
4776	6.27E-08
4775	6.90E-08
4774	7.59E-08
4773	8.36E-08
4772	9.20E-08
4771	1.01E-07
4770	1.12E-07
4769	1.23E-07
4768	1.35E-07
4767	1.49E-07
4766	1.64E-07
4765	1.81E-07
4764	2.00E-07
4763	2.20E-07
4762	2.43E-07
4761	2.67E-07
4760	2.95E-07
4759	3.25E-07
4758	3.59E-07
4757	3.96E-07
4756	4.37E-07
4755	4.83E-07
4754	5.33E-07
4753	5.88E-07
4752	6.49E-07
4751	7.17E-07
4750	7.92E-07
4749	8.07E-07
4748	8.23E-07
4747	8.38E-07
4746	8.55E-07
4745	8.71E-07
4744	8.88E-07
4743	9.06E-07
4742	9.23E-07
4741	9.42E-07
4740	9.61E-07
4739	9.80E-07
4738	1.00E-06
4737	1.02E-06
4736	1.04E-06
4735	1.06E-06
4734	1.08E-06
4733	1.11E-06
4732	1.13E-06
4731	1.15E-06
4730	1.18E-06
4729	1.20E-06
4728	1.23E-06
4727	1.25E-06
4726	1.28E-06
4725	1.31E-06
4724	1.34E-06
4723	1.37E-06
4722	1.40E-06
4721	1.43E-06
4720	1.46E-06
4719	1.49E-06
4718	1.53E-06
4717	1.56E-06
4716	1.60E-06
4715	1.64E-06
4714	1.67E-06
4713	1.71E-06
4712	1.75E-06
4711	1.79E-06
4710	1.84E-06
4709	1.88E-06
4708	1.92E-06
4707	1.97E-06
4706	2.02E-06
4705	2.07E-06
4704	2.12E-06
4703	2.17E-06
4702	2.22E-06
4701	2.28E-06
4700	2.33E-06
4699	2.33E-06
4698	2.33E-06
4697	2.33E-06
4696	2.33E-06
4695	2.32E-06
4694	2.32E-06
4693	2.32E-06
4692	2.32E-06
4691	2.32E-06
4690	2.32E-06
4689	2.32E-06
4688	2.32E-06
4687	2.32E-06
4686	2.32E-06
4685	2.32E-06
4684	2.32E-06
4683	2.33E-06
4682	2.33E-06
4681	2.33E-06
4680	2.33E-06
4679	2.33E-06
4678	2.34E-06
4677	2.34E-06
4676	2.34E-06
4675	2.35E-06
4674	2.35E-06
4673	2.35E-06
4672	2.36E-06
4671	2.36E-06
4670	2.36E-06
4669	2.37E-06
4668	2.37E-06
4667	2.38E-06
4666	2.38E-06
4665	2.39E-06
4664	2.39E-06
4663	2.40E-06
4662	2.41E-06
4661	2.41E-06
4660	2.42E-06
4659	2.43E-06
4658	2.43E-06
4657	2.44E-06
4656	2.45E-06
4655	2.45E-06
4654	2.46E-06
4653	2.47E-06
4652	2.48E-06
4651	2.49E-06
4650	2.49E-06
4649	2.48E-06
4648	2.46E-06
4647	2.44E-06
4646	2.43E-06
4645	2.41E-06
4644	2.40E-06
4643	2.38E-06
4642	2.37E-06
4641	2.35E-06
4640	2.34E-06
4639	2.32E-06
4638	2.31E-06
4637	2.29E-06
4636	2.28E-06
4635	2.27E-06
4634	2.25E-06
4633	2.24E-06
4632	2.23E-06
4631	2.21E-06
4630	2.20E-06
4629	2.19E-06
4628	2.17E-06
4627	2.16E-06
4626	2.15E-06
4625	2.14E-06
4624	2.13E-06
4623	2.11E-06
4622	2.10E-06
4621	2.09E-06
4620	2.08E-06
4619	2.07E-06
4618	2.06E-06
4617	2.05E-06
4616	2.04E-06
4615	2.02E-06
4614	2.01E-06
4613	2.00E-06
4612	1.99E-06
4611	1.98E-06
4610	1.97E-06
4609	1.96E-06
4608	1.95E-06
4607	1.94E-06
4606	1.93E-06
4605	1.92E-06
4604	1.91E-06
4603	1.90E-06
4602	1.89E-06
4601	1.88E-06
4600	1.87E-06
4599	1.85E-06
4598	1.82E-06
4597	1.79E-06
4596	1.77E-06
4595	1.74E-06
4594	1.72E-06
4593	1.69E-06
4592	1.67E-06
4591	1.64E-06
4590	1.62E-06
4589	1.60E-06
4588	1.57E-06
4587	1.55E-06
4586	1.53E-06
4585	1.51E-06
4584	1.48E-06
4583	1.46E-06
4582	1.44E-06
4581	1.42E-06
4580	1.40E-06
4579	1.38E-06
4578	1.36E-06
4577	1.34E-06
4576	1.32E-06
4575	1.30E-06
4574	1.28E-06
4573	1.26E-06
4572	1.24E-06
4571	1.23E-06
4570	1.21E-06
4569	1.19E-06
4568	1.17E-06
4567	1.16E-06
4566	1.14E-06
4565	1.12E-06
4564	1.10E-06
4563	1.09E-06
4562	1.07E-06
4561	1.06E-06
4560	1.04E-06
4559	1.03E-06
4558	1.01E-06
4557	9.95E-07
4556	9.81E-07
4555	9.66E-07
4554	9.52E-07
4553	9.38E-07
4552	9.24E-07
4551	9.10E-07
4550	8.97E-07
4549	8.75E-07
4548	8.54E-07
4547	8.34E-07
4546	8.14E-07
4545	7.95E-07
4544	7.76E-07
4543	7.57E-07
4542	7.39E-07
4541	7.22E-07
4540	7.04E-07
4539	6.88E-07
4538	6.71E-07
4537	6.55E-07
4536	6.40E-07
4535	6.24E-07
4534	6.10E-07
4533	5.95E-07
4532	5.81E-07
4531	5.67E-07
4530	5.54E-07
4529	5.40E-07
4528	5.27E-07
4527	5.15E-07
4526	5.03E-07
4525	4.91E-07
4524	4.79E-07
4523	4.68E-07
4522	4.57E-07
4521	4.46E-07
4520	4.35E-07
4519	4.25E-07
4518	4.15E-07
4517	4.05E-07
4516	3.96E-07
4515	3.86E-07
4514	3.77E-07
4513	3.68E-07
4512	3.60E-07
4511	3.51E-07
4510	3.43E-07
4509	3.35E-07
4508	3.27E-07
4507	3.20E-07
4506	3.12E-07
4505	3.05E-07
4504	2.98E-07
4503	2.91E-07
4502	2.84E-07
4501	2.78E-07
4500	2.71E-07
4499	2.64E-07
4498	2.58E-07
4497	2.52E-07
4496	2.45E-07
4495	2.39E-07
4494	2.34E-07
4493	2.28E-07
4492	2.22E-07
4491	2.17E-07
4490	2.12E-07
4489	2.06E-07
4488	2.01E-07
4487	1.97E-07
4486	1.92E-07
4485	1.87E-07
4484	1.83E-07
4483	1.78E-07
4482	1.74E-07
4481	1.70E-07
4480	1.66E-07
4479	1.62E-07
4478	1.58E-07
4477	1.54E-07
4476	1.51E-07
4475	1.47E-07
4474	1.44E-07
4473	1.40E-07
4472	1.37E-07
4471	1.34E-07
4470	1.31E-07
4469	1.28E-07
4468	1.25E-07
4467	1.22E-07
4466	1.19E-07
4465	1.16E-07
4464	1.14E-07
4463	1.11E-07
4462	1.09E-07
4461	1.06E-07
4460	1.04E-07
4459	1.01E-07
4458	9.91E-08
4457	9.69E-08
4456	9.47E-08
4455	9.26E-08
4454	9.05E-08
4453	8.85E-08
4452	8.65E-08
4451	8.46E-08
4450	8.28E-08
4449	8.18E-08
4448	8.08E-08
4447	7.98E-08
4446	7.88E-08
4445	7.79E-08
4444	7.69E-08
4443	7.60E-08
4442	7.51E-08
4441	7.43E-08
4440	7.34E-08
4439	7.25E-08
4438	7.17E-08
4437	7.09E-08
4436	7.01E-08
4435	6.93E-08
4434	6.85E-08
4433	6.77E-08
4432	6.70E-08
4431	6.62E-08
4430	6.55E-08
4429	6.48E-08
4428	6.41E-08
4427	6.34E-08
4426	6.27E-08
4425	6.20E-08
4424	6.14E-08
4423	6.07E-08
4422	6.01E-08
4421	5.95E-08
4420	5.88E-08
4419	5.82E-08
4418	5.76E-08
4417	5.71E-08
4416	5.65E-08
4415	5.59E-08
4414	5.53E-08
4413	5.48E-08
4412	5.42E-08
4411	5.37E-08
4410	5.32E-08
4409	5.27E-08
4408	5.21E-08
4407	5.16E-08
4406	5.11E-08
4405	5.06E-08
4404	5.02E-08
4403	4.97E-08
4402	4.92E-08
4401	4.87E-08
4400	4.83E-08
4399	4.84E-08
4398	4.85E-08
4397	4.87E-08
4396	4.88E-08
4395	4.89E-08
4394	4.91E-08
4393	4.92E-08
4392	4.94E-08
4391	4.95E-08
4390	4.97E-08
4389	4.98E-08
4388	5.00E-08
4387	5.01E-08
4386	5.03E-08
4385	5.04E-08
4384	5.06E-08
4383	5.08E-08
4382	5.09E-08
4381	5.11E-08
4380	5.13E-08
4379	5.14E-08
4378	5.16E-08
4377	5.18E-08
4376	5.20E-08
4375	5.21E-08
4374	5.23E-08
4373	5.25E-08
4372	5.27E-08
4371	5.29E-08
4370	5.30E-08
4369	5.32E-08
4368	5.34E-08
4367	5.36E-08
4366	5.38E-08
4365	5.40E-08
4364	5.42E-08
4363	5.44E-08
4362	5.45E-08
4361	5.47E-08
4360	5.49E-08
4359	5.51E-08
4358	5.53E-08
4357	5.55E-08
4356	5.57E-08
4355	5.59E-08
4354	5.61E-08
4353	5.63E-08
4352	5.65E-08
4351	5.67E-08
4350	5.69E-08
4349	5.73E-08
4348	5.77E-08
4347	5.81E-08
4346	5.85E-08
4345	5.89E-08
4344	5.93E-08
4343	5.97E-08
4342	6.01E-08
4341	6.05E-08
4340	6.09E-08
4339	6.14E-08
4338	6.18E-08
4337	6.22E-08
4336	6.26E-08
4335	6.30E-08
4334	6.35E-08
4333	6.39E-08
4332	6.43E-08
4331	6.48E-08
4330	6.52E-08
4329	6.56E-08
4328	6.61E-08
4327	6.65E-08
4326	6.69E-08
4325	6.74E-08
4324	6.78E-08
4323	6.83E-08
4322	6.87E-08
4321	6.92E-08
4320	6.96E-08
4319	7.01E-08
4318	7.05E-08
4317	7.10E-08
4316	7.14E-08
4315	7.19E-08
4314	7.24E-08
4313	7.28E-08
4312	7.33E-08
4311	7.37E-08
4310	7.42E-08
4309	7.47E-08
4308	7.52E-08
4307	7.56E-08
4306	7.61E-08
4305	7.66E-08
4304	7.71E-08
4303	7.76E-08
4302	7.81E-08
4301	7.85E-08
4300	7.90E-08
4299	7.93E-08
4298	7.96E-08
4297	7.98E-08
4296	8.01E-08
4295	8.04E-08
4294	8.06E-08
4293	8.09E-08
4292	8.12E-08
4291	8.15E-08
4290	8.17E-08
4289	8.20E-08
4288	8.23E-08
4287	8.26E-08
4286	8.29E-08
4285	8.31E-08
4284	8.34E-08
4283	8.37E-08
4282	8.40E-08
4281	8.43E-08
4280	8.46E-08
4279	8.49E-08
4278	8.52E-08
4277	8.55E-08
4276	8.58E-08
4275	8.61E-08
4274	8.65E-08
4273	8.68E-08
4272	8.71E-08
4271	8.74E-08
4270	8.78E-08
4269	8.81E-08
4268	8.84E-08
4267	8.88E-08
4266	8.91E-08
4265	8.95E-08
4264	8.99E-08
4263	9.02E-08
4262	9.06E-08
4261	9.10E-08
4260	9.14E-08
4259	9.17E-08
4258	9.21E-08
4257	9.25E-08
4256	9.30E-08
4255	9.34E-08
4254	9.38E-08
4253	9.42E-08
4252	9.47E-08
4251	9.51E-08
4250	9.56E-08
4249	9.56E-08
4248	9.56E-08
4247	9.56E-08
4246	9.56E-08
4245	9.56E-08
4244	9.57E-08
4243	9.57E-08
4242	9.58E-08
4241	9.58E-08
4240	9.59E-08
4239	9.59E-08
4238	9.60E-08
4237	9.61E-08
4236	9.62E-08
4235	9.62E-08
4234	9.63E-08
4233	9.64E-08
4232	9.66E-08
4231	9.67E-08
4230	9.68E-08
4229	9.69E-08
4228	9.71E-08
4227	9.72E-08
4226	9.74E-08
4225	9.75E-08
4224	9.77E-08
4223	9.79E-08
4222	9.81E-08
4221	9.82E-08
4220	9.84E-08
4219	9.87E-08
4218	9.89E-08
4217	9.91E-08
4216	9.93E-08
4215	9.96E-08
4214	9.98E-08
4213	1.00E-07
4212	1.00E-07
4211	1.01E-07
4210	1.01E-07
4209	1.01E-07
4208	1.01E-07
4207	1.02E-07
4206	1.02E-07
4205	1.02E-07
4204	1.03E-07
4203	1.03E-07
4202	1.03E-07
4201	1.04E-07
4200	1.04E-07
4199	1.04E-07
4198	1.04E-07
4197	1.04E-07
4196	1.04E-07
4195	1.04E-07
4194	1.04E-07
4193	1.04E-07
4192	1.04E-07
4191	1.04E-07
4190	1.04E-07
4189	1.04E-07
4188	1.04E-07
4187	1.04E-07
4186	1.04E-07
4185	1.04E-07
4184	1.04E-07
4183	1.04E-07
4182	1.04E-07
4181	1.04E-07
4180	1.04E-07
4179	1.05E-07
4178	1.05E-07
4177	1.05E-07
4176	1.05E-07
4175	1.05E-07
4174	1.05E-07
4173	1.05E-07
4172	1.05E-07
4171	1.05E-07
4170	1.06E-07
4169	1.06E-07
4168	1.06E-07
4167	1.06E-07
4166	1.06E-07
4165	1.06E-07
4164	1.07E-07
4163	1.07E-07
4162	1.07E-07
4161	1.07E-07
4160	1.07E-07
4159	1.08E-07
4158	1.08E-07
4157	1.08E-07
4156	1.08E-07
4155	1.08E-07
4154	1.09E-07
4153	1.09E-07
4152	1.09E-07
4151	1.09E-07
4150	1.10E-07
4149	1.10E-07
4148	1.10E-07
4147	1.11E-07
4146	1.11E-07
4145	1.11E-07
4144	1.12E-07
4143	1.12E-07
4142	1.12E-07
4141	1.13E-07
4140	1.13E-07
4139	1.14E-07
4138	1.14E-07
4137	1.14E-07
4136	1.15E-07
4135	1.15E-07
4134	1.16E-07
4133	1.16E-07
4132	1.16E-07
4131	1.17E-07
4130	1.17E-07
4129	1.17E-07
4128	1.18E-07
4127	1.18E-07
4126	1.19E-07
4125	1.19E-07
4124	1.19E-07
4123	1.20E-07
4122	1.20E-07
4121	1.21E-07
4120	1.21E-07
4119	1.21E-07
4118	1.22E-07
4117	1.22E-07
4116	1.22E-07
4115	1.23E-07
4114	1.23E-07
4113	1.23E-07
4112	1.24E-07
4111	1.24E-07
4110	1.24E-07
4109	1.25E-07
4108	1.25E-07
4107	1.25E-07
4106	1.26E-07
4105	1.26E-07
4104	1.26E-07
4103	1.27E-07
4102	1.27E-07
4101	1.27E-07
4100	1.27E-07
4099	1.28E-07
4098	1.28E-07
4097	1.28E-07
4096	1.28E-07
4095	1.28E-07
4094	1.28E-07
4093	1.29E-07
4092	1.29E-07
4091	1.29E-07
4090	1.29E-07
4089	1.29E-07
4088	1.29E-07
4087	1.29E-07
4086	1.29E-07
4085	1.29E-07
4084	1.29E-07
4083	1.29E-07
4082	1.29E-07
4081	1.29E-07
4080	1.29E-07
4079	1.29E-07
4078	1.29E-07
4077	1.29E-07
4076	1.29E-07
4075	1.29E-07
4074	1.29E-07
4073	1.29E-07
4072	1.29E-07
4071	1.28E-07
4070	1.28E-07
4069	1.28E-07
4068	1.28E-07
4067	1.28E-07
4066	1.27E-07
4065	1.27E-07
4064	1.27E-07
4063	1.27E-07
4062	1.26E-07
4061	1.26E-07
4060	1.26E-07
4059	1.26E-07
4058	1.25E-07
4057	1.25E-07
4056	1.25E-07
4055	1.24E-07
4054	1.24E-07
4053	1.23E-07
4052	1.23E-07
4051	1.23E-07
4050	1.22E-07
4049	1.22E-07
4048	1.21E-07
4047	1.20E-07
4046	1.20E-07
4045	1.19E-07
4044	1.18E-07
4043	1.18E-07
4042	1.17E-07
4041	1.16E-07
4040	1.15E-07
4039	1.15E-07
4038	1.14E-07
4037	1.13E-07
4036	1.12E-07
4035	1.12E-07
4034	1.11E-07
4033	1.10E-07
4032	1.10E-07
4031	1.09E-07
4030	1.08E-07
4029	1.07E-07
4028	1.07E-07
4027	1.06E-07
4026	1.05E-07
4025	1.04E-07
4024	1.04E-07
4023	1.03E-07
4022	1.02E-07
4021	1.01E-07
4020	1.01E-07
4019	9.98E-08
4018	9.90E-08
4017	9.83E-08
4016	9.76E-08
4015	9.68E-08
4014	9.61E-08
4013	9.54E-08
4012	9.46E-08
4011	9.39E-08
4010	9.32E-08
4009	9.25E-08
4008	9.18E-08
4007	9.10E-08
4006	9.03E-08
4005	8.96E-08
4004	8.90E-08
4003	8.83E-08
4002	8.76E-08
4001	8.69E-08
4000	8.62E-08
3999	8.54E-08
3998	8.45E-08
3997	8.37E-08
3996	8.28E-08
3995	8.20E-08
3994	8.12E-08
3993	8.04E-08
3992	7.96E-08
3991	7.88E-08
3990	7.80E-08
3989	7.72E-08
3988	7.65E-08
3987	7.57E-08
3986	7.50E-08
3985	7.42E-08
3984	7.35E-08
3983	7.28E-08
3982	7.21E-08
3981	7.14E-08
3980	7.07E-08
3979	7.00E-08
3978	6.93E-08
3977	6.86E-08
3976	6.80E-08
3975	6.73E-08
3974	6.67E-08
3973	6.61E-08
3972	6.54E-08
3971	6.48E-08
3970	6.42E-08
3969	6.36E-08
3968	6.30E-08
3967	6.24E-08
3966	6.19E-08
3965	6.13E-08
3964	6.07E-08
3963	6.02E-08
3962	5.96E-08
3961	5.91E-08
3960	5.86E-08
3959	5.81E-08
3958	5.75E-08
3957	5.70E-08
3956	5.65E-08
3955	5.60E-08
3954	5.56E-08
3953	5.51E-08
3952	5.46E-08
3951	5.41E-08
3950	5.37E-08
3949	5.32E-08
3948	5.27E-08
3947	5.22E-08
3946	5.17E-08
3945	5.12E-08
3944	5.07E-08
3943	5.03E-08
3942	4.98E-08
3941	4.93E-08
3940	4.89E-08
3939	4.84E-08
3938	4.80E-08
3937	4.76E-08
3936	4.71E-08
3935	4.67E-08
3934	4.63E-08
3933	4.59E-08
3932	4.55E-08
3931	4.51E-08
3930	4.47E-08
3929	4.43E-08
3928	4.39E-08
3927	4.35E-08
3926	4.31E-08
3925	4.27E-08
3924	4.23E-08
3923	4.20E-08
3922	4.16E-08
3921	4.12E-08
3920	4.09E-08
3919	4.05E-08
3918	4.02E-08
3917	3.98E-08
3916	3.95E-08
3915	3.91E-08
3914	3.88E-08
3913	3.84E-08
3912	3.81E-08
3911	3.77E-08
3910	3.74E-08
3909	3.71E-08
3908	3.67E-08
3907	3.64E-08
3906	3.61E-08
3905	3.58E-08
3904	3.54E-08
3903	3.51E-08
3902	3.48E-08
3901	3.45E-08
3900	3.41E-08
3899	3.38E-08
3898	3.35E-08
3897	3.32E-08
3896	3.28E-08
3895	3.25E-08
3894	3.22E-08
3893	3.19E-08
3892	3.16E-08
3891	3.12E-08
3890	3.09E-08
3889	3.06E-08
3888	3.03E-08
3887	3.00E-08
3886	2.97E-08
3885	2.94E-08
3884	2.91E-08
3883	2.87E-08
3882	2.84E-08
3881	2.81E-08
3880	2.78E-08
3879	2.75E-08
3878	2.72E-08
3877	2.69E-08
3876	2.66E-08
3875	2.63E-08
3874	2.60E-08
3873	2.57E-08
3872	2.54E-08
3871	2.52E-08
3870	2.49E-08
3869	2.46E-08
3868	2.43E-08
3867	2.40E-08
3866	2.37E-08
3865	2.34E-08
3864	2.32E-08
3863	2.29E-08
3862	2.26E-08
3861	2.23E-08
3860	2.21E-08
3859	2.18E-08
3858	2.15E-08
3857	2.13E-08
3856	2.10E-08
3855	2.07E-08
3854	2.05E-08
3853	2.02E-08
3852	2.00E-08
3851	1.97E-08
3850	1.95E-08
3849	1.92E-08
3848	1.89E-08
3847	1.87E-08
3846	1.84E-08
3845	1.82E-08
3844	1.80E-08
3843	1.77E-08
3842	1.75E-08
3841	1.72E-08
3840	1.70E-08
3839	1.68E-08
3838	1.66E-08
3837	1.63E-08
3836	1.61E-08
3835	1.59E-08
3834	1.57E-08
3833	1.55E-08
3832	1.53E-08
3831	1.51E-08
3830	1.49E-08
3829	1.47E-08
3828	1.45E-08
3827	1.43E-08
3826	1.41E-08
3825	1.39E-08
3824	1.37E-08
3823	1.35E-08
3822	1.34E-08
3821	1.32E-08
3820	1.30E-08
3819	1.29E-08
3818	1.27E-08
3817	1.25E-08
3816	1.24E-08
3815	1.22E-08
3814	1.21E-08
3813	1.19E-08
3812	1.18E-08
3811	1.16E-08
3810	1.15E-08
3809	1.14E-08
3808	1.12E-08
3807	1.11E-08
3806	1.10E-08
3805	1.09E-08
3804	1.07E-08
3803	1.06E-08
3802	1.05E-08
3801	1.04E-08
3800	1.03E-08
3799	1.02E-08
3798	1.01E-08
3797	9.96E-09
3796	9.86E-09
3795	9.77E-09
3794	9.67E-09
3793	9.58E-09
3792	9.49E-09
3791	9.41E-09
3790	9.32E-09
3789	9.24E-09
3788	9.16E-09
3787	9.08E-09
3786	9.01E-09
3785	8.93E-09
3784	8.86E-09
3783	8.79E-09
3782	8.72E-09
3781	8.66E-09
3780	8.59E-09
3779	8.53E-09
3778	8.47E-09
3777	8.41E-09
3776	8.36E-09
3775	8.30E-09
3774	8.25E-09
3773	8.20E-09
3772	8.15E-09
3771	8.10E-09
3770	8.06E-09
3769	8.01E-09
3768	7.97E-09
3767	7.93E-09
3766	7.89E-09
3765	7.85E-09
3764	7.82E-09
3763	7.78E-09
3762	7.75E-09
3761	7.72E-09
3760	7.69E-09
3759	7.66E-09
3758	7.63E-09
3757	7.61E-09
3756	7.58E-09
3755	7.56E-09
3754	7.54E-09
3753	7.52E-09
3752	7.50E-09
3751	7.48E-09
3750	7.46E-09
3749	7.47E-09
3748	7.49E-09
3747	7.50E-09
3746	7.51E-09
3745	7.53E-09
3744	7.54E-09
3743	7.56E-09
3742	7.58E-09
3741	7.60E-09
3740	7.62E-09
3739	7.64E-09
3738	7.66E-09
3737	7.69E-09
3736	7.71E-09
3735	7.74E-09
3734	7.77E-09
3733	7.80E-09
3732	7.82E-09
3731	7.85E-09
3730	7.88E-09
3729	7.92E-09
3728	7.95E-09
3727	7.98E-09
3726	8.02E-09
3725	8.05E-09
3724	8.09E-09
3723	8.12E-09
3722	8.16E-09
3721	8.20E-09
3720	8.23E-09
3719	8.27E-09
3718	8.31E-09
3717	8.35E-09
3716	8.39E-09
3715	8.43E-09
3714	8.47E-09
3713	8.51E-09
3712	8.55E-09
3711	8.59E-09
3710	8.63E-09
3709	8.67E-09
3708	8.71E-09
3707	8.75E-09
3706	8.79E-09
3705	8.83E-09
3704	8.87E-09
3703	8.91E-09
3702	8.94E-09
3701	8.98E-09
3700	9.02E-09
3699	9.06E-09
3698	9.11E-09
3697	9.15E-09
3696	9.20E-09
3695	9.24E-09
3694	9.28E-09
3693	9.32E-09
3692	9.36E-09
3691	9.40E-09
3690	9.44E-09
3689	9.47E-09
3688	9.51E-09
3687	9.54E-09
3686	9.57E-09
3685	9.60E-09
3684	9.63E-09
3683	9.66E-09
3682	9.69E-09
3681	9.72E-09
3680	9.74E-09
3679	9.76E-09
3678	9.78E-09
3677	9.80E-09
3676	9.82E-09
3675	9.84E-09
3674	9.85E-09
3673	9.87E-09
3672	9.88E-09
3671	9.89E-09
3670	9.90E-09
3669	9.91E-09
3668	9.92E-09
3667	9.93E-09
3666	9.94E-09
3665	9.94E-09
3664	9.95E-09
3663	9.95E-09
3662	9.95E-09
3661	9.96E-09
3660	9.96E-09
3659	9.96E-09
3658	9.96E-09
3657	9.96E-09
3656	9.96E-09
3655	9.96E-09
3654	9.96E-09
3653	9.96E-09
3652	9.96E-09
3651	9.96E-09
3650	9.96E-09
3649	9.94E-09
3648	9.91E-09
3647	9.89E-09
3646	9.87E-09
3645	9.85E-09
3644	9.82E-09
3643	9.80E-09
3642	9.78E-09
3641	9.76E-09
3640	9.74E-09
3639	9.72E-09
3638	9.70E-09
3637	9.69E-09
3636	9.67E-09
3635	9.65E-09
3634	9.64E-09
3633	9.62E-09
3632	9.61E-09
3631	9.60E-09
3630	9.59E-09
3629	9.58E-09
3628	9.57E-09
3627	9.56E-09
3626	9.56E-09
3625	9.55E-09
3624	9.55E-09
3623	9.54E-09
3622	9.54E-09
3621	9.54E-09
3620	9.55E-09
3619	9.55E-09
3618	9.55E-09
3617	9.56E-09
3616	9.57E-09
3615	9.58E-09
3614	9.59E-09
3613	9.60E-09
3612	9.62E-09
3611	9.63E-09
3610	9.65E-09
3609	9.67E-09
3608	9.69E-09
3607	9.71E-09
3606	9.74E-09
3605	9.77E-09
3604	9.79E-09
3603	9.82E-09
3602	9.86E-09
3601	9.89E-09
3600	9.93E-09
3599	9.95E-09
3598	9.98E-09
3597	1.00E-08
3596	1.00E-08
3595	1.01E-08
3594	1.01E-08
3593	1.02E-08
3592	1.02E-08
3591	1.02E-08
3590	1.03E-08
3589	1.03E-08
3588	1.04E-08
3587	1.04E-08
3586	1.05E-08
3585	1.05E-08
3584	1.06E-08
3583	1.06E-08
3582	1.07E-08
3581	1.08E-08
3580	1.08E-08
3579	1.09E-08
3578	1.09E-08
3577	1.10E-08
3576	1.11E-08
3575	1.11E-08
3574	1.12E-08
3573	1.13E-08
3572	1.14E-08
3571	1.14E-08
3570	1.15E-08
3569	1.16E-08
3568	1.17E-08
3567	1.17E-08
3566	1.18E-08
3565	1.19E-08
3564	1.20E-08
3563	1.21E-08
3562	1.22E-08
3561	1.23E-08
3560	1.23E-08
3559	1.24E-08
3558	1.25E-08
3557	1.26E-08
3556	1.27E-08
3555	1.28E-08
3554	1.29E-08
3553	1.30E-08
3552	1.31E-08
3551	1.32E-08
3550	1.33E-08
3549	1.34E-08
3548	1.35E-08
3547	1.36E-08
3546	1.37E-08
3545	1.38E-08
3544	1.39E-08
3543	1.40E-08
3542	1.41E-08
3541	1.42E-08
3540	1.43E-08
3539	1.44E-08
3538	1.46E-08
3537	1.47E-08
3536	1.48E-08
3535	1.49E-08
3534	1.50E-08
3533	1.51E-08
3532	1.52E-08
3531	1.53E-08
3530	1.54E-08
3529	1.55E-08
3528	1.56E-08
3527	1.57E-08
3526	1.58E-08
3525	1.60E-08
3524	1.61E-08
3523	1.62E-08
3522	1.63E-08
3521	1.64E-08
3520	1.65E-08
3519	1.66E-08
3518	1.67E-08
3517	1.68E-08
3516	1.70E-08
3515	1.71E-08
3514	1.72E-08
3513	1.73E-08
3512	1.74E-08
3511	1.76E-08
3510	1.77E-08
3509	1.78E-08
3508	1.79E-08
3507	1.81E-08
3506	1.82E-08
3505	1.83E-08
3504	1.85E-08
3503	1.86E-08
3502	1.87E-08
3501	1.89E-08
3500	1.90E-08
3499	1.92E-08
3498	1.93E-08
3497	1.94E-08
3496	1.95E-08
3495	1.97E-08
3494	1.98E-08
3493	2.00E-08
3492	2.01E-08
3491	2.02E-08
3490	2.04E-08
3489	2.06E-08
3488	2.07E-08
3487	2.09E-08
3486	2.10E-08
3485	2.12E-08
3484	2.14E-08
3483	2.16E-08
3482	2.18E-08
3481	2.19E-08
3480	2.21E-08
3479	2.23E-08
3478	2.25E-08
3477	2.27E-08
3476	2.30E-08
3475	2.32E-08
3474	2.34E-08
3473	2.36E-08
3472	2.39E-08
3471	2.41E-08
3470	2.44E-08
3469	2.46E-08
3468	2.49E-08
3467	2.51E-08
3466	2.54E-08
3465	2.57E-08
3464	2.60E-08
3463	2.63E-08
3462	2.66E-08
3461	2.69E-08
3460	2.72E-08
3459	2.75E-08
3458	2.78E-08
3457	2.81E-08
3456	2.84E-08
3455	2.88E-08
3454	2.91E-08
3453	2.95E-08
3452	2.98E-08
3451	3.02E-08
3450	3.05E-08
3449	3.09E-08
3448	3.12E-08
3447	3.15E-08
3446	3.19E-08
3445	3.22E-08
3444	3.26E-08
3443	3.29E-08
3442	3.33E-08
3441	3.37E-08
3440	3.40E-08
3439	3.44E-08
3438	3.48E-08
3437	3.51E-08
3436	3.55E-08
3435	3.59E-08
3434	3.63E-08
3433	3.67E-08
3432	3.70E-08
3431	3.74E-08
3430	3.78E-08
3429	3.82E-08
3428	3.86E-08
3427	3.90E-08
3426	3.93E-08
3425	3.97E-08
3424	4.01E-08
3423	4.05E-08
3422	4.09E-08
3421	4.12E-08
3420	4.16E-08
3419	4.20E-08
3418	4.23E-08
3417	4.27E-08
3416	4.30E-08
3415	4.34E-08
3414	4.37E-08
3413	4.41E-08
3412	4.44E-08
3411	4.48E-08
3410	4.51E-08
3409	4.54E-08
3408	4.57E-08
3407	4.60E-08
3406	4.63E-08
3405	4.66E-08
3404	4.69E-08
3403	4.72E-08
3402	4.75E-08
3401	4.78E-08
3400	4.80E-08
3399	4.83E-08
3398	4.85E-08
3397	4.86E-08
3396	4.88E-08
3395	4.90E-08
3394	4.92E-08
3393	4.93E-08
3392	4.94E-08
3391	4.96E-08
3390	4.97E-08
3389	4.98E-08
3388	4.99E-08
3387	4.99E-08
3386	5.00E-08
3385	5.01E-08
3384	5.01E-08
3383	5.02E-08
3382	5.02E-08
3381	5.02E-08
3380	5.02E-08
3379	5.02E-08
3378	5.02E-08
3377	5.02E-08
3376	5.01E-08
3375	5.01E-08
3374	5.01E-08
3373	5.00E-08
3372	4.99E-08
3371	4.99E-08
3370	4.98E-08
3369	4.97E-08
3368	4.96E-08
3367	4.95E-08
3366	4.94E-08
3365	4.93E-08
3364	4.92E-08
3363	4.91E-08
3362	4.90E-08
3361	4.89E-08
3360	4.88E-08
3359	4.87E-08
3358	4.85E-08
3357	4.84E-08
3356	4.83E-08
3355	4.82E-08
3354	4.81E-08
3353	4.79E-08
3352	4.78E-08
3351	4.77E-08
3350	4.76E-08
3349	4.75E-08
3348	4.74E-08
3347	4.73E-08
3346	4.72E-08
3345	4.71E-08
3344	4.70E-08
3343	4.69E-08
3342	4.69E-08
3341	4.68E-08
3340	4.67E-08
3339	4.67E-08
3338	4.66E-08
3337	4.66E-08
3336	4.66E-08
3335	4.65E-08
3334	4.65E-08
3333	4.65E-08
3332	4.65E-08
3331	4.65E-08
3330	4.66E-08
3329	4.66E-08
3328	4.66E-08
3327	4.67E-08
3326	4.67E-08
3325	4.68E-08
3324	4.69E-08
3323	4.70E-08
3322	4.71E-08
3321	4.72E-08
3320	4.74E-08
3319	4.75E-08
3318	4.77E-08
3317	4.79E-08
3316	4.81E-08
3315	4.83E-08
3314	4.85E-08
3313	4.87E-08
3312	4.90E-08
3311	4.93E-08
3310	4.95E-08
3309	4.98E-08
3308	5.02E-08
3307	5.05E-08
3306	5.09E-08
3305	5.12E-08
3304	5.16E-08
3303	5.21E-08
3302	5.25E-08
3301	5.29E-08
3300	5.34E-08
3299	5.39E-08
3298	5.44E-08
3297	5.50E-08
3296	5.56E-08
3295	5.61E-08
3294	5.68E-08
3293	5.74E-08
3292	5.81E-08
3291	5.87E-08
3290	5.95E-08
3289	6.02E-08
3288	6.10E-08
3287	6.17E-08
3286	6.26E-08
3285	6.34E-08
3284	6.42E-08
3283	6.51E-08
3282	6.60E-08
3281	6.70E-08
3280	6.79E-08
3279	6.89E-08
3278	6.99E-08
3277	7.09E-08
3276	7.19E-08
3275	7.30E-08
3274	7.41E-08
3273	7.51E-08
3272	7.62E-08
3271	7.73E-08
3270	7.84E-08
3269	7.95E-08
3268	8.06E-08
3267	8.16E-08
3266	8.27E-08
3265	8.38E-08
3264	8.48E-08
3263	8.58E-08
3262	8.67E-08
3261	8.77E-08
3260	8.85E-08
3259	8.93E-08
3258	9.01E-08
3257	9.08E-08
3256	9.14E-08
3255	9.20E-08
3254	9.25E-08
3253	9.28E-08
3252	9.31E-08
3251	9.33E-08
3250	9.34E-08
3249	9.35E-08
3248	9.35E-08
3247	9.34E-08
3246	9.32E-08
3245	9.30E-08
3244	9.27E-08
3243	9.23E-08
3242	9.19E-08
3241	9.14E-08
3240	9.09E-08
3239	9.04E-08
3238	8.98E-08
3237	8.92E-08
3236	8.86E-08
3235	8.80E-08
3234	8.74E-08
3233	8.68E-08
3232	8.62E-08
3231	8.57E-08
3230	8.51E-08
3229	8.46E-08
3228	8.41E-08
3227	8.37E-08
3226	8.32E-08
3225	8.29E-08
3224	8.26E-08
3223	8.23E-08
3222	8.21E-08
3221	8.20E-08
3220	8.20E-08
3219	8.20E-08
3218	8.22E-08
3217	8.24E-08
3216	8.27E-08
3215	8.32E-08
3214	8.38E-08
3213	8.45E-08
3212	8.54E-08
3211	8.65E-08
3210	8.78E-08
3209	8.93E-08
3208	9.11E-08
3207	9.32E-08
3206	9.57E-08
3205	9.86E-08
3204	1.02E-07
3203	1.06E-07
3202	1.11E-07
3201	1.17E-07
3200	1.25E-07
3199	1.25E-07
3198	1.26E-07
3197	1.27E-07
3196	1.28E-07
3195	1.29E-07
3194	1.29E-07
3193	1.30E-07
3192	1.31E-07
3191	1.32E-07
3190	1.33E-07
3189	1.34E-07
3188	1.35E-07
3187	1.36E-07
3186	1.37E-07
3185	1.38E-07
3184	1.38E-07
3183	1.39E-07
3182	1.40E-07
3181	1.41E-07
3180	1.42E-07
3179	1.43E-07
3178	1.45E-07
3177	1.46E-07
3176	1.47E-07
3175	1.48E-07
3174	1.49E-07
3173	1.50E-07
3172	1.51E-07
3171	1.52E-07
3170	1.53E-07
3169	1.55E-07
3168	1.56E-07
3167	1.57E-07
3166	1.58E-07
3165	1.60E-07
3164	1.61E-07
3163	1.62E-07
3162	1.63E-07
3161	1.65E-07
3160	1.66E-07
3159	1.67E-07
3158	1.69E-07
3157	1.70E-07
3156	1.72E-07
3155	1.73E-07
3154	1.75E-07
3153	1.76E-07
3152	1.78E-07
3151	1.79E-07
3150	1.81E-07
3149	1.82E-07
3148	1.84E-07
3147	1.85E-07
3146	1.87E-07
3145	1.88E-07
3144	1.90E-07
3143	1.92E-07
3142	1.93E-07
3141	1.95E-07
3140	1.97E-07
3139	1.99E-07
3138	2.01E-07
3137	2.03E-07
3136	2.04E-07
3135	2.06E-07
3134	2.09E-07
3133	2.11E-07
3132	2.13E-07
3131	2.15E-07
3130	2.17E-07
3129	2.19E-07
3128	2.21E-07
3127	2.22E-07
3126	2.24E-07
3125	2.25E-07
3124	2.27E-07
3123	2.29E-07
3122	2.30E-07
3121	2.32E-07
3120	2.34E-07
3119	2.35E-07
3118	2.37E-07
3117	2.38E-07
3116	2.40E-07
3115	2.41E-07
3114	2.43E-07
3113	2.45E-07
3112	2.46E-07
3111	2.48E-07
3110	2.49E-07
3109	2.51E-07
3108	2.52E-07
3107	2.54E-07
3106	2.55E-07
3105	2.56E-07
3104	2.58E-07
3103	2.59E-07
3102	2.61E-07
3101	2.62E-07
3100	2.63E-07
3099	2.65E-07
3098	2.66E-07
3097	2.68E-07
3096	2.69E-07
3095	2.70E-07
3094	2.72E-07
3093	2.73E-07
3092	2.74E-07
3091	2.76E-07
3090	2.77E-07
3089	2.78E-07
3088	2.79E-07
3087	2.81E-07
3086	2.82E-07
3085	2.83E-07
3084	2.85E-07
3083	2.86E-07
3082	2.87E-07
3081	2.89E-07
3080	2.90E-07
3079	2.92E-07
3078	2.93E-07
3077	2.94E-07
3076	2.96E-07
3075	2.97E-07
3074	2.99E-07
3073	3.00E-07
3072	3.02E-07
3071	3.03E-07
3070	3.05E-07
3069	3.06E-07
3068	3.08E-07
3067	3.10E-07
3066	3.11E-07
3065	3.13E-07
3064	3.15E-07
3063	3.17E-07
3062	3.18E-07
3061	3.20E-07
3060	3.22E-07
3059	3.24E-07
3058	3.26E-07
3057	3.29E-07
3056	3.31E-07
3055	3.33E-07
3054	3.35E-07
3053	3.38E-07
3052	3.40E-07
3051	3.43E-07
3050	3.45E-07
3049	3.48E-07
3048	3.51E-07
3047	3.54E-07
3046	3.57E-07
3045	3.60E-07
3044	3.63E-07
3043	3.66E-07
3042	3.69E-07
3041	3.73E-07
3040	3.76E-07
3039	3.80E-07
3038	3.84E-07
3037	3.88E-07
3036	3.92E-07
3035	3.96E-07
3034	4.00E-07
3033	4.05E-07
3032	4.09E-07
3031	4.14E-07
3030	4.19E-07
3029	4.24E-07
3028	4.29E-07
3027	4.34E-07
3026	4.40E-07
3025	4.45E-07
3024	4.51E-07
3023	4.57E-07
3022	4.64E-07
3021	4.70E-07
3020	4.77E-07
3019	4.84E-07
3018	4.91E-07
3017	4.98E-07
3016	5.06E-07
3015	5.14E-07
3014	5.22E-07
3013	5.30E-07
3012	5.39E-07
3011	5.48E-07
3010	5.57E-07
3009	8.60E-09
3008	4.40E-09
3007	2.99E-09
3006	2.29E-09
3005	1.86E-09
3004	1.58E-09
3003	1.38E-09
3002	1.23E-09
3001	1.12E-09
3000	1.02E-09
2999	1.04E-09
2998	1.06E-09
2997	1.09E-09
2996	1.11E-09
2995	1.13E-09
2994	1.16E-09
2993	1.18E-09
2992	1.21E-09
2991	1.23E-09
2990	1.26E-09
2989	1.29E-09
2988	1.32E-09
2987	1.35E-09
2986	1.38E-09
2985	1.42E-09
2984	1.45E-09
2983	1.49E-09
2982	1.52E-09
2981	1.56E-09
2980	1.60E-09
2979	1.64E-09
2978	1.68E-09
2977	1.73E-09
2976	1.77E-09
2975	1.82E-09
2974	1.87E-09
2973	1.92E-09
2972	1.97E-09
2971	2.03E-09
2970	2.08E-09
2969	2.14E-09
2968	2.20E-09
2967	2.26E-09
2966	2.33E-09
2965	2.39E-09
2964	2.46E-09
2963	2.53E-09
2962	2.61E-09
2961	2.68E-09
2960	2.76E-09
2959	2.94E-09
2958	3.13E-09
2957	3.34E-09
2956	3.58E-09
2955	3.83E-09
2954	4.11E-09
2953	4.41E-09
2952	4.75E-09
2951	5.13E-09
2950	5.54E-09
2949	5.71E-09
2948	5.88E-09
2947	6.06E-09
2946	6.24E-09
2945	6.43E-09
2944	6.62E-09
2943	6.82E-09
2942	7.02E-09
2941	7.23E-09
2940	7.44E-09
2939	7.66E-09
2938	7.89E-09
2937	8.12E-09
2936	8.36E-09
2935	8.61E-09
2934	8.86E-09
2933	9.11E-09
2932	9.38E-09
2931	9.65E-09
2930	9.92E-09
2929	1.02E-08
2928	1.05E-08
2927	1.08E-08
2926	1.11E-08
2925	1.14E-08
2924	1.17E-08
2923	1.20E-08
2922	1.24E-08
2921	1.27E-08
2920	1.31E-08
2919	1.34E-08
2918	1.38E-08
2917	1.41E-08
2916	1.45E-08
2915	1.49E-08
2914	1.53E-08
2913	1.57E-08
2912	1.61E-08
2911	1.65E-08
2910	1.69E-08
2909	1.73E-08
2908	1.78E-08
2907	1.82E-08
2906	1.86E-08
2905	1.91E-08
2904	1.96E-08
2903	2.01E-08
2902	2.05E-08
2901	2.10E-08
2900	2.15E-08
2899	2.21E-08
2898	2.26E-08
2897	2.31E-08
2896	2.37E-08
2895	2.42E-08
2894	2.48E-08
2893	2.54E-08
2892	2.60E-08
2891	2.66E-08
2890	2.73E-08
2889	2.79E-08
2888	2.86E-08
2887	2.93E-08
2886	3.00E-08
2885	3.07E-08
2884	3.14E-08
2883	3.22E-08
2882	3.29E-08
2881	3.37E-08
2880	3.46E-08
2879	3.54E-08
2878	3.63E-08
2877	3.72E-08
2876	3.81E-08
2875	3.90E-08
2874	4.00E-08
2873	4.10E-08
2872	4.20E-08
2871	4.31E-08
2870	4.42E-08
2869	4.53E-08
2868	4.65E-08
2867	4.77E-08
2866	4.90E-08
2865	5.03E-08
2864	5.16E-08
2863	5.30E-08
2862	5.45E-08
2861	5.60E-08
2860	5.75E-08
2859	5.92E-08
2858	6.08E-08
2857	6.26E-08
2856	6.44E-08
2855	6.63E-08
2854	6.82E-08
2853	7.02E-08
2852	7.23E-08
2851	7.45E-08
2850	7.68E-08
2849	7.92E-08
2848	8.17E-08
2847	8.43E-08
2846	8.70E-08
2845	8.99E-08
2844	9.28E-08
2843	9.59E-08
2842	9.91E-08
2841	1.03E-07
2840	1.06E-07
2839	1.15E-07
2838	1.26E-07
2837	1.38E-07
2836	1.52E-07
2835	1.68E-07
2834	1.87E-07
2833	2.09E-07
2832	2.34E-07
2831	2.65E-07
2830	3.03E-07
2829	3.15E-07
2828	3.27E-07
2827	3.40E-07
2826	3.54E-07
2825	3.68E-07
2824	3.84E-07
2823	4.00E-07
2822	4.17E-07
2821	4.35E-07
2820	4.54E-07
2819	4.74E-07
2818	4.95E-07
2817	5.17E-07
2816	5.41E-07
2815	5.66E-07
2814	5.93E-07
2813	6.21E-07
2812	6.50E-07
2811	6.82E-07
2810	7.16E-07
2809	7.51E-07
2808	7.89E-07
2807	8.29E-07
2806	8.72E-07
2805	9.17E-07
2804	9.66E-07
2803	1.02E-06
2802	1.07E-06
2801	1.13E-06
2800	1.19E-06
2799	1.26E-06
2798	1.33E-06
2797	1.41E-06
2796	1.49E-06
2795	1.58E-06
2794	1.67E-06
2793	1.77E-06
2792	1.88E-06
2791	2.00E-06
2790	2.12E-06
2789	2.05E-06
2788	2.01E-06
2787	1.97E-06
2786	1.95E-06
2785	1.95E-06
2784	1.95E-06
2783	1.96E-06
2782	1.98E-06
2781	2.01E-06
2780	2.04E-06
2779	2.19E-06
2778	2.35E-06
2777	2.52E-06
2776	2.71E-06
2775	2.91E-06
2774	3.13E-06
2773	3.37E-06
2772	3.63E-06
2771	3.92E-06
2770	4.23E-06
2769	4.58E-06
2768	4.95E-06
2767	5.36E-06
2766	5.81E-06
2765	6.30E-06
2764	6.84E-06
2763	7.44E-06
2762	8.09E-06
2761	8.81E-06
2760	9.61E-06
2759	1.05E-05
2758	1.15E-05
2757	1.25E-05
2756	1.37E-05
2755	1.50E-05
2754	1.65E-05
2753	1.81E-05
2752	1.99E-05
2751	2.19E-05
2750	2.42E-05
2749	2.67E-05
2748	2.95E-05
2747	3.26E-05
2746	3.61E-05
2745	4.01E-05
2744	4.45E-05
2743	4.95E-05
2742	5.51E-05
2741	6.14E-05
2740	6.86E-05
2739	7.66E-05
2738	8.57E-05
2737	9.60E-05
2736	1.08E-04
2735	1.21E-04
2734	1.36E-04
2733	1.53E-04
2732	1.72E-04
2731	1.95E-04
2730	2.20E-04
2729	2.48E-04
2728	2.81E-04
2727	3.18E-04
2726	3.60E-04
2725	4.07E-04
2724	4.61E-04
2723	5.22E-04
2722	5.91E-04
2721	6.67E-04
2720	7.53E-04
2719	8.47E-04
2718	9.51E-04
2717	1.07E-03
2716	1.19E-03
2715	1.32E-03
2714	1.46E-03
2713	1.60E-03
2712	1.75E-03
2711	1.90E-03
2710	2.06E-03
2709	2.23E-03
2708	2.39E-03
2707	2.55E-03
2706	2.69E-03
2705	2.81E-03
2704	2.93E-03
2703	3.03E-03
2702	3.12E-03
2701	3.20E-03
2700	3.27E-03
2699	3.33E-03
2698	3.39E-03
2697	3.45E-03
2696	3.51E-03
2695	3.56E-03
2694	3.61E-03
2693	3.66E-03
2692	3.71E-03
2691	3.76E-03
2690	3.82E-03
2689	3.88E-03
2688	3.96E-03
2687	4.03E-03
2686	4.11E-03
2685	4.19E-03
2684	4.27E-03
2683	4.36E-03
2682	4.45E-03
2681	4.54E-03
2680	4.63E-03
2679	4.70E-03
2678	4.77E-03
2677	4.84E-03
2676	4.91E-03
2675	4.98E-03
2674	5.05E-03
2673	5.12E-03
2672	5.20E-03
2671	5.27E-03
2670	5.34E-03
2669	5.42E-03
2668	5.49E-03
2667	5.57E-03
2666	5.64E-03
2665	5.72E-03
2664	5.80E-03
2663	5.87E-03
2662	5.95E-03
2661	6.03E-03
2660	6.12E-03
2659	6.20E-03
2658	6.28E-03
2657	6.37E-03
2656	6.45E-03
2655	6.54E-03
2654	6.63E-03
2653	6.72E-03
2652	6.82E-03
2651	6.91E-03
2650	7.01E-03
2649	7.11E-03
2648	7.21E-03
2647	7.31E-03
2646	7.42E-03
2645	7.53E-03
2644	7.64E-03
2643	7.75E-03
2642	7.87E-03
2641	7.99E-03
2640	8.11E-03
2639	8.24E-03
2638	8.37E-03
2637	8.50E-03
2636	8.64E-03
2635	8.79E-03
2634	8.93E-03
2633	9.08E-03
2632	9.24E-03
2631	9.40E-03
2630	9.57E-03
2629	9.74E-03
2628	9.91E-03
2627	1.01E-02
2626	1.03E-02
2625	1.05E-02
2624	1.07E-02
2623	1.09E-02
2622	1.11E-02
2621	1.13E-02
2620	1.16E-02
2619	1.18E-02
2618	1.21E-02
2617	1.23E-02
2616	1.26E-02
2615	1.29E-02
2614	1.31E-02
2613	1.34E-02
2612	1.38E-02
2611	1.41E-02
2610	1.44E-02
2609	1.48E-02
2608	1.51E-02
2607	1.55E-02
2606	1.59E-02
2605	1.63E-02
2604	1.67E-02
2603	1.72E-02
2602	1.76E-02
2601	1.81E-02
2600	1.86E-02
2599	1.91E-02
2598	1.97E-02
2597	2.02E-02
2596	2.08E-02
2595	2.15E-02
2594	2.21E-02
2593	2.28E-02
2592	2.35E-02
2591	2.42E-02
2590	2.50E-02
2589	2.58E-02
2588	2.66E-02
2587	2.75E-02
2586	2.84E-02
2585	2.94E-02
2584	3.04E-02
2583	3.14E-02
2582	3.25E-02
2581	3.37E-02
2580	3.49E-02
2579	3.62E-02
2578	3.75E-02
2577	3.89E-02
2576	4.03E-02
2575	4.19E-02
2574	4.35E-02
2573	4.52E-02
2572	4.70E-02
2571	4.88E-02
2570	5.08E-02
2569	5.29E-02
2568	5.51E-02
2567	5.73E-02
2566	5.98E-02
2565	6.23E-02
2564	6.50E-02
2563	6.78E-02
2562	7.07E-02
2561	7.39E-02
2560	7.72E-02
2559	8.07E-02
2558	8.43E-02
2557	8.82E-02
2556	9.23E-02
2555	9.66E-02
2554	1.01E-01
2553	1.06E-01
2552	1.11E-01
2551	1.16E-01
2550	1.22E-01
2549	1.28E-01
2548	1.35E-01
2547	1.41E-01
2546	1.48E-01
2545	1.56E-01
2544	1.64E-01
2543	1.72E-01
2542	1.81E-01
2541	1.91E-01
2540	2.01E-01
2539	2.12E-01
2538	2.23E-01
2537	2.35E-01
2536	2.48E-01
2535	2.61E-01
2534	2.76E-01
2533	2.91E-01
2532	3.07E-01
2531	3.24E-01
2530	3.42E-01
2529	3.62E-01
2528	3.82E-01
2527	4.04E-01
2526	4.27E-01
2525	4.52E-01
2524	4.78E-01
2523	5.06E-01
2522	5.35E-01
2521	5.66E-01
2520	6.00E-01
2519	6.35E-01
2518	6.73E-01
2517	7.13E-01
2516	7.56E-01
2515	8.01E-01
2514	8.49E-01
2513	9.00E-01
2512	9.55E-01
2511	1.01E+00
2510	1.07E+00
2509	1.14E+00
2508	1.21E+00
2507	1.29E+00
2506	1.36E+00
2505	1.45E+00
2504	1.54E+00
2503	1.64E+00
2502	1.74E+00
2501	1.85E+00
2500	1.96E+00
2499	2.09E+00
2498	2.22E+00
2497	2.36E+00
2496	2.51E+00
2495	2.67E+00
2494	2.85E+00
2493	3.03E+00
2492	3.23E+00
2491	3.44E+00
2490	3.66E+00
2489	3.90E+00
2488	4.16E+00
2487	4.44E+00
2486	4.73E+00
2485	5.05E+00
2484	5.39E+00
2483	5.75E+00
2482	6.14E+00
2481	6.56E+00
2480	7.01E+00
2479	7.49E+00
2478	8.00E+00
2477	8.56E+00
2476	9.15E+00
2475	9.79E+00
2474	1.05E+01
2473	1.12E+01
2472	1.20E+01
2471	1.28E+01
2470	1.38E+01
2469	1.47E+01
2468	1.58E+01
2467	1.69E+01
2466	1.81E+01
2465	1.94E+01
2464	2.07E+01
2463	2.22E+01
2462	2.37E+01
2461	2.53E+01
2460	2.71E+01
2459	2.89E+01
2458	3.09E+01
2457	3.29E+01
2456	3.50E+01
2455	3.73E+01
2454	3.96E+01
2453	4.20E+01
2452	4.45E+01
2451	4.71E+01
2450	4.98E+01
2449	5.24E+01
2448	5.52E+01
2447	5.79E+01
2446	6.06E+01
2445	6.34E+01
2444	6.61E+01
2443	6.87E+01
2442	7.13E+01
2441	7.38E+01
2440	7.62E+01
2439	7.84E+01
2438	8.06E+01
2437	8.26E+01
2436	8.45E+01
2435	8.63E+01
2434	8.79E+01
2433	8.94E+01
2432	9.07E+01
2431	9.19E+01
2430	9.30E+01
2429	9.40E+01
2428	9.48E+01
2427	9.55E+01
2426	9.62E+01
2425	9.68E+01
2424	9.72E+01
2423	9.76E+01
2422	9.80E+01
2421	9.83E+01
2420	9.85E+01
2419	9.87E+01
2418	9.89E+01
2417	9.90E+01
2416	9.91E+01
2415	9.92E+01
2414	9.93E+01
2413	9.93E+01
2412	9.93E+01
2411	9.94E+01
2410	9.94E+01
2409	9.94E+01
2408	9.94E+01
2407	9.94E+01
2406	9.94E+01
2405	9.94E+01
2404	9.94E+01
2403	9.94E+01
2402	9.94E+01
2401	9.94E+01
2400	9.94E+01
2399	9.94E+01
2398	9.94E+01
2397	9.94E+01
2396	9.93E+01
2395	9.93E+01
2394	9.93E+01
2393	9.93E+01
2392	9.93E+01
2391	9.93E+01
2390	9.93E+01
2389	9.93E+01
2388	9.93E+01
2387	9.93E+01
2386	9.93E+01
2385	9.93E+01
2384	9.93E+01
2383	9.93E+01
2382	9.93E+01
2381	9.93E+01
2380	9.93E+01
2379	9.92E+01
2378	9.92E+01
2377	9.92E+01
2376	9.92E+01
2375	9.92E+01
2374	9.92E+01
2373	9.92E+01
2372	9.92E+01
2371	9.92E+01
2370	9.92E+01
2369	9.92E+01
2368	9.92E+01
2367	9.92E+01
2366	9.92E+01
2365	9.92E+01
2364	9.92E+01
2363	9.92E+01
2362	9.92E+01
2361	9.91E+01
2360	9.91E+01
2359	9.92E+01
2358	9.92E+01
2357	9.92E+01
2356	9.92E+01
2355	9.92E+01
2354	9.92E+01
2353	9.92E+01
2352	9.92E+01
2351	9.92E+01
2350	9.92E+01
2349	9.92E+01
2348	9.92E+01
2347	9.92E+01
2346	9.92E+01
2345	9.92E+01
2344	9.92E+01
2343	9.92E+01
2342	9.92E+01
2341	9.92E+01
2340	9.92E+01
2339	9.92E+01
2338	9.92E+01
2337	9.92E+01
2336	9.92E+01
2335	9.93E+01
2334	9.93E+01
2333	9.93E+01
2332	9.93E+01
2331	9.93E+01
2330	9.93E+01
2329	9.93E+01
2328	9.93E+01
2327	9.93E+01
2326	9.93E+01
2325	9.93E+01
2324	9.93E+01
2323	9.93E+01
2322	9.93E+01
2321	9.93E+01
2320	9.93E+01
2319	9.93E+01
2318	9.93E+01
2317	9.93E+01
2316	9.93E+01
2315	9.93E+01
2314	9.93E+01
2313	9.93E+01
2312	9.93E+01
2311	9.92E+01
2310	9.92E+01
2309	9.92E+01
2308	9.92E+01
2307	9.92E+01
2306	9.92E+01
2305	9.92E+01
2304	9.92E+01
2303	9.92E+01
2302	9.92E+01
2301	9.92E+01
2300	9.92E+01
2299	9.92E+01
2298	9.92E+01
2297	9.92E+01
2296	9.92E+01
2295	9.92E+01
2294	9.92E+01
2293	9.92E+01
2292	9.92E+01
2291	9.92E+01
2290	9.92E+01
2289	9.92E+01
2288	9.92E+01
2287	9.92E+01
2286	9.92E+01
2285	9.92E+01
2284	9.92E+01
2283	9.92E+01
2282	9.91E+01
2281	9.91E+01
2280	9.91E+01
2279	9.91E+01
2278	9.91E+01
2277	9.91E+01
2276	9.91E+01
2275	9.91E+01
2274	9.91E+01
2273	9.91E+01
2272	9.91E+01
2271	9.91E+01
2270	9.91E+01
2269	9.91E+01
2268	9.91E+01
2267	9.91E+01
2266	9.91E+01
2265	9.91E+01
2264	9.91E+01
2263	9.91E+01
2262	9.91E+01
2261	9.91E+01
2260	9.91E+01
2259	9.91E+01
2258	9.91E+01
2257	9.91E+01
2256	9.91E+01
2255	9.91E+01
2254	9.91E+01
2253	9.91E+01
2252	9.91E+01
2251	9.91E+01
2250	9.91E+01
2249	9.91E+01
2248	9.91E+01
2247	9.90E+01
2246	9.90E+01
2245	9.90E+01
2244	9.90E+01
2243	9.90E+01
2242	9.90E+01
2241	9.90E+01
2240	9.90E+01
2239	9.90E+01
2238	9.90E+01
2237	9.90E+01
2236	9.90E+01
2235	9.90E+01
2234	9.90E+01
2233	9.90E+01
2232	9.90E+01
2231	9.90E+01
2230	9.90E+01
2229	9.90E+01
2228	9.90E+01
2227	9.90E+01
2226	9.90E+01
2225	9.90E+01
2224	9.90E+01
2223	9.90E+01
2222	9.90E+01
2221	9.90E+01
2220	9.90E+01
2219	9.90E+01
2218	9.90E+01
2217	9.90E+01
2216	9.90E+01
2215	9.90E+01
2214	9.90E+01
2213	9.90E+01
2212	9.90E+01
2211	9.90E+01
2210	9.90E+01
2209	9.90E+01
2208	9.90E+01
2207	9.90E+01
2206	9.90E+01
2205	9.90E+01
2204	9.90E+01
2203	9.90E+01
2202	9.90E+01
2201	9.89E+01
2200	9.89E+01
2199	9.89E+01
2198	9.89E+01
2197	9.89E+01
2196	9.89E+01
2195	9.89E+01
2194	9.89E+01
2193	9.89E+01
2192	9.89E+01
2191	9.89E+01
2190	9.89E+01
2189	9.89E+01
2188	9.89E+01
2187	9.89E+01
2186	9.89E+01
2185	9.89E+01
2184	9.89E+01
2183	9.89E+01
2182	9.88E+01
2181	9.88E+01
2180	9.88E+01
2179	9.88E+01
2178	9.88E+01
2177	9.88E+01
2176	9.88E+01
2175	9.88E+01
2174	9.88E+01
2173	9.88E+01
2172	9.88E+01
2171	9.88E+01
2170	9.88E+01
2169	9.88E+01
2168	9.88E+01
2167	9.88E+01
2166	9.88E+01
2165	9.88E+01
2164	9.88E+01
2163	9.88E+01
2162	9.88E+01
2161	9.88E+01
2160	9.88E+01
2159	9.88E+01
2158	9.88E+01
2157	9.88E+01
2156	9.88E+01
2155	9.88E+01
2154	9.88E+01
2153	9.88E+01
2152	9.88E+01
2151	9.88E+01
2150	9.88E+01
2149	9.88E+01
2148	9.87E+01
2147	9.87E+01
2146	9.87E+01
2145	9.87E+01
2144	9.87E+01
2143	9.87E+01
2142	9.87E+01
2141	9.87E+01
2140	9.87E+01
2139	9.87E+01
2138	9.87E+01
2137	9.87E+01
2136	9.87E+01
2135	9.87E+01
2134	9.87E+01
2133	9.87E+01
2132	9.87E+01
2131	9.87E+01
2130	9.87E+01
2129	9.87E+01
2128	9.87E+01
2127	9.87E+01
2126	9.87E+01
2125	9.87E+01
2124	9.87E+01
2123	9.87E+01
2122	9.87E+01
2121	9.87E+01
2120	9.87E+01
2119	9.87E+01
2118	9.87E+01
2117	9.87E+01
2116	9.87E+01
2115	9.87E+01
2114	9.87E+01
2113	9.87E+01
2112	9.86E+01
2111	9.86E+01
2110	9.86E+01
2109	9.86E+01
2108	9.86E+01
2107	9.86E+01
2106	9.86E+01
2105	9.86E+01
2104	9.86E+01
2103	9.86E+01
2102	9.86E+01
2101	9.86E+01
2100	9.86E+01
2099	9.86E+01
2098	9.86E+01
2097	9.86E+01
2096	9.86E+01
2095	9.86E+01
2094	9.86E+01
2093	9.86E+01
2092	9.86E+01
2091	9.85E+01
2090	9.85E+01
2089	9.85E+01
2088	9.85E+01
2087	9.85E+01
2086	9.85E+01
2085	9.85E+01
2084	9.85E+01
2083	9.85E+01
2082	9.85E+01
2081	9.85E+01
2080	9.85E+01
2079	9.85E+01
2078	9.85E+01
2077	9.85E+01
2076	9.85E+01
2075	9.85E+01
2074	9.85E+01
2073	9.85E+01
2072	9.85E+01
2071	9.85E+01
2070	9.85E+01
2069	9.85E+01
2068	9.85E+01
2067	9.85E+01
2066	9.85E+01
2065	9.85E+01
2064	9.85E+01
2063	9.85E+01
2062	9.85E+01
2061	9.85E+01
2060	9.85E+01
2059	9.85E+01
2058	9.85E+01
2057	9.85E+01
2056	9.85E+01
2055	9.85E+01
2054	9.85E+01
2053	9.85E+01
2052	9.85E+01
2051	9.85E+01
2050	9.84E+01
2049	9.84E+01
2048	9.84E+01
2047	9.84E+01
2046	9.84E+01
2045	9.84E+01
2044	9.84E+01
2043	9.84E+01
2042	9.84E+01
2041	9.84E+01
2040	9.84E+01
2039	9.84E+01
2038	9.84E+01
2037	9.84E+01
2036	9.84E+01
2035	9.83E+01
2034	9.83E+01
2033	9.83E+01
2032	9.83E+01
2031	9.83E+01
2030	9.83E+01
2029	9.83E+01
2028	9.83E+01
2027	9.83E+01
2026	9.83E+01
2025	9.83E+01
2024	9.83E+01
2023	9.83E+01
2022	9.83E+01
2021	9.83E+01
2020	9.83E+01
2019	9.82E+01
2018	9.82E+01
2017	9.82E+01
2016	9.82E+01
2015	9.82E+01
2014	9.82E+01
2013	9.82E+01
2012	9.82E+01
2011	9.82E+01
2010	9.82E+01
2009	9.82E+01
2008	9.82E+01
2007	9.82E+01
2006	9.82E+01
2005	9.82E+01
2004	9.82E+01
2003	9.82E+01
2002	9.82E+01
2001	9.81E+01
2000	9.81E+01
1999	9.81E+01
1998	9.81E+01
1997	9.81E+01
1996	9.81E+01
1995	9.81E+01
1994	9.81E+01
1993	9.81E+01
1992	9.81E+01
1991	9.81E+01
1990	9.80E+01
1989	9.80E+01
1988	9.80E+01
1987	9.80E+01
1986	9.80E+01
1985	9.80E+01
1984	9.80E+01
1983	9.80E+01
1982	9.80E+01
1981	9.80E+01
1980	9.80E+01
1979	9.81E+01
1978	9.81E+01
1977	9.81E+01
1976	9.80E+01
1975	9.80E+01
1974	9.79E+01
1973	9.78E+01
1972	9.77E+01
1971	9.74E+01
1970	9.71E+01
1969	9.67E+01
1968	9.61E+01
1967	9.54E+01
1966	9.45E+01
1965	9.34E+01
1964	9.21E+01
1963	9.05E+01
1962	8.86E+01
1961	8.65E+01
1960	8.41E+01
1959	8.14E+01
1958	7.85E+01
1957	7.53E+01
1956	7.19E+01
1955	6.83E+01
1954	6.46E+01
1953	6.09E+01
1952	5.72E+01
1951	5.34E+01
1950	4.98E+01
1949	4.64E+01
1948	4.31E+01
1947	4.00E+01
1946	3.70E+01
1945	3.42E+01
1944	3.16E+01
1943	2.91E+01
1942	2.69E+01
1941	2.48E+01
1940	2.28E+01
1939	2.11E+01
1938	1.94E+01
1937	1.79E+01
1936	1.65E+01
1935	1.52E+01
1934	1.41E+01
1933	1.30E+01
1932	1.20E+01
1931	1.11E+01
1930	1.02E+01
1929	9.43E+00
1928	8.71E+00
1927	8.04E+00
1926	7.41E+00
1925	6.83E+00
1924	6.29E+00
1923	5.79E+00
1922	5.33E+00
1921	4.89E+00
1920	4.49E+00
1919	4.11E+00
1918	3.77E+00
1917	3.45E+00
1916	3.15E+00
1915	2.87E+00
1914	2.62E+00
1913	2.38E+00
1912	2.17E+00
1911	1.97E+00
1910	1.79E+00
1909	1.63E+00
1908	1.48E+00
1907	1.34E+00
1906	1.22E+00
1905	1.11E+00
1904	1.01E+00
1903	9.17E-01
1902	8.35E-01
1901	7.60E-01
1900	6.93E-01
1899	6.33E-01
1898	5.78E-01
1897	5.29E-01
1896	4.85E-01
1895	4.45E-01
1894	4.09E-01
1893	3.76E-01
1892	3.47E-01
1891	3.21E-01
1890	2.97E-01
1889	2.75E-01
1888	2.56E-01
1887	2.38E-01
1886	2.22E-01
1885	2.07E-01
1884	1.94E-01
1883	1.82E-01
1882	1.71E-01
1881	1.61E-01
1880	1.52E-01
1879	1.44E-01
1878	1.36E-01
1877	1.29E-01
1876	1.23E-01
1875	1.17E-01
1874	1.12E-01
1873	1.07E-01
1872	1.02E-01
1871	9.80E-02
1870	9.40E-02
1869	9.04E-02
1868	8.70E-02
1867	8.38E-02
1866	8.08E-02
1865	7.79E-02
1864	7.52E-02
1863	7.26E-02
1862	7.00E-02
1861	6.76E-02
1860	6.51E-02
1859	6.27E-02
1858	6.04E-02
1857	5.80E-02
1856	5.57E-02
1855	5.33E-02
1854	5.09E-02
1853	4.85E-02
1852	4.61E-02
1851	4.38E-02
1850	4.14E-02
1849	3.91E-02
1848	3.68E-02
1847	3.45E-02
1846	3.23E-02
1845	3.02E-02
1844	2.82E-02
1843	2.62E-02
1842	2.44E-02
1841	2.27E-02
1840	2.10E-02
1839	1.95E-02
1838	1.81E-02
1837	1.68E-02
1836	1.56E-02
1835	1.45E-02
1834	1.34E-02
1833	1.25E-02
1832	1.16E-02
1831	1.08E-02
1830	1.01E-02
1829	9.47E-03
1828	8.86E-03
1827	8.31E-03
1826	7.81E-03
1825	7.36E-03
1824	6.94E-03
1823	6.57E-03
1822	6.22E-03
1821	5.91E-03
1820	5.63E-03
1819	5.37E-03
1818	5.13E-03
1817	4.92E-03
1816	4.73E-03
1815	4.56E-03
1814	4.40E-03
1813	4.26E-03
1812	4.14E-03
1811	4.02E-03
1810	3.92E-03
1809	3.84E-03
1808	3.76E-03
1807	3.69E-03
1806	3.63E-03
1805	3.58E-03
1804	3.54E-03
1803	3.51E-03
1802	3.48E-03
1801	3.46E-03
1800	3.45E-03
1799	3.43E-03
1798	3.43E-03
1797	3.42E-03
1796	3.41E-03
1795	3.41E-03
1794	3.40E-03
1793	3.39E-03
1792	3.37E-03
1791	3.34E-03
1790	3.31E-03
1789	3.27E-03
1788	3.21E-03
1787	3.14E-03
1786	3.06E-03
1785	2.97E-03
1784	2.86E-03
1783	2.74E-03
1782	2.62E-03
1781	2.49E-03
1780	2.36E-03
1779	2.22E-03
1778	2.08E-03
1777	1.95E-03
1776	1.82E-03
1775	1.70E-03
1774	1.59E-03
1773	1.48E-03
1772	1.38E-03
1771	1.28E-03
1770	1.20E-03
1769	1.12E-03
1768	1.05E-03
1767	9.80E-04
1766	9.20E-04
1765	8.66E-04
1764	8.17E-04
1763	7.73E-04
1762	7.33E-04
1761	6.97E-04
1760	6.65E-04
1759	6.36E-04
1758	6.10E-04
1757	5.86E-04
1756	5.65E-04
1755	5.47E-04
1754	5.30E-04
1753	5.15E-04
1752	5.02E-04
1751	4.91E-04
1750	4.81E-04
1749	4.73E-04
1748	4.65E-04
1747	4.59E-04
1746	4.54E-04
1745	4.50E-04
1744	4.47E-04
1743	4.45E-04
1742	4.43E-04
1741	4.42E-04
1740	4.42E-04
1739	4.42E-04
1738	4.42E-04
1737	4.43E-04
1736	4.43E-04
1735	4.43E-04
1734	4.43E-04
1733	4.41E-04
1732	4.39E-04
1731	4.35E-04
1730	4.29E-04
1729	4.21E-04
1728	4.11E-04
1727	3.98E-04
1726	3.82E-04
1725	3.63E-04
1724	3.42E-04
1723	3.18E-04
1722	2.92E-04
1721	2.64E-04
1720	2.37E-04
1719	2.09E-04
1718	1.83E-04
1717	1.59E-04
1716	1.36E-04
1715	1.16E-04
1714	9.89E-05
1713	8.37E-05
1712	7.06E-05
1711	5.96E-05
1710	5.03E-05
1709	4.24E-05
1708	3.59E-05
1707	3.04E-05
1706	2.59E-05
1705	2.21E-05
1704	1.89E-05
1703	1.63E-05
1702	1.41E-05
1701	1.22E-05
1700	1.06E-05
1699	9.31E-06
1698	8.19E-06
1697	7.23E-06
1696	6.42E-06
1695	5.72E-06
1694	5.13E-06
1693	4.61E-06
1692	4.17E-06
1691	3.79E-06
1690	3.46E-06
1689	3.17E-06
1688	2.92E-06
1687	2.70E-06
1686	2.50E-06
1685	2.34E-06
1684	2.19E-06
1683	2.06E-06
1682	1.95E-06
1681	1.86E-06
1680	1.77E-06
1679	1.70E-06
1678	1.64E-06
1677	1.59E-06
1676	1.55E-06
1675	1.52E-06
1674	1.49E-06
1673	1.47E-06
1672	1.46E-06
1671	1.44E-06
1670	1.44E-06
1669	1.43E-06
1668	1.42E-06
1667	1.40E-06
1666	1.38E-06
1665	1.34E-06
1664	1.29E-06
1663	1.23E-06
1662	1.15E-06
1661	1.05E-06
1660	9.54E-07
1659	8.51E-07
1658	7.50E-07
1657	6.54E-07
1656	5.67E-07
1655	4.89E-07
1654	4.21E-07
1653	3.63E-07
1652	3.13E-07
1651	2.71E-07
1650	2.35E-07
1649	2.05E-07
1648	1.80E-07
1647	1.58E-07
1646	1.40E-07
1645	1.25E-07
1644	1.12E-07
1643	1.01E-07
1642	9.12E-08
1641	8.30E-08
1640	7.60E-08
1639	7.00E-08
1638	6.47E-08
1637	6.02E-08
1636	5.63E-08
1635	5.30E-08
1634	5.01E-08
1633	4.76E-08
1632	4.55E-08
1631	4.37E-08
1630	4.22E-08
1629	4.10E-08
1628	4.00E-08
1627	3.94E-08
1626	3.89E-08
1625	3.87E-08
1624	3.88E-08
1623	3.91E-08
1622	3.96E-08
1621	4.05E-08
1620	4.16E-08
1619	4.31E-08
1618	4.49E-08
1617	4.70E-08
1616	4.95E-08
1615	5.24E-08
1614	5.54E-08
1613	5.85E-08
1612	6.15E-08
1611	6.40E-08
1610	6.56E-08
1609	6.59E-08
1608	6.46E-08
1607	6.17E-08
1606	5.75E-08
1605	5.24E-08
1604	4.69E-08
1603	4.14E-08
1602	3.63E-08
1601	3.18E-08
1600	2.78E-08
1599	2.44E-08
1598	2.15E-08
1597	1.90E-08
1596	1.70E-08
1595	1.53E-08
1594	1.38E-08
1593	1.26E-08
1592	1.16E-08
1591	1.07E-08
1590	1.00E-08
1589	9.41E-09
1588	8.90E-09
1587	8.48E-09
1586	8.14E-09
1585	7.87E-09
1584	7.66E-09
1583	7.51E-09
1582	7.41E-09
1581	7.37E-09
1580	7.38E-09
1579	7.46E-09
1578	7.59E-09
1577	7.79E-09
1576	8.06E-09
1575	8.42E-09
1574	8.88E-09
1573	9.45E-09
1572	1.02E-08
1571	1.11E-08
1570	1.22E-08
1569	1.35E-08
1568	1.51E-08
1567	1.71E-08
1566	1.95E-08
1565	2.22E-08
1564	2.50E-08
1563	2.78E-08
1562	2.99E-08
1561	3.10E-08
1560	3.06E-08
1559	2.88E-08
1558	2.62E-08
1557	2.31E-08
1556	2.02E-08
1555	1.75E-08
1554	1.52E-08
1553	1.33E-08
1552	1.18E-08
1551	1.06E-08
1550	9.57E-09
1549	8.78E-09
1548	8.15E-09
1547	7.66E-09
1546	7.29E-09
1545	7.02E-09
1544	6.83E-09
1543	6.73E-09
1542	6.70E-09
1541	6.74E-09
1540	6.87E-09
1539	7.08E-09
1538	7.38E-09
1537	7.78E-09
1536	8.32E-09
1535	9.01E-09
1534	9.90E-09
1533	1.10E-08
1532	1.25E-08
1531	1.44E-08
1530	1.69E-08
1529	2.02E-08
1528	2.44E-08
1527	2.98E-08
1526	3.61E-08
1525	4.25E-08
1524	4.72E-08
1523	4.80E-08
1522	4.44E-08
1521	3.82E-08
1520	3.15E-08
1519	2.56E-08
1518	2.09E-08
1517	1.73E-08
1516	1.46E-08
1515	1.25E-08
1514	1.10E-08
1513	9.81E-09
1512	8.94E-09
1511	8.30E-09
1510	7.84E-09
1509	7.54E-09
1508	7.36E-09
1507	7.30E-09
1506	7.36E-09
1505	7.53E-09
1504	7.82E-09
1503	8.25E-09
1502	8.84E-09
1501	9.62E-09
1500	1.06E-08
1499	1.20E-08
1498	1.37E-08
1497	1.59E-08
1496	1.89E-08
1495	2.30E-08
1494	2.84E-08
1493	3.58E-08
1492	4.60E-08
1491	5.94E-08
1490	7.59E-08
1489	9.27E-08
1488	1.04E-07
1487	1.05E-07
1486	9.61E-08
1485	8.23E-08
1484	6.87E-08
1483	5.74E-08
1482	4.87E-08
1481	4.23E-08
1480	3.77E-08
1479	3.45E-08
1478	3.25E-08
1477	3.14E-08
1476	3.11E-08
1475	3.17E-08
1474	3.31E-08
1473	3.56E-08
1472	3.93E-08
1471	4.46E-08
1470	5.22E-08
1469	6.28E-08
1468	7.75E-08
1467	9.78E-08
1466	1.24E-07
1465	1.55E-07
1464	1.84E-07
1463	2.00E-07
1462	1.98E-07
1461	1.80E-07
1460	1.58E-07
1459	1.38E-07
1458	1.21E-07
1457	1.09E-07
1456	1.02E-07
1455	9.73E-08
1454	9.63E-08
1453	9.85E-08
1452	1.04E-07
1451	1.14E-07
1450	1.28E-07
1449	1.46E-07
1448	1.66E-07
1447	1.80E-07
1446	1.76E-07
1445	1.51E-07
1444	1.16E-07
1443	8.31E-08
1442	5.90E-08
1441	4.24E-08
1440	3.13E-08
1439	2.37E-08
1438	1.86E-08
1437	1.50E-08
1436	1.24E-08
1435	1.06E-08
1434	9.26E-09
1433	8.29E-09
1432	7.60E-09
1431	7.13E-09
1430	6.84E-09
1429	6.70E-09
1428	6.72E-09
1427	6.88E-09
1426	7.19E-09
1425	7.70E-09
1424	8.42E-09
1423	9.43E-09
1422	1.08E-08
1421	1.28E-08
1420	1.55E-08
1419	1.94E-08
1418	2.53E-08
1417	3.45E-08
1416	4.96E-08
1415	7.56E-08
1414	1.20E-07
1413	1.82E-07
1412	2.15E-07
1411	1.75E-07
1410	1.16E-07
1409	7.63E-08
1408	5.26E-08
1407	3.85E-08
1406	2.96E-08
1405	2.37E-08
1404	1.95E-08
1403	1.64E-08
1402	1.40E-08
1401	1.19E-08
1400	1.02E-08
1399	8.61E-09
1398	7.26E-09
1397	6.11E-09
1396	5.14E-09
1395	4.34E-09
1394	3.69E-09
1393	3.18E-09
1392	2.77E-09
1391	2.46E-09
1390	2.21E-09
1389	2.01E-09
1388	1.86E-09
1387	1.74E-09
1386	1.64E-09
1385	1.56E-09
1384	1.49E-09
1383	1.43E-09
1382	1.37E-09
1381	1.32E-09
1380	1.27E-09
1379	1.23E-09
1378	1.20E-09
1377	1.18E-09
1376	1.18E-09
1375	1.18E-09
1374	1.21E-09
1373	1.25E-09
1372	1.31E-09
1371	1.39E-09
1370	1.48E-09
1369	1.59E-09
1368	1.71E-09
1367	1.84E-09
1366	1.98E-09
1365	2.14E-09
1364	2.34E-09
1363	2.62E-09
1362	3.00E-09
1361	3.58E-09
1360	4.48E-09
1359	5.84E-09
1358	7.67E-09
1357	9.13E-09
1356	8.51E-09
1355	6.12E-09
1354	3.89E-09
1353	2.47E-09
1352	1.63E-09
1351	1.13E-09
1350	8.25E-10
1349	6.29E-10
1348	5.02E-10
1347	4.19E-10
1346	3.66E-10
1345	3.35E-10
1344	3.19E-10
1343	3.10E-10
1342	2.91E-10
1341	2.43E-10
1340	1.69E-10
1339	1.01E-10
1338	5.73E-11
1337	3.26E-11
1336	1.92E-11
1335	1.18E-11
1334	7.62E-12
1333	5.10E-12
1332	3.53E-12
1331	2.52E-12
1330	1.84E-12
1329	1.36E-12
1328	1.02E-12
1327	7.65E-13
1326	5.75E-13
1325	4.29E-13
1324	3.18E-13
1323	2.33E-13
1322	1.70E-13
1321	1.24E-13
1320	9.04E-14
1319	6.62E-14
1318	4.89E-14
1317	3.66E-14
1316	2.77E-14
1315	2.13E-14
1314	1.66E-14
1313	1.32E-14
1312	1.06E-14
1311	8.64E-15
1310	7.15E-15
1309	5.99E-15
1308	5.08E-15
1307	4.35E-15
1306	3.75E-15
1305	3.25E-15
1304	2.83E-15
1303	2.47E-15
1302	2.15E-15
1301	1.87E-15
1300	1.62E-15
1299	1.41E-15
1298	1.21E-15
1297	1.05E-15
1296	9.04E-16
1295	7.82E-16
1294	6.78E-16
1293	5.91E-16
1292	5.17E-16
1291	4.54E-16
1290	4.00E-16
1289	3.53E-16
1288	3.12E-16
1287	2.75E-16
1286	2.41E-16
1285	2.10E-16
1284	1.81E-16
1283	1.55E-16
1282	1.32E-16
1281	1.12E-16
1280	9.41E-17
1279	7.92E-17
1278	6.68E-17
1277	5.66E-17
1276	4.83E-17
1275	4.16E-17
1274	3.62E-17
1273	3.19E-17
1272	2.85E-17
1271	2.57E-17
1270	2.35E-17
1269	2.18E-17
1268	2.05E-17
1267	1.95E-17
1266	1.87E-17
1265	1.82E-17
1264	1.78E-17
1263	1.76E-17
1262	1.74E-17
1261	1.72E-17
1260	1.70E-17
1259	1.68E-17
1258	1.64E-17
1257	1.59E-17
1256	1.53E-17
1255	1.45E-17
1254	1.37E-17
1253	1.29E-17
1252	1.21E-17
1251	1.13E-17
1250	1.06E-17
1249	1.00E-17
1248	9.43E-18
1247	8.93E-18
1246	8.49E-18
1245	8.09E-18
1244	7.72E-18
1243	7.37E-18
1242	7.04E-18
1241	6.73E-18
1240	6.42E-18
1239	6.12E-18
1238	5.85E-18
1237	5.59E-18
1236	5.36E-18
1235	5.16E-18
1234	5.00E-18
1233	4.88E-18
1232	4.79E-18
1231	4.75E-18
1230	4.76E-18
1229	4.80E-18
1228	4.87E-18
1227	4.98E-18
1226	5.11E-18
1225	5.25E-18
1224	5.38E-18
1223	5.49E-18
1222	5.56E-18
1221	5.57E-18
1220	5.53E-18
1219	5.43E-18
1218	5.29E-18
1217	5.13E-18
1216	4.97E-18
1215	4.82E-18
1214	4.70E-18
1213	4.61E-18
1212	4.57E-18
1211	4.58E-18
1210	4.63E-18
1209	4.74E-18
1208	4.91E-18
1207	5.14E-18
1206	5.45E-18
1205	5.82E-18
1204	6.28E-18
1203	6.82E-18
1202	7.44E-18
1201	8.16E-18
1200	8.96E-18
1199	9.85E-18
1198	1.08E-17
1197	1.19E-17
1196	1.30E-17
1195	1.42E-17
1194	1.55E-17
1193	1.68E-17
1192	1.83E-17
1191	1.99E-17
1190	2.16E-17
1189	2.34E-17
1188	2.54E-17
1187	2.75E-17
1186	2.98E-17
1185	3.23E-17
1184	3.49E-17
1183	3.79E-17
1182	4.12E-17
1181	4.51E-17
1180	4.95E-17
1179	5.49E-17
1178	6.14E-17
1177	6.94E-17
1176	7.95E-17
1175	9.23E-17
1174	1.09E-16
1173	1.30E-16
1172	1.58E-16
1171	1.94E-16
1170	2.43E-16
1169	3.08E-16
1168	3.95E-16
1167	5.12E-16
1166	6.70E-16
1165	8.80E-16
1164	1.16E-15
1163	1.54E-15
1162	2.06E-15
1161	2.76E-15
1160	3.76E-15
1159	5.21E-15
1158	7.46E-15
1157	1.11E-14
1156	1.77E-14
1155	3.07E-14
1154	6.09E-14
1153	1.49E-13
1152	4.70E-13
1151	7.21E-13
1150	3.11E-13
1149	1.49E-13
1148	9.20E-14
1147	6.67E-14
1146	5.38E-14
1145	4.70E-14
1144	4.36E-14
1143	4.24E-14
1142	4.29E-14
1141	4.48E-14
1140	4.80E-14
1139	5.25E-14
1138	5.83E-14
1137	6.54E-14
1136	7.35E-14
1135	8.24E-14
1134	9.20E-14
1133	1.02E-13
1132	1.12E-13
1131	1.22E-13
1130	1.34E-13
1129	1.47E-13
1128	1.62E-13
1127	1.81E-13
1126	2.05E-13
1125	2.37E-13
1124	2.78E-13
1123	3.34E-13
1122	4.11E-13
1121	5.18E-13
1120	6.68E-13
1119	8.84E-13
1118	1.20E-12
1117	1.68E-12
1116	2.42E-12
1115	3.57E-12
1114	5.40E-12
1113	8.34E-12
1112	1.31E-11
1111	2.05E-11
1110	3.18E-11
1109	4.82E-11
1108	7.14E-11
1107	1.04E-10
1106	1.50E-10
1105	2.21E-10
1104	3.33E-10
1103	5.16E-10
1102	8.05E-10
1101	1.20E-09
1100	1.57E-09
1099	1.77E-09
1098	1.80E-09
1097	1.78E-09
1096	1.80E-09
1095	1.90E-09
1094	2.10E-09
1093	2.45E-09
1092	2.99E-09
1091	3.80E-09
1090	4.99E-09
1089	6.63E-09
1088	8.67E-09
1087	1.06E-08
1086	1.18E-08
1085	1.18E-08
1084	1.09E-08
1083	9.85E-09
1082	8.95E-09
1081	8.36E-09
1080	8.09E-09
1079	8.14E-09
1078	8.54E-09
1077	9.33E-09
1076	1.06E-08
1075	1.26E-08
1074	1.53E-08
1073	1.91E-08
1072	2.36E-08
1071	2.79E-08
1070	3.00E-08
1069	2.89E-08
1068	2.54E-08
1067	2.14E-08
1066	1.79E-08
1065	1.53E-08
1064	1.35E-08
1063	1.23E-08
1062	1.17E-08
1061	1.16E-08
1060	1.20E-08
1059	1.29E-08
1058	1.45E-08
1057	1.70E-08
1056	2.09E-08
1055	2.68E-08
1054	3.60E-08
1053	4.98E-08
1052	6.96E-08
1051	9.36E-08
1050	1.14E-07
1049	1.23E-07
1048	1.18E-07
1047	1.08E-07
1046	9.82E-08
1045	8.99E-08
1044	8.32E-08
1043	7.70E-08
1042	7.07E-08
1041	6.39E-08
1040	5.70E-08
1039	5.06E-08
1038	4.52E-08
1037	4.12E-08
1036	3.87E-08
1035	3.79E-08
1034	3.87E-08
1033	4.17E-08
1032	4.74E-08
1031	5.74E-08
1030	7.43E-08
1029	1.04E-07
1028	1.57E-07
1027	2.53E-07
1026	4.00E-07
1025	5.08E-07
1024	4.56E-07
1023	3.39E-07
1022	2.53E-07
1021	2.02E-07
1020	1.75E-07
1019	1.62E-07
1018	1.61E-07
1017	1.66E-07
1016	1.76E-07
1015	1.88E-07
1014	1.97E-07
1013	2.02E-07
1012	2.06E-07
1011	2.12E-07
1010	2.25E-07
1009	2.54E-07
1008	3.13E-07
1007	4.37E-07
1006	7.40E-07
1005	1.78E-06
1004	7.71E-06
1003	5.43E-06
1002	1.15E-06
1001	4.50E-07
1000	2.41E-07
999	1.56E-07
998	1.15E-07
997	9.36E-08
996	8.28E-08
995	7.84E-08
994	7.86E-08
993	8.25E-08
992	8.93E-08
991	9.79E-08
990	1.06E-07
989	1.11E-07
988	1.10E-07
987	1.03E-07
986	9.21E-08
985	8.05E-08
984	7.04E-08
983	6.27E-08
982	5.76E-08
981	5.48E-08
980	5.41E-08
979	5.53E-08
978	5.84E-08
977	6.33E-08
976	7.00E-08
975	7.86E-08
974	8.94E-08
973	1.03E-07
972	1.21E-07
971	1.46E-07
970	1.81E-07
969	2.32E-07
968	3.09E-07
967	4.25E-07
966	6.01E-07
965	8.66E-07
964	1.25E-06
963	1.78E-06
962	2.45E-06
961	3.22E-06
960	4.05E-06
959	4.94E-06
958	6.00E-06
957	7.45E-06
956	9.67E-06
955	1.33E-05
954	1.91E-05
953	2.70E-05
952	3.32E-05
951	3.32E-05
950	2.89E-05
949	2.42E-05
948	2.05E-05
947	1.76E-05
946	1.53E-05
945	1.36E-05
944	1.26E-05
943	1.24E-05
942	1.30E-05
941	1.48E-05
940	1.83E-05
939	2.46E-05
938	3.57E-05
937	5.52E-05
936	9.00E-05
935	1.53E-04
934	2.67E-04
933	4.55E-04
932	6.12E-04
931	5.53E-04
930	4.15E-04
929	3.26E-04
928	2.89E-04
927	2.91E-04
926	3.25E-04
925	3.93E-04
924	4.96E-04
923	6.28E-04
922	7.85E-04
921	9.80E-04
920	1.26E-03
919	1.71E-03
918	2.51E-03
917	4.06E-03
916	7.19E-03
915	1.39E-02
914	2.87E-02
913	6.10E-02
912	1.26E-01
911	2.19E-01
910	2.50E-01
909	2.03E-01
908	1.59E-01
907	1.41E-01
906	1.43E-01
905	1.64E-01
904	2.04E-01
903	2.60E-01
902	3.15E-01
901	3.42E-01
900	3.27E-01
899	2.92E-01
898	2.56E-01
897	2.28E-01
896	2.06E-01
895	1.83E-01
894	1.55E-01
893	1.25E-01
892	9.94E-02
891	8.21E-02
890	7.32E-02
889	7.17E-02
888	7.78E-02
887	9.30E-02
886	1.20E-01
885	1.57E-01
884	1.90E-01
883	1.87E-01
882	1.52E-01
881	1.16E-01
880	9.15E-02
879	7.89E-02
878	7.56E-02
877	8.00E-02
876	9.19E-02
875	1.11E-01
874	1.32E-01
873	1.46E-01
872	1.48E-01
871	1.41E-01
870	1.32E-01
869	1.24E-01
868	1.20E-01
867	1.15E-01
866	1.05E-01
865	9.02E-02
864	7.36E-02
863	5.99E-02
862	5.12E-02
861	4.74E-02
860	4.82E-02
859	5.40E-02
858	6.57E-02
857	8.38E-02
856	1.03E-01
855	1.12E-01
854	1.02E-01
853	8.32E-02
852	6.66E-02
851	5.45E-02
850	4.57E-02
849	3.83E-02
848	3.20E-02
847	2.73E-02
846	2.44E-02
845	2.32E-02
844	2.35E-02
843	2.45E-02
842	2.51E-02
841	2.36E-02
840	1.97E-02
839	1.48E-02
838	1.08E-02
837	8.01E-03
836	6.27E-03
835	5.28E-03
834	4.85E-03
833	4.88E-03
832	5.33E-03
831	6.23E-03
830	7.61E-03
829	9.34E-03
828	1.08E-02
827	1.07E-02
826	9.24E-03
825	7.40E-03
824	5.85E-03
823	4.65E-03
822	3.69E-03
821	2.95E-03
820	2.37E-03
819	1.91E-03
818	1.54E-03
817	1.24E-03
816	9.82E-04
815	7.65E-04
814	5.76E-04
813	4.03E-04
812	2.51E-04
811	1.37E-04
810	6.85E-05
809	3.29E-05
808	1.59E-05
807	7.94E-06
806	4.16E-06
805	2.38E-06
804	1.53E-06
803	1.11E-06
802	8.62E-07
801	5.85E-07
800	3.08E-07