1.000000000000000000e+00 1.029999999999999959e-07
1.004999999999999893e+00 5.720000000000000265e-08
1.010000000000000009e+00 3.360000000000000309e-08
1.014999999999999902e+00 2.049999999999999828e-08
1.020000000000000018e+00 1.309999999999999984e-08
1.024999999999999911e+00 8.579999999999999736e-09
1.030000000000000027e+00 5.810000000000000409e-09
1.034999999999999920e+00 4.049999999999999870e-09
1.040000000000000036e+00 2.890000000000000153e-09
1.044999999999999929e+00 2.120000000000000124e-09
1.050000000000000044e+00 1.580000000000000127e-09
1.054999999999999938e+00 1.199999999999999992e-09
1.060000000000000053e+00 9.270000000000000042e-10
1.064999999999999947e+00 7.280000000000000710e-10
1.070000000000000062e+00 5.800000000000000651e-10
1.074999999999999956e+00 4.690000000000000348e-10
1.080000000000000071e+00 3.840000000000000181e-10
1.084999999999999964e+00 3.190000000000000358e-10
1.090000000000000080e+00 2.680000000000000051e-10
1.094999999999999973e+00 2.270000000000000174e-10
1.100000000000000089e+00 1.939999999999999763e-10
1.104999999999999982e+00 1.680000000000000144e-10
1.110000000000000098e+00 1.469999999999999835e-10
1.114999999999999991e+00 1.289999999999999940e-10
1.120000000000000107e+00 1.150000000000000035e-10
1.125000000000000000e+00 1.029999999999999933e-10
1.129999999999999893e+00 9.259999999999999559e-11
1.135000000000000009e+00 8.429999999999999582e-11
1.140000000000000124e+00 7.719999999999973083e-11
1.145000000000000018e+00 7.119999999999999711e-11
1.149999999999999911e+00 6.620000000000000146e-11
1.155000000000000027e+00 6.200000000000000562e-11
1.159999999999999920e+00 5.850000000000000478e-11
1.165000000000000036e+00 5.550000000000000222e-11
1.169999999999999929e+00 5.310000000000000275e-11
1.175000000000000044e+00 5.109999999999999673e-11
1.179999999999999938e+00 4.949999999999999709e-11
1.185000000000000053e+00 4.820000000000000545e-11
1.189999999999999947e+00 4.720000000000000244e-11
1.195000000000000062e+00 4.650000000000000098e-11
1.199999999999999956e+00 4.599999999999999625e-11
1.205000000000000071e+00 4.589999999999999789e-11
1.209999999999999964e+00 4.599999999999999625e-11
1.215000000000000080e+00 4.639999999999999616e-11
1.219999999999999973e+00 4.699999999999999926e-11
1.225000000000000089e+00 4.779999999999999908e-11
1.229999999999999982e+00 4.890000000000000045e-11
1.235000000000000098e+00 5.030000000000000337e-11
1.239999999999999991e+00 5.200000000000000138e-11
1.245000000000000107e+00 5.389999999999999611e-11
1.250000000000000000e+00 5.629999999999999558e-11
1.254999999999999893e+00 5.900000000000000305e-11
1.260000000000000009e+00 6.220000000000000234e-11
1.265000000000000124e+00 6.590000000000016793e-11
1.270000000000000018e+00 7.010000000000000867e-11
1.274999999999999911e+00 7.489999999999999468e-11
1.280000000000000027e+00 8.040000000000000153e-11
1.285000000000000142e+00 8.660000000000031358e-11
1.290000000000000036e+00 9.370000000000000989e-11
1.294999999999999929e+00 1.020000000000000097e-10
1.300000000000000044e+00 1.110000000000000044e-10
1.304999999999999938e+00 1.219999999999999923e-10
1.310000000000000053e+00 1.340000000000000026e-10
1.314999999999999947e+00 1.480000000000000059e-10
1.320000000000000062e+00 1.640000000000000024e-10
1.324999999999999956e+00 1.829999999999999884e-10
1.330000000000000071e+00 2.050000000000000159e-10
1.334999999999999964e+00 2.309999999999999778e-10
1.340000000000000080e+00 2.600000000000000327e-10
1.344999999999999973e+00 2.939999999999999670e-10
1.350000000000000089e+00 3.340000000000000357e-10
1.354999999999999982e+00 3.800000000000000319e-10
1.359999999999999876e+00 4.349999999999973605e-10
1.364999999999999991e+00 4.989999999999999312e-10
1.370000000000000107e+00 5.749999999999999789e-10
1.375000000000000000e+00 6.650000000000000817e-10
1.379999999999999893e+00 7.740000000000000155e-10
1.385000000000000009e+00 9.029999999999999837e-10
1.390000000000000124e+00 1.060000000000006679e-09
1.395000000000000018e+00 1.240000000000000061e-09
1.399999999999999911e+00 1.470000000000000094e-09
1.405000000000000027e+00 1.730000000000000023e-09
1.410000000000000142e+00 2.050000000000015462e-09
1.415000000000000036e+00 2.440000000000000260e-09
1.419999999999999929e+00 2.910000000000000084e-09
1.425000000000000044e+00 3.490000000000000149e-09
1.429999999999999938e+00 4.210000000000000144e-09
1.435000000000000053e+00 5.100000000000000173e-09
1.439999999999999947e+00 6.209999999999999855e-09
1.445000000000000062e+00 7.600000000000000225e-09
1.449999999999999956e+00 9.350000000000001006e-09
1.455000000000000071e+00 1.150000000000000041e-08
1.459999999999999964e+00 1.419999999999999977e-08
1.465000000000000080e+00 1.750000000000000119e-08
1.469999999999999973e+00 2.160000000000000151e-08
1.475000000000000089e+00 2.680000000000000175e-08
1.479999999999999982e+00 3.330000000000000040e-08
1.484999999999999876e+00 4.169999999999957269e-08
1.489999999999999991e+00 5.280000000000000296e-08
1.495000000000000107e+00 6.800000000000000010e-08
1.500000000000000000e+00 8.859999999999999927e-08
1.504999999999999893e+00 1.160000000000000064e-07
1.510000000000000009e+00 1.480000000000000018e-07
1.515000000000000124e+00 1.770000000000011217e-07
1.520000000000000018e+00 1.919999999999999987e-07
1.524999999999999911e+00 1.860000000000000244e-07
1.530000000000000027e+00 1.660000000000000041e-07
1.535000000000000142e+00 1.439999999999991189e-07
1.540000000000000036e+00 1.239999999999999986e-07
1.544999999999999929e+00 1.099999999999999924e-07
1.550000000000000044e+00 9.929999999999999582e-08
1.555000000000000160e+00 9.269999999999979114e-08
1.560000000000000053e+00 8.929999999999998569e-08
1.564999999999999947e+00 8.859999999999999927e-08
1.570000000000000062e+00 9.040000000000000216e-08
1.575000000000000178e+00 9.460000000000022505e-08
1.580000000000000071e+00 1.010000000000000044e-07
1.584999999999999964e+00 1.110000000000000013e-07
1.589999999999999858e+00 1.229999999999993412e-07
1.594999999999999973e+00 1.390000000000000138e-07
1.600000000000000089e+00 1.590000000000000076e-07
1.604999999999999982e+00 1.819999999999999886e-07
1.609999999999999876e+00 2.109999999999986998e-07
1.614999999999999991e+00 2.429999999999999922e-07
1.620000000000000107e+00 2.789999999999999969e-07
1.625000000000000000e+00 3.180000000000000153e-07
1.629999999999999893e+00 3.589999999999999721e-07
1.635000000000000009e+00 4.020000000000000263e-07
1.640000000000000124e+00 4.470000000000019777e-07
1.645000000000000018e+00 4.940000000000000560e-07
1.649999999999999911e+00 5.459999999999999393e-07
1.655000000000000027e+00 6.029999999999999865e-07
1.660000000000000142e+00 6.690000000000031450e-07
1.665000000000000036e+00 7.440000000000000976e-07
1.669999999999999929e+00 8.330000000000000078e-07
1.675000000000000044e+00 9.369999999999999862e-07
1.680000000000000160e+00 1.060000000000006580e-06
1.685000000000000053e+00 1.210000000000000062e-06
1.689999999999999947e+00 1.379999999999999916e-06
1.695000000000000062e+00 1.579999999999999907e-06
1.700000000000000178e+00 1.800000000000011142e-06
1.705000000000000071e+00 2.059999999999999759e-06
1.709999999999999964e+00 2.340000000000000042e-06
1.714999999999999858e+00 2.629999999999986254e-06
1.719999999999999973e+00 2.950000000000000131e-06
1.725000000000000089e+00 3.269999999999999609e-06
1.729999999999999982e+00 3.600000000000000261e-06
1.734999999999999876e+00 3.939999999999984300e-06
1.739999999999999991e+00 4.279999999999999679e-06
1.745000000000000107e+00 4.639999999999999621e-06
1.750000000000000000e+00 5.019999999999999370e-06
1.754999999999999893e+00 5.419999999999999776e-06
1.760000000000000009e+00 5.869999999999999703e-06
1.765000000000000124e+00 6.370000000000021173e-06
1.770000000000000018e+00 6.930000000000000565e-06
1.774999999999999911e+00 7.569999999999999520e-06
1.780000000000000027e+00 8.310000000000000058e-06
1.785000000000000142e+00 9.170000000000039258e-06
1.790000000000000036e+00 1.020000000000000060e-05
1.794999999999999929e+00 1.129999999999999854e-05
1.800000000000000044e+00 1.270000000000000038e-05
1.805000000000000160e+00 1.430000000000009009e-05
1.810000000000000053e+00 1.620000000000000075e-05
1.814999999999999947e+00 1.850000000000000245e-05
1.820000000000000062e+00 2.120000000000000031e-05
1.825000000000000178e+00 2.440000000000017635e-05
1.830000000000000071e+00 2.830000000000000010e-05
1.834999999999999964e+00 3.300000000000000253e-05
1.839999999999999858e+00 3.859999999999973885e-05
1.844999999999999973e+00 4.550000000000000144e-05
1.850000000000000089e+00 5.389999999999999555e-05
1.854999999999999982e+00 6.430000000000000440e-05
1.859999999999999876e+00 7.699999999999940507e-05
1.864999999999999991e+00 9.289999999999999484e-05
1.870000000000000107e+00 1.129999999999999955e-04
1.875000000000000000e+00 1.379999999999999933e-04
1.879999999999999893e+00 1.689999999999999879e-04
1.885000000000000009e+00 2.100000000000000087e-04
1.890000000000000124e+00 2.610000000000027120e-04
1.895000000000000018e+00 3.280000000000000038e-04
1.899999999999999911e+00 4.150000000000000043e-04
1.905000000000000027e+00 5.290000000000000648e-04
1.910000000000000142e+00 6.810000000000079878e-04
1.915000000000000036e+00 8.829999999999999958e-04
1.919999999999999929e+00 1.160000000000000007e-03
1.925000000000000044e+00 1.529999999999999893e-03
1.930000000000000160e+00 2.040000000000026601e-03
1.935000000000000053e+00 2.750000000000000274e-03
1.939999999999999947e+00 3.759999999999999887e-03
1.945000000000000062e+00 5.190000000000000169e-03
1.950000000000000178e+00 7.270000000000120116e-03
1.955000000000000071e+00 1.050000000000000065e-02
1.959999999999999964e+00 1.530000000000000110e-02
1.964999999999999858e+00 2.279999999999961918e-02
1.969999999999999973e+00 3.470000000000000168e-02
1.975000000000000089e+00 5.360000000000000181e-02
1.979999999999999982e+00 8.419999999999999707e-02
1.984999999999999876e+00 1.339999999999973435e-01
1.989999999999999991e+00 2.129999999999999949e-01
1.995000000000000107e+00 3.320000000000000173e-01
2.000000000000000000e+00 4.939999999999999947e-01
2.004999999999999893e+00 6.759999999999999343e-01
2.009999999999999787e+00 8.329999999999999627e-01
2.015000000000000124e+00 9.309999999999999387e-01
2.020000000000000018e+00 9.740000000000000879e-01
2.024999999999999911e+00 9.840000000000000968e-01
2.030000000000000249e+00 9.799999999999995381e-01
2.035000000000000142e+00 9.749999999999999778e-01
2.040000000000000036e+00 9.719999999999999751e-01
2.044999999999999929e+00 9.719999999999999751e-01
2.049999999999999822e+00 9.740000000000000879e-01
2.054999999999999716e+00 9.769999999999999796e-01
2.060000000000000053e+00 9.809999999999999831e-01
2.064999999999999947e+00 9.829999999999999849e-01
2.070000000000000284e+00 9.849999999999999867e-01
2.075000000000000178e+00 9.849999999999999867e-01
2.080000000000000071e+00 9.840000000000000968e-01
2.084999999999999964e+00 9.829999999999999849e-01
2.089999999999999858e+00 9.819999999999999840e-01
2.094999999999999751e+00 9.809999999999999831e-01
2.100000000000000089e+00 9.799999999999999822e-01
2.104999999999999982e+00 9.790000000000000924e-01
2.110000000000000320e+00 9.790000000000000924e-01
2.115000000000000213e+00 9.790000000000000924e-01
2.120000000000000107e+00 9.799999999999999822e-01
2.125000000000000000e+00 9.799999999999999822e-01
2.129999999999999893e+00 9.799999999999999822e-01
2.134999999999999787e+00 9.799999999999999822e-01
2.140000000000000124e+00 9.799999999999999822e-01
2.145000000000000018e+00 9.790000000000000924e-01
2.150000000000000355e+00 9.779999999999999805e-01
2.155000000000000249e+00 9.769999999999999796e-01
2.160000000000000142e+00 9.759999999999999787e-01
2.165000000000000036e+00 9.740000000000000879e-01
2.169999999999999929e+00 9.719999999999999751e-01
2.174999999999999822e+00 9.709999999999999742e-01
2.179999999999999716e+00 9.699999999999999734e-01
2.185000000000000053e+00 9.690000000000000835e-01
2.189999999999999947e+00 9.690000000000000835e-01
2.195000000000000284e+00 9.690000000000000835e-01
2.200000000000000178e+00 9.699999999999999734e-01
2.205000000000000071e+00 9.709999999999999742e-01
2.209999999999999964e+00 9.719999999999999751e-01
2.214999999999999858e+00 9.740000000000000879e-01
2.219999999999999751e+00 9.759999999999999787e-01
2.225000000000000089e+00 9.779999999999999805e-01
2.229999999999999982e+00 9.799999999999999822e-01
2.235000000000000320e+00 9.820000000000004281e-01
2.240000000000000213e+00 9.840000000000000968e-01
2.245000000000000107e+00 9.859999999999999876e-01
2.250000000000000000e+00 9.869999999999999885e-01
2.254999999999999893e+00 9.879999999999999893e-01
2.259999999999999787e+00 9.879999999999999893e-01
2.265000000000000124e+00 9.879999999999999893e-01
2.270000000000000018e+00 9.879999999999999893e-01
2.275000000000000355e+00 9.869999999999999885e-01
2.280000000000000249e+00 9.859999999999999876e-01
2.285000000000000142e+00 9.849999999999999867e-01
2.290000000000000036e+00 9.829999999999999849e-01
2.294999999999999929e+00 9.819999999999999840e-01
2.299999999999999822e+00 9.799999999999999822e-01
2.304999999999999716e+00 9.790000000000000924e-01
2.310000000000000053e+00 9.769999999999999796e-01
2.314999999999999947e+00 9.759999999999999787e-01
2.320000000000000284e+00 9.749999999999999778e-01
2.325000000000000178e+00 9.740000000000000879e-01
2.330000000000000071e+00 9.729999999999999760e-01
2.334999999999999964e+00 9.729999999999999760e-01
2.339999999999999858e+00 9.719999999999999751e-01
2.344999999999999751e+00 9.719999999999999751e-01
2.350000000000000089e+00 9.719999999999999751e-01
2.354999999999999982e+00 9.719999999999999751e-01
2.360000000000000320e+00 9.729999999999999760e-01
2.365000000000000213e+00 9.729999999999999760e-01
2.370000000000000107e+00 9.740000000000000879e-01
2.375000000000000000e+00 9.740000000000000879e-01
2.379999999999999893e+00 9.749999999999999778e-01
2.384999999999999787e+00 9.759999999999999787e-01
2.390000000000000124e+00 9.759999999999999787e-01
2.395000000000000018e+00 9.769999999999999796e-01
2.400000000000000355e+00 9.779999999999999805e-01
2.405000000000000249e+00 9.779999999999999805e-01
2.410000000000000142e+00 9.790000000000000924e-01
2.415000000000000036e+00 9.790000000000000924e-01
2.419999999999999929e+00 9.790000000000000924e-01
2.424999999999999822e+00 9.799999999999999822e-01
2.429999999999999716e+00 9.799999999999999822e-01
2.435000000000000053e+00 9.799999999999999822e-01
2.439999999999999947e+00 9.809999999999999831e-01
2.445000000000000284e+00 9.809999999999999831e-01
2.450000000000000178e+00 9.809999999999999831e-01
2.455000000000000071e+00 9.809999999999999831e-01
2.459999999999999964e+00 9.819999999999999840e-01
2.464999999999999858e+00 9.819999999999999840e-01
2.469999999999999751e+00 9.819999999999999840e-01
2.475000000000000089e+00 9.829999999999999849e-01
2.479999999999999982e+00 9.829999999999999849e-01
2.485000000000000320e+00 9.829999999999999849e-01
2.490000000000000213e+00 9.840000000000000968e-01
2.495000000000000107e+00 9.840000000000000968e-01
2.500000000000000000e+00 9.840000000000000968e-01
2.504999999999999893e+00 9.849999999999999867e-01
2.509999999999999787e+00 9.849999999999999867e-01
2.515000000000000124e+00 9.849999999999999867e-01
2.520000000000000018e+00 9.849999999999999867e-01
2.525000000000000355e+00 9.849999999999999867e-01
2.530000000000000249e+00 9.849999999999999867e-01
2.535000000000000142e+00 9.849999999999999867e-01
2.540000000000000036e+00 9.849999999999999867e-01
2.544999999999999929e+00 9.840000000000000968e-01
2.549999999999999822e+00 9.840000000000000968e-01
2.554999999999999716e+00 9.829999999999999849e-01
2.560000000000000053e+00 9.829999999999999849e-01
2.564999999999999947e+00 9.819999999999999840e-01
2.570000000000000284e+00 9.809999999999999831e-01
2.575000000000000178e+00 9.799999999999999822e-01
2.580000000000000071e+00 9.790000000000000924e-01
2.584999999999999964e+00 9.779999999999999805e-01
2.589999999999999858e+00 9.779999999999999805e-01
2.594999999999999751e+00 9.769999999999999796e-01
2.600000000000000089e+00 9.759999999999999787e-01
2.604999999999999982e+00 9.749999999999999778e-01
2.610000000000000320e+00 9.740000000000000879e-01
2.615000000000000213e+00 9.740000000000000879e-01
2.620000000000000107e+00 9.729999999999999760e-01
2.625000000000000000e+00 9.719999999999999751e-01
2.629999999999999893e+00 9.719999999999999751e-01
2.634999999999999787e+00 9.719999999999999751e-01
2.640000000000000124e+00 9.719999999999999751e-01
2.645000000000000018e+00 9.719999999999999751e-01
2.650000000000000355e+00 9.719999999999999751e-01
2.655000000000000249e+00 9.719999999999999751e-01
2.660000000000000142e+00 9.719999999999999751e-01
2.665000000000000036e+00 9.729999999999999760e-01
2.669999999999999929e+00 9.729999999999999760e-01
2.674999999999999822e+00 9.740000000000000879e-01
2.679999999999999716e+00 9.749999999999999778e-01
2.685000000000000053e+00 9.759999999999999787e-01
2.689999999999999947e+00 9.769999999999999796e-01
2.695000000000000284e+00 9.770000000000004237e-01
2.700000000000000178e+00 9.779999999999999805e-01
2.705000000000000071e+00 9.790000000000000924e-01
2.709999999999999964e+00 9.799999999999999822e-01
2.714999999999999858e+00 9.809999999999999831e-01
2.719999999999999751e+00 9.819999999999999840e-01
2.725000000000000089e+00 9.829999999999999849e-01
2.729999999999999982e+00 9.840000000000000968e-01
2.735000000000000320e+00 9.849999999999999867e-01
2.740000000000000213e+00 9.859999999999999876e-01
2.745000000000000107e+00 9.859999999999999876e-01
2.750000000000000000e+00 9.869999999999999885e-01
2.754999999999999893e+00 9.869999999999999885e-01
2.759999999999999787e+00 9.879999999999999893e-01
2.765000000000000124e+00 9.879999999999999893e-01
2.770000000000000018e+00 9.879999999999999893e-01
2.775000000000000355e+00 9.879999999999999893e-01
2.780000000000000249e+00 9.879999999999999893e-01
2.785000000000000142e+00 9.879999999999999893e-01
2.790000000000000036e+00 9.869999999999999885e-01
2.794999999999999929e+00 9.869999999999999885e-01
2.799999999999999822e+00 9.869999999999999885e-01
2.804999999999999716e+00 9.859999999999999876e-01
2.810000000000000053e+00 9.849999999999999867e-01
2.814999999999999947e+00 9.849999999999999867e-01
2.820000000000000284e+00 9.840000000000000968e-01
2.825000000000000178e+00 9.829999999999999849e-01
2.830000000000000071e+00 9.829999999999999849e-01
2.834999999999999964e+00 9.819999999999999840e-01
2.839999999999999858e+00 9.809999999999999831e-01
2.844999999999999751e+00 9.799999999999999822e-01
2.850000000000000089e+00 9.790000000000000924e-01
2.854999999999999982e+00 9.790000000000000924e-01
2.860000000000000320e+00 9.779999999999999805e-01
2.865000000000000213e+00 9.769999999999999796e-01
2.870000000000000107e+00 9.769999999999999796e-01
2.875000000000000000e+00 9.759999999999999787e-01
2.879999999999999893e+00 9.749999999999999778e-01
2.884999999999999787e+00 9.749999999999999778e-01
2.890000000000000124e+00 9.749999999999999778e-01
2.895000000000000018e+00 9.740000000000000879e-01
2.900000000000000355e+00 9.740000000000000879e-01
2.905000000000000249e+00 9.740000000000000879e-01
2.910000000000000142e+00 9.729999999999999760e-01
2.915000000000000036e+00 9.729999999999999760e-01
2.919999999999999929e+00 9.729999999999999760e-01
2.924999999999999822e+00 9.729999999999999760e-01
2.929999999999999716e+00 9.729999999999999760e-01
2.935000000000000053e+00 9.729999999999999760e-01
2.939999999999999947e+00 9.729999999999999760e-01
2.945000000000000284e+00 9.740000000000000879e-01
2.950000000000000178e+00 9.740000000000000879e-01
2.955000000000000071e+00 9.740000000000000879e-01
2.959999999999999964e+00 9.740000000000000879e-01
2.964999999999999858e+00 9.749999999999999778e-01
2.969999999999999751e+00 9.749999999999999778e-01
2.975000000000000089e+00 9.749999999999999778e-01
2.979999999999999982e+00 9.749999999999999778e-01
2.985000000000000320e+00 9.759999999999999787e-01
2.990000000000000213e+00 9.759999999999999787e-01
2.995000000000000107e+00 9.759999999999999787e-01
3.000000000000000000e+00 9.769999999999999796e-01
3.004999999999999893e+00 9.769999999999999796e-01
3.010000000000000231e+00 9.769999999999999796e-01
3.015000000000000124e+00 9.779999999999999805e-01
3.020000000000000018e+00 9.779999999999999805e-01
3.024999999999999911e+00 9.779999999999999805e-01
3.030000000000000249e+00 9.790000000000000924e-01
3.035000000000000142e+00 9.790000000000000924e-01
3.040000000000000036e+00 9.790000000000000924e-01
3.044999999999999929e+00 9.790000000000000924e-01
3.049999999999999822e+00 9.799999999999999822e-01
3.055000000000000160e+00 9.799999999999999822e-01
3.060000000000000053e+00 9.799999999999999822e-01
3.064999999999999947e+00 9.809999999999999831e-01
3.069999999999999840e+00 9.809999999999999831e-01
3.075000000000000178e+00 9.809999999999999831e-01
3.080000000000000071e+00 9.809999999999999831e-01
3.084999999999999964e+00 9.809999999999999831e-01
3.089999999999999858e+00 9.819999999999999840e-01
3.095000000000000195e+00 9.819999999999999840e-01
3.100000000000000089e+00 9.819999999999999840e-01
3.104999999999999982e+00 9.819999999999999840e-01
3.109999999999999876e+00 9.829999999999999849e-01
3.115000000000000213e+00 9.829999999999999849e-01
3.120000000000000107e+00 9.829999999999999849e-01
3.125000000000000000e+00 9.829999999999999849e-01
3.129999999999999893e+00 9.840000000000000968e-01
3.135000000000000231e+00 9.840000000000000968e-01
3.140000000000000124e+00 9.840000000000000968e-01
3.145000000000000018e+00 9.840000000000000968e-01
3.149999999999999911e+00 9.840000000000000968e-01
3.155000000000000249e+00 9.849999999999999867e-01
3.160000000000000142e+00 9.849999999999999867e-01
3.165000000000000036e+00 9.849999999999999867e-01
3.169999999999999929e+00 9.849999999999999867e-01
3.175000000000000266e+00 9.849999999999999867e-01
3.180000000000000160e+00 9.849999999999999867e-01
3.185000000000000053e+00 9.859999999999999876e-01
3.189999999999999947e+00 9.859999999999999876e-01
3.194999999999999840e+00 9.859999999999999876e-01
3.200000000000000178e+00 9.859999999999999876e-01
3.205000000000000071e+00 9.859999999999999876e-01
3.209999999999999964e+00 9.859999999999999876e-01
3.214999999999999858e+00 9.859999999999999876e-01
3.220000000000000195e+00 9.859999999999999876e-01
3.225000000000000089e+00 9.859999999999999876e-01
3.229999999999999982e+00 9.859999999999999876e-01
3.234999999999999876e+00 9.859999999999999876e-01
3.240000000000000213e+00 9.859999999999999876e-01
3.245000000000000107e+00 9.849999999999999867e-01
3.250000000000000000e+00 9.849999999999999867e-01
3.254999999999999893e+00 9.849999999999999867e-01
3.260000000000000231e+00 9.849999999999999867e-01
3.265000000000000124e+00 9.840000000000000968e-01
3.270000000000000018e+00 9.840000000000000968e-01
3.274999999999999911e+00 9.840000000000000968e-01
3.280000000000000249e+00 9.829999999999999849e-01
3.285000000000000142e+00 9.829999999999999849e-01
3.290000000000000036e+00 9.819999999999999840e-01
3.294999999999999929e+00 9.819999999999999840e-01
3.300000000000000266e+00 9.809999999999999831e-01
3.305000000000000160e+00 9.809999999999999831e-01
3.310000000000000053e+00 9.799999999999999822e-01
3.314999999999999947e+00 9.799999999999999822e-01
3.319999999999999840e+00 9.790000000000000924e-01
3.325000000000000178e+00 9.790000000000000924e-01
3.330000000000000071e+00 9.779999999999999805e-01
3.334999999999999964e+00 9.779999999999999805e-01
3.339999999999999858e+00 9.769999999999999796e-01
3.345000000000000195e+00 9.769999999999999796e-01
3.350000000000000089e+00 9.759999999999999787e-01
3.354999999999999982e+00 9.759999999999999787e-01
3.359999999999999876e+00 9.749999999999999778e-01
3.365000000000000213e+00 9.749999999999999778e-01
3.370000000000000107e+00 9.740000000000000879e-01
3.375000000000000000e+00 9.740000000000000879e-01
3.379999999999999893e+00 9.729999999999999760e-01
3.385000000000000231e+00 9.729999999999999760e-01
3.390000000000000124e+00 9.729999999999999760e-01
3.395000000000000018e+00 9.719999999999999751e-01
3.399999999999999911e+00 9.719999999999999751e-01
3.405000000000000249e+00 9.719999999999999751e-01
3.410000000000000142e+00 9.709999999999999742e-01
3.415000000000000036e+00 9.709999999999999742e-01
3.419999999999999929e+00 9.709999999999999742e-01
3.425000000000000266e+00 9.709999999999999742e-01
3.430000000000000160e+00 9.709999999999999742e-01
3.435000000000000053e+00 9.709999999999999742e-01
3.439999999999999947e+00 9.709999999999999742e-01
3.444999999999999840e+00 9.709999999999999742e-01
3.450000000000000178e+00 9.709999999999999742e-01
3.455000000000000071e+00 9.709999999999999742e-01
3.459999999999999964e+00 9.709999999999999742e-01
3.464999999999999858e+00 9.719999999999999751e-01
3.470000000000000195e+00 9.719999999999999751e-01
3.475000000000000089e+00 9.719999999999999751e-01
3.479999999999999982e+00 9.719999999999999751e-01
3.484999999999999876e+00 9.729999999999999760e-01
3.490000000000000213e+00 9.729999999999999760e-01
3.495000000000000107e+00 9.740000000000000879e-01
3.500000000000000000e+00 9.740000000000000879e-01
3.504999999999999893e+00 9.749999999999999778e-01
3.510000000000000231e+00 9.749999999999999778e-01
3.515000000000000124e+00 9.759999999999999787e-01
3.520000000000000018e+00 9.759999999999999787e-01
3.524999999999999911e+00 9.769999999999999796e-01
3.530000000000000249e+00 9.770000000000004237e-01
3.535000000000000142e+00 9.779999999999999805e-01
3.540000000000000036e+00 9.790000000000000924e-01
3.544999999999999929e+00 9.790000000000000924e-01
3.550000000000000266e+00 9.799999999999999822e-01
3.555000000000000160e+00 9.799999999999999822e-01
3.560000000000000053e+00 9.809999999999999831e-01
3.564999999999999947e+00 9.819999999999999840e-01
3.569999999999999840e+00 9.819999999999999840e-01
3.575000000000000178e+00 9.829999999999999849e-01
3.580000000000000071e+00 9.829999999999999849e-01
3.584999999999999964e+00 9.840000000000000968e-01
3.589999999999999858e+00 9.840000000000000968e-01
3.595000000000000195e+00 9.849999999999999867e-01
3.600000000000000089e+00 9.849999999999999867e-01
3.604999999999999982e+00 9.849999999999999867e-01
3.609999999999999876e+00 9.859999999999999876e-01
3.615000000000000213e+00 9.859999999999999876e-01
3.620000000000000107e+00 9.859999999999999876e-01
3.625000000000000000e+00 9.869999999999999885e-01
3.629999999999999893e+00 9.869999999999999885e-01
3.635000000000000231e+00 9.869999999999999885e-01
3.640000000000000124e+00 9.869999999999999885e-01
3.645000000000000018e+00 9.879999999999999893e-01
3.649999999999999911e+00 9.879999999999999893e-01
3.655000000000000249e+00 9.879999999999999893e-01
3.660000000000000142e+00 9.879999999999999893e-01
3.665000000000000036e+00 9.879999999999999893e-01
3.669999999999999929e+00 9.879999999999999893e-01
3.675000000000000266e+00 9.879999999999999893e-01
3.680000000000000160e+00 9.869999999999999885e-01
3.685000000000000053e+00 9.869999999999999885e-01
3.689999999999999947e+00 9.869999999999999885e-01
3.694999999999999840e+00 9.869999999999999885e-01
3.700000000000000178e+00 9.869999999999999885e-01
3.705000000000000071e+00 9.859999999999999876e-01
3.709999999999999964e+00 9.859999999999999876e-01
3.714999999999999858e+00 9.859999999999999876e-01
3.720000000000000195e+00 9.859999999999999876e-01
3.725000000000000089e+00 9.849999999999999867e-01
3.729999999999999982e+00 9.849999999999999867e-01
3.734999999999999876e+00 9.840000000000000968e-01
3.740000000000000213e+00 9.840000000000000968e-01
3.745000000000000107e+00 9.840000000000000968e-01
3.750000000000000000e+00 9.829999999999999849e-01
3.754999999999999893e+00 9.829999999999999849e-01
3.760000000000000231e+00 9.819999999999999840e-01
3.765000000000000124e+00 9.819999999999999840e-01
3.770000000000000018e+00 9.809999999999999831e-01
3.774999999999999911e+00 9.809999999999999831e-01
3.780000000000000249e+00 9.799999999999999822e-01
3.785000000000000142e+00 9.799999999999999822e-01
3.790000000000000036e+00 9.790000000000000924e-01
3.794999999999999929e+00 9.790000000000000924e-01
3.800000000000000266e+00 9.779999999999999805e-01
3.805000000000000160e+00 9.779999999999999805e-01
3.810000000000000053e+00 9.779999999999999805e-01
3.814999999999999947e+00 9.769999999999999796e-01
3.819999999999999840e+00 9.769999999999999796e-01
3.825000000000000178e+00 9.759999999999999787e-01
3.830000000000000071e+00 9.759999999999999787e-01
3.834999999999999964e+00 9.749999999999999778e-01
3.839999999999999858e+00 9.749999999999999778e-01
3.845000000000000195e+00 9.749999999999999778e-01
3.850000000000000089e+00 9.740000000000000879e-01
3.854999999999999982e+00 9.740000000000000879e-01
3.859999999999999876e+00 9.740000000000000879e-01
3.865000000000000213e+00 9.729999999999999760e-01
3.870000000000000107e+00 9.729999999999999760e-01
3.875000000000000000e+00 9.729999999999999760e-01
3.879999999999999893e+00 9.729999999999999760e-01
3.885000000000000231e+00 9.729999999999999760e-01
3.890000000000000124e+00 9.719999999999999751e-01
3.895000000000000018e+00 9.719999999999999751e-01
3.899999999999999911e+00 9.719999999999999751e-01
3.905000000000000249e+00 9.719999999999999751e-01
3.910000000000000142e+00 9.719999999999999751e-01
3.915000000000000036e+00 9.719999999999999751e-01
3.919999999999999929e+00 9.719999999999999751e-01
3.925000000000000266e+00 9.719999999999999751e-01
3.930000000000000160e+00 9.719999999999999751e-01
3.935000000000000053e+00 9.719999999999999751e-01
3.939999999999999947e+00 9.719999999999999751e-01
3.944999999999999840e+00 9.719999999999999751e-01
3.950000000000000178e+00 9.719999999999999751e-01
3.955000000000000071e+00 9.719999999999999751e-01
3.959999999999999964e+00 9.719999999999999751e-01
3.964999999999999858e+00 9.719999999999999751e-01
3.970000000000000195e+00 9.719999999999999751e-01
3.975000000000000089e+00 9.719999999999999751e-01
3.979999999999999982e+00 9.719999999999999751e-01
3.984999999999999876e+00 9.719999999999999751e-01
3.990000000000000213e+00 9.729999999999999760e-01
3.995000000000000107e+00 9.729999999999999760e-01
4.000000000000000000e+00 9.729999999999999760e-01
4.004999999999999893e+00 9.729999999999999760e-01
4.009999999999999787e+00 9.729999999999999760e-01
4.015000000000000568e+00 9.730000000000008642e-01
4.019999999999999574e+00 9.740000000000000879e-01
4.025000000000000355e+00 9.740000000000000879e-01
4.030000000000000249e+00 9.740000000000000879e-01
4.035000000000000142e+00 9.740000000000000879e-01
4.040000000000000036e+00 9.749999999999999778e-01
4.044999999999999929e+00 9.749999999999999778e-01
4.050000000000000711e+00 9.749999999999999778e-01
4.054999999999999716e+00 9.749999999999999778e-01
4.060000000000000497e+00 9.759999999999999787e-01
4.064999999999999503e+00 9.759999999999999787e-01
4.070000000000000284e+00 9.759999999999999787e-01
4.075000000000000178e+00 9.759999999999999787e-01
4.080000000000000071e+00 9.769999999999999796e-01
4.084999999999999964e+00 9.769999999999999796e-01
4.089999999999999858e+00 9.769999999999999796e-01
4.095000000000000639e+00 9.769999999999999796e-01
4.099999999999999645e+00 9.769999999999999796e-01
4.105000000000000426e+00 9.779999999999999805e-01
4.109999999999999432e+00 9.779999999999999805e-01
4.115000000000000213e+00 9.779999999999999805e-01
4.120000000000000107e+00 9.779999999999999805e-01
4.125000000000000000e+00 9.790000000000000924e-01
4.129999999999999893e+00 9.790000000000000924e-01
4.134999999999999787e+00 9.790000000000000924e-01
4.140000000000000568e+00 9.790000000000000924e-01
4.144999999999999574e+00 9.799999999999999822e-01
4.150000000000000355e+00 9.799999999999999822e-01
4.155000000000000249e+00 9.799999999999999822e-01
4.160000000000000142e+00 9.799999999999999822e-01
4.165000000000000036e+00 9.799999999999999822e-01
4.169999999999999929e+00 9.809999999999999831e-01
4.175000000000000711e+00 9.809999999999999831e-01
4.179999999999999716e+00 9.809999999999999831e-01
4.185000000000000497e+00 9.809999999999999831e-01
4.189999999999999503e+00 9.809999999999999831e-01
4.195000000000000284e+00 9.819999999999999840e-01
4.200000000000000178e+00 9.819999999999999840e-01
4.205000000000000071e+00 9.819999999999999840e-01
4.209999999999999964e+00 9.819999999999999840e-01
4.214999999999999858e+00 9.819999999999999840e-01
4.220000000000000639e+00 9.829999999999999849e-01
4.224999999999999645e+00 9.829999999999999849e-01
4.230000000000000426e+00 9.829999999999999849e-01
4.234999999999999432e+00 9.829999999999999849e-01
4.240000000000000213e+00 9.829999999999999849e-01
4.245000000000000107e+00 9.829999999999999849e-01
4.250000000000000000e+00 9.840000000000000968e-01
4.254999999999999893e+00 9.840000000000000968e-01
4.259999999999999787e+00 9.840000000000000968e-01
4.265000000000000568e+00 9.840000000000000968e-01
4.269999999999999574e+00 9.840000000000000968e-01
4.275000000000000355e+00 9.840000000000000968e-01
4.280000000000000249e+00 9.849999999999999867e-01
4.285000000000000142e+00 9.849999999999999867e-01
4.290000000000000036e+00 9.849999999999999867e-01
4.294999999999999929e+00 9.849999999999999867e-01
4.300000000000000711e+00 9.849999999999999867e-01
4.304999999999999716e+00 9.849999999999999867e-01
4.310000000000000497e+00 9.859999999999999876e-01
4.314999999999999503e+00 9.859999999999999876e-01
4.320000000000000284e+00 9.859999999999999876e-01
4.325000000000000178e+00 9.859999999999999876e-01
4.330000000000000071e+00 9.859999999999999876e-01
4.334999999999999964e+00 9.859999999999999876e-01
4.339999999999999858e+00 9.869999999999999885e-01
4.345000000000000639e+00 9.869999999999999885e-01
4.349999999999999645e+00 9.869999999999999885e-01
4.355000000000000426e+00 9.869999999999999885e-01
4.359999999999999432e+00 9.869999999999999885e-01
4.365000000000000213e+00 9.869999999999999885e-01
4.370000000000000107e+00 9.869999999999999885e-01
4.375000000000000000e+00 9.869999999999999885e-01
4.379999999999999893e+00 9.879999999999999893e-01
4.384999999999999787e+00 9.879999999999999893e-01
4.390000000000000568e+00 9.879999999999999893e-01
4.394999999999999574e+00 9.879999999999999893e-01
4.400000000000000355e+00 9.879999999999999893e-01
4.405000000000000249e+00 9.879999999999999893e-01
4.410000000000000142e+00 9.879999999999999893e-01
4.415000000000000036e+00 9.879999999999999893e-01
4.419999999999999929e+00 9.879999999999999893e-01
4.425000000000000711e+00 9.879999999999999893e-01
4.429999999999999716e+00 9.879999999999999893e-01
4.435000000000000497e+00 9.879999999999999893e-01
4.439999999999999503e+00 9.879999999999999893e-01
4.445000000000000284e+00 9.879999999999999893e-01
4.450000000000000178e+00 9.879999999999999893e-01
4.455000000000000071e+00 9.879999999999999893e-01
4.459999999999999964e+00 9.879999999999999893e-01
4.464999999999999858e+00 9.879999999999999893e-01
4.470000000000000639e+00 9.879999999999999893e-01
4.474999999999999645e+00 9.879999999999999893e-01
4.480000000000000426e+00 9.879999999999999893e-01
4.484999999999999432e+00 9.879999999999999893e-01
4.490000000000000213e+00 9.879999999999999893e-01
4.495000000000000107e+00 9.879999999999999893e-01
4.500000000000000000e+00 9.879999999999999893e-01
4.504999999999999893e+00 9.879999999999999893e-01
4.509999999999999787e+00 9.879999999999999893e-01
4.515000000000000568e+00 9.879999999999999893e-01
4.519999999999999574e+00 9.869999999999999885e-01
4.525000000000000355e+00 9.869999999999999885e-01
4.530000000000000249e+00 9.869999999999999885e-01
4.535000000000000142e+00 9.869999999999999885e-01
4.540000000000000036e+00 9.869999999999999885e-01
4.544999999999999929e+00 9.869999999999999885e-01
4.550000000000000711e+00 9.859999999999999876e-01
4.554999999999999716e+00 9.859999999999999876e-01
4.560000000000000497e+00 9.859999999999999876e-01
4.564999999999999503e+00 9.859999999999999876e-01
4.570000000000000284e+00 9.849999999999999867e-01
4.575000000000000178e+00 9.849999999999999867e-01
4.580000000000000071e+00 9.849999999999999867e-01
4.584999999999999964e+00 9.849999999999999867e-01
4.589999999999999858e+00 9.840000000000000968e-01
4.595000000000000639e+00 9.839999999999992086e-01
4.599999999999999645e+00 9.829999999999999849e-01
4.605000000000000426e+00 9.819999999999999840e-01
4.609999999999999432e+00 9.819999999999999840e-01
4.615000000000000213e+00 9.819999999999999840e-01
4.620000000000000107e+00 9.809999999999999831e-01
4.625000000000000000e+00 9.809999999999999831e-01
4.629999999999999893e+00 9.809999999999999831e-01
4.634999999999999787e+00 9.799999999999999822e-01
4.640000000000000568e+00 9.799999999999999822e-01
4.644999999999999574e+00 9.790000000000000924e-01
4.650000000000000355e+00 9.790000000000000924e-01
4.655000000000000249e+00 9.790000000000000924e-01
4.660000000000000142e+00 9.779999999999999805e-01
4.665000000000000036e+00 9.779999999999999805e-01
4.669999999999999929e+00 9.779999999999999805e-01
4.675000000000000711e+00 9.769999999999999796e-01
4.679999999999999716e+00 9.769999999999999796e-01
4.685000000000000497e+00 9.759999999999999787e-01
4.689999999999999503e+00 9.759999999999999787e-01
4.695000000000000284e+00 9.759999999999999787e-01
4.700000000000000178e+00 9.749999999999999778e-01
4.705000000000000071e+00 9.749999999999999778e-01
4.709999999999999964e+00 9.740000000000000879e-01
4.714999999999999858e+00 9.740000000000000879e-01
4.720000000000000639e+00 9.729999999999999760e-01
4.724999999999999645e+00 9.719999999999999751e-01
4.730000000000000426e+00 9.719999999999999751e-01
4.734999999999999432e+00 9.710000000000007514e-01
4.740000000000000213e+00 9.709999999999999742e-01
4.745000000000000107e+00 9.699999999999999734e-01
4.750000000000000000e+00 9.690000000000000835e-01
4.754999999999999893e+00 9.679999999999999716e-01
4.759999999999999787e+00 9.670000000000000817e-01
4.765000000000000568e+00 9.659999999999990816e-01
4.769999999999999574e+00 9.640000000000000790e-01
4.775000000000000355e+00 9.629999999999999671e-01
4.780000000000000249e+00 9.620000000000000773e-01
4.785000000000000142e+00 9.609999999999999654e-01
4.790000000000000036e+00 9.599999999999999645e-01
4.794999999999999929e+00 9.599999999999999645e-01
4.800000000000000711e+00 9.589999999999991864e-01
4.804999999999999716e+00 9.579999999999999627e-01
4.810000000000000497e+00 9.570000000000000728e-01
4.814999999999999503e+00 9.559999999999999609e-01
4.820000000000000284e+00 9.540000000000000702e-01
4.825000000000000178e+00 9.529999999999999583e-01
4.830000000000000071e+00 9.520000000000000684e-01
4.834999999999999964e+00 9.509999999999999565e-01
4.839999999999999858e+00 9.499999999999999556e-01
4.845000000000000639e+00 9.489999999999991775e-01
4.849999999999999645e+00 9.479999999999999538e-01
4.855000000000000426e+00 9.470000000000000639e-01
4.859999999999999432e+00 9.459999999999999520e-01
4.865000000000000213e+00 9.449999999999999512e-01
4.870000000000000107e+00 9.440000000000000613e-01
4.875000000000000000e+00 9.429999999999999494e-01
4.879999999999999893e+00 9.420000000000000595e-01
4.884999999999999787e+00 9.409999999999999476e-01
4.890000000000000568e+00 9.399999999999999467e-01
4.894999999999999574e+00 9.390000000000000568e-01
4.900000000000000355e+00 9.379999999999999449e-01
4.905000000000000249e+00 9.370000000000000551e-01
4.910000000000000142e+00 9.359999999999999432e-01
4.915000000000000036e+00 9.350000000000000533e-01
4.919999999999999929e+00 9.350000000000000533e-01
4.925000000000000711e+00 9.340000000000000524e-01
4.929999999999999716e+00 9.329999999999999405e-01
4.935000000000000497e+00 9.329999999999991633e-01
4.939999999999999503e+00 9.320000000000000506e-01
4.945000000000000284e+00 9.309999999999999387e-01
4.950000000000000178e+00 9.309999999999999387e-01
4.955000000000000071e+00 9.300000000000000488e-01
4.959999999999999964e+00 9.290000000000000480e-01
4.964999999999999858e+00 9.290000000000000480e-01
4.970000000000000639e+00 9.279999999999999361e-01
4.974999999999999645e+00 9.270000000000000462e-01
4.980000000000000426e+00 9.270000000000000462e-01
4.984999999999999432e+00 9.259999999999999343e-01
4.990000000000000213e+00 9.259999999999999343e-01
4.995000000000000107e+00 9.250000000000000444e-01
5.000000000000000000e+00 9.240000000000000435e-01
5.004999999999999893e+00 9.250000000000000444e-01
5.009999999999999787e+00 9.250000000000000444e-01
5.014999999999999680e+00 9.250000000000000444e-01
5.020000000000000462e+00 9.250000000000000444e-01
5.025000000000000355e+00 9.250000000000000444e-01
5.030000000000000249e+00 9.250000000000000444e-01
5.035000000000000142e+00 9.250000000000000444e-01
5.040000000000000036e+00 9.259999999999999343e-01
5.044999999999999929e+00 9.259999999999999343e-01
5.049999999999999822e+00 9.259999999999999343e-01
5.054999999999999716e+00 9.259999999999999343e-01
5.060000000000000497e+00 9.259999999999999343e-01
5.065000000000000391e+00 9.259999999999999343e-01
5.070000000000000284e+00 9.259999999999999343e-01
5.075000000000000178e+00 9.259999999999999343e-01
5.080000000000000071e+00 9.259999999999999343e-01
5.084999999999999964e+00 9.259999999999999343e-01
5.089999999999999858e+00 9.270000000000000462e-01
5.094999999999999751e+00 9.270000000000000462e-01
5.099999999999999645e+00 9.270000000000000462e-01
5.105000000000000426e+00 9.270000000000000462e-01
5.110000000000000320e+00 9.270000000000000462e-01
5.115000000000000213e+00 9.270000000000000462e-01
5.120000000000000107e+00 9.270000000000000462e-01
5.125000000000000000e+00 9.259999999999999343e-01
5.129999999999999893e+00 9.259999999999999343e-01
5.134999999999999787e+00 9.259999999999999343e-01
5.139999999999999680e+00 9.259999999999999343e-01
5.145000000000000462e+00 9.259999999999999343e-01
5.150000000000000355e+00 9.259999999999999343e-01
5.155000000000000249e+00 9.259999999999999343e-01
5.160000000000000142e+00 9.250000000000000444e-01
5.165000000000000036e+00 9.250000000000000444e-01
5.169999999999999929e+00 9.250000000000000444e-01
5.174999999999999822e+00 9.240000000000000435e-01
5.179999999999999716e+00 9.240000000000000435e-01
5.185000000000000497e+00 9.240000000000000435e-01
5.190000000000000391e+00 9.229999999999999316e-01
5.195000000000000284e+00 9.229999999999999316e-01
5.200000000000000178e+00 9.220000000000000417e-01
5.205000000000000071e+00 9.220000000000000417e-01
5.209999999999999964e+00 9.209999999999999298e-01
5.214999999999999858e+00 9.209999999999999298e-01
5.219999999999999751e+00 9.200000000000000400e-01
5.224999999999999645e+00 9.200000000000000400e-01
5.230000000000000426e+00 9.190000000000000391e-01
5.235000000000000320e+00 9.179999999999999272e-01
5.240000000000000213e+00 9.170000000000000373e-01
5.245000000000000107e+00 9.170000000000000373e-01
5.250000000000000000e+00 9.159999999999999254e-01
5.254999999999999893e+00 9.150000000000000355e-01
5.259999999999999787e+00 9.140000000000000346e-01
5.264999999999999680e+00 9.129999999999999227e-01
5.270000000000000462e+00 9.120000000000000329e-01
5.275000000000000355e+00 9.109999999999999210e-01
5.280000000000000249e+00 9.100000000000000311e-01
5.285000000000000142e+00 9.090000000000000302e-01
5.290000000000000036e+00 9.079999999999999183e-01
5.294999999999999929e+00 9.070000000000000284e-01
5.299999999999999822e+00 9.059999999999999165e-01
5.304999999999999716e+00 9.050000000000000266e-01
5.310000000000000497e+00 9.039999999999992486e-01
5.315000000000000391e+00 9.020000000000000240e-01
5.320000000000000284e+00 9.009999999999999121e-01
5.325000000000000178e+00 9.000000000000000222e-01
5.330000000000000071e+00 8.990000000000000213e-01
5.334999999999999964e+00 8.970000000000000195e-01
5.339999999999999858e+00 8.959999999999999076e-01
5.344999999999999751e+00 8.950000000000000178e-01
5.350000000000000533e+00 8.930000000000000160e-01
5.355000000000000426e+00 8.920000000000000151e-01
5.360000000000000320e+00 8.900000000000000133e-01
5.365000000000000213e+00 8.890000000000000124e-01
5.370000000000000107e+00 8.870000000000000107e-01
5.375000000000000000e+00 8.859999999999998987e-01
5.379999999999999893e+00 8.840000000000000080e-01
5.384999999999999787e+00 8.820000000000000062e-01
5.389999999999999680e+00 8.809999999999998943e-01
5.395000000000000462e+00 8.790000000000000036e-01
5.400000000000000355e+00 8.780000000000000027e-01
