5400	4.44E-09
5399	4.43E-09
5398	4.43E-09
5397	4.42E-09
5396	4.41E-09
5395	4.41E-09
5394	4.41E-09
5393	4.40E-09
5392	4.40E-09
5391	4.39E-09
5390	4.39E-09
5389	4.38E-09
5388	4.38E-09
5387	4.38E-09
5386	4.37E-09
5385	4.37E-09
5384	4.36E-09
5383	4.36E-09
5382	4.36E-09
5381	4.36E-09
5380	4.35E-09
5379	4.35E-09
5378	4.35E-09
5377	4.35E-09
5376	4.34E-09
5375	4.34E-09
5374	4.34E-09
5373	4.34E-09
5372	4.34E-09
5371	4.33E-09
5370	4.33E-09
5369	4.33E-09
5368	4.33E-09
5367	4.33E-09
5366	4.33E-09
5365	4.33E-09
5364	4.33E-09
5363	4.33E-09
5362	4.33E-09
5361	4.33E-09
5360	4.33E-09
5359	4.33E-09
5358	4.33E-09
5357	4.33E-09
5356	4.33E-09
5355	4.33E-09
5354	4.33E-09
5353	4.33E-09
5352	4.33E-09
5351	4.33E-09
5350	4.33E-09
5349	4.34E-09
5348	4.34E-09
5347	4.34E-09
5346	4.34E-09
5345	4.34E-09
5344	4.35E-09
5343	4.35E-09
5342	4.35E-09
5341	4.35E-09
5340	4.36E-09
5339	4.36E-09
5338	4.36E-09
5337	4.37E-09
5336	4.37E-09
5335	4.37E-09
5334	4.38E-09
5333	4.38E-09
5332	4.39E-09
5331	4.39E-09
5330	4.39E-09
5329	4.40E-09
5328	4.40E-09
5327	4.41E-09
5326	4.41E-09
5325	4.42E-09
5324	4.42E-09
5323	4.43E-09
5322	4.43E-09
5321	4.44E-09
5320	4.45E-09
5319	4.45E-09
5318	4.46E-09
5317	4.46E-09
5316	4.47E-09
5315	4.48E-09
5314	4.49E-09
5313	4.49E-09
5312	4.50E-09
5311	4.51E-09
5310	4.51E-09
5309	4.52E-09
5308	4.53E-09
5307	4.54E-09
5306	4.55E-09
5305	4.55E-09
5304	4.56E-09
5303	4.57E-09
5302	4.58E-09
5301	4.59E-09
5300	4.60E-09
5299	4.61E-09
5298	4.62E-09
5297	4.63E-09
5296	4.64E-09
5295	4.65E-09
5294	4.66E-09
5293	4.67E-09
5292	4.68E-09
5291	4.69E-09
5290	4.70E-09
5289	4.71E-09
5288	4.72E-09
5287	4.73E-09
5286	4.75E-09
5285	4.76E-09
5284	4.77E-09
5283	4.78E-09
5282	4.80E-09
5281	4.81E-09
5280	4.82E-09
5279	4.84E-09
5278	4.85E-09
5277	4.86E-09
5276	4.88E-09
5275	4.89E-09
5274	4.90E-09
5273	4.92E-09
5272	4.93E-09
5271	4.95E-09
5270	4.96E-09
5269	4.98E-09
5268	4.99E-09
5267	5.01E-09
5266	5.03E-09
5265	5.04E-09
5264	5.06E-09
5263	5.07E-09
5262	5.09E-09
5261	5.11E-09
5260	5.13E-09
5259	5.14E-09
5258	5.16E-09
5257	5.18E-09
5256	5.20E-09
5255	5.22E-09
5254	5.24E-09
5253	5.26E-09
5252	5.27E-09
5251	5.29E-09
5250	5.31E-09
5249	5.33E-09
5248	5.35E-09
5247	5.38E-09
5246	5.40E-09
5245	5.42E-09
5244	5.44E-09
5243	5.46E-09
5242	5.48E-09
5241	5.50E-09
5240	5.53E-09
5239	5.55E-09
5238	5.57E-09
5237	5.60E-09
5236	5.62E-09
5235	5.64E-09
5234	5.67E-09
5233	5.69E-09
5232	5.72E-09
5231	5.74E-09
5230	5.77E-09
5229	5.80E-09
5228	5.82E-09
5227	5.85E-09
5226	5.88E-09
5225	5.90E-09
5224	5.93E-09
5223	5.96E-09
5222	5.99E-09
5221	6.02E-09
5220	6.04E-09
5219	6.07E-09
5218	6.10E-09
5217	6.13E-09
5216	6.16E-09
5215	6.19E-09
5214	6.23E-09
5213	6.26E-09
5212	6.29E-09
5211	6.32E-09
5210	6.35E-09
5209	6.39E-09
5208	6.42E-09
5207	6.46E-09
5206	6.49E-09
5205	6.53E-09
5204	6.56E-09
5203	6.60E-09
5202	6.63E-09
5201	6.67E-09
5200	6.71E-09
5199	6.74E-09
5198	6.78E-09
5197	6.82E-09
5196	6.86E-09
5195	6.90E-09
5194	6.94E-09
5193	6.98E-09
5192	7.02E-09
5191	7.06E-09
5190	7.10E-09
5189	7.14E-09
5188	7.19E-09
5187	7.23E-09
5186	7.27E-09
5185	7.32E-09
5184	7.36E-09
5183	7.41E-09
5182	7.45E-09
5181	7.50E-09
5180	7.55E-09
5179	7.60E-09
5178	7.65E-09
5177	7.69E-09
5176	7.74E-09
5175	7.79E-09
5174	7.85E-09
5173	7.90E-09
5172	7.95E-09
5171	8.00E-09
5170	8.05E-09
5169	8.11E-09
5168	8.16E-09
5167	8.22E-09
5166	8.27E-09
5165	8.33E-09
5164	8.39E-09
5163	8.45E-09
5162	8.51E-09
5161	8.56E-09
5160	8.63E-09
5159	8.69E-09
5158	8.75E-09
5157	8.81E-09
5156	8.87E-09
5155	8.94E-09
5154	9.00E-09
5153	9.07E-09
5152	9.14E-09
5151	9.20E-09
5150	9.27E-09
5149	9.34E-09
5148	9.41E-09
5147	9.48E-09
5146	9.55E-09
5145	9.63E-09
5144	9.70E-09
5143	9.77E-09
5142	9.85E-09
5141	9.93E-09
5140	1.00E-08
5139	1.01E-08
5138	1.02E-08
5137	1.02E-08
5136	1.03E-08
5135	1.04E-08
5134	1.05E-08
5133	1.06E-08
5132	1.07E-08
5131	1.07E-08
5130	1.08E-08
5129	1.09E-08
5128	1.10E-08
5127	1.11E-08
5126	1.12E-08
5125	1.13E-08
5124	1.14E-08
5123	1.15E-08
5122	1.16E-08
5121	1.17E-08
5120	1.18E-08
5119	1.19E-08
5118	1.20E-08
5117	1.21E-08
5116	1.22E-08
5115	1.23E-08
5114	1.24E-08
5113	1.25E-08
5112	1.26E-08
5111	1.27E-08
5110	1.28E-08
5109	1.30E-08
5108	1.31E-08
5107	1.32E-08
5106	1.33E-08
5105	1.34E-08
5104	1.36E-08
5103	1.37E-08
5102	1.38E-08
5101	1.39E-08
5100	1.41E-08
5099	1.42E-08
5098	1.43E-08
5097	1.45E-08
5096	1.46E-08
5095	1.47E-08
5094	1.49E-08
5093	1.50E-08
5092	1.52E-08
5091	1.53E-08
5090	1.55E-08
5089	1.56E-08
5088	1.58E-08
5087	1.59E-08
5086	1.61E-08
5085	1.62E-08
5084	1.64E-08
5083	1.65E-08
5082	1.67E-08
5081	1.69E-08
5080	1.70E-08
5079	1.72E-08
5078	1.74E-08
5077	1.76E-08
5076	1.77E-08
5075	1.79E-08
5074	1.81E-08
5073	1.83E-08
5072	1.85E-08
5071	1.87E-08
5070	1.88E-08
5069	1.90E-08
5068	1.92E-08
5067	1.94E-08
5066	1.96E-08
5065	1.99E-08
5064	2.01E-08
5063	2.03E-08
5062	2.05E-08
5061	2.07E-08
5060	2.09E-08
5059	2.11E-08
5058	2.14E-08
5057	2.16E-08
5056	2.18E-08
5055	2.21E-08
5054	2.23E-08
5053	2.25E-08
5052	2.28E-08
5051	2.30E-08
5050	2.33E-08
5049	2.35E-08
5048	2.38E-08
5047	2.41E-08
5046	2.43E-08
5045	2.46E-08
5044	2.49E-08
5043	2.51E-08
5042	2.54E-08
5041	2.57E-08
5040	2.60E-08
5039	2.63E-08
5038	2.66E-08
5037	2.69E-08
5036	2.72E-08
5035	2.75E-08
5034	2.78E-08
5033	2.81E-08
5032	2.84E-08
5031	2.88E-08
5030	2.91E-08
5029	2.94E-08
5028	2.98E-08
5027	3.01E-08
5026	3.04E-08
5025	3.08E-08
5024	3.11E-08
5023	3.15E-08
5022	3.19E-08
5021	3.22E-08
5020	3.26E-08
5019	3.30E-08
5018	3.34E-08
5017	3.38E-08
5016	3.42E-08
5015	3.46E-08
5014	3.50E-08
5013	3.54E-08
5012	3.58E-08
5011	3.62E-08
5010	3.66E-08
5009	3.71E-08
5008	3.75E-08
5007	3.79E-08
5006	3.84E-08
5005	3.88E-08
5004	3.93E-08
5003	3.98E-08
5002	4.02E-08
5001	4.07E-08
5000	4.12E-08
4999	4.17E-08
4998	4.22E-08
4997	4.26E-08
4996	4.32E-08
4995	4.37E-08
4994	4.42E-08
4993	4.47E-08
4992	4.52E-08
4991	4.58E-08
4990	4.63E-08
4989	4.68E-08
4988	4.74E-08
4987	4.79E-08
4986	4.85E-08
4985	4.91E-08
4984	4.97E-08
4983	5.02E-08
4982	5.08E-08
4981	5.14E-08
4980	5.20E-08
4979	5.27E-08
4978	5.33E-08
4977	5.39E-08
4976	5.45E-08
4975	5.52E-08
4974	5.58E-08
4973	5.65E-08
4972	5.71E-08
4971	5.78E-08
4970	5.85E-08
4969	5.91E-08
4968	5.98E-08
4967	6.05E-08
4966	6.12E-08
4965	6.19E-08
4964	6.27E-08
4963	6.34E-08
4962	6.41E-08
4961	6.49E-08
4960	6.56E-08
4959	6.64E-08
4958	6.71E-08
4957	6.79E-08
4956	6.87E-08
4955	6.94E-08
4954	7.02E-08
4953	7.10E-08
4952	7.18E-08
4951	7.26E-08
4950	7.35E-08
4949	7.43E-08
4948	7.51E-08
4947	7.60E-08
4946	7.68E-08
4945	7.77E-08
4944	7.85E-08
4943	7.94E-08
4942	8.03E-08
4941	8.12E-08
4940	8.21E-08
4939	8.30E-08
4938	8.39E-08
4937	8.48E-08
4936	8.57E-08
4935	8.66E-08
4934	8.76E-08
4933	8.85E-08
4932	8.95E-08
4931	9.04E-08
4930	9.14E-08
4929	9.24E-08
4928	9.33E-08
4927	9.43E-08
4926	9.53E-08
4925	9.63E-08
4924	9.73E-08
4923	9.83E-08
4922	9.93E-08
4921	1.00E-07
4920	1.01E-07
4919	1.02E-07
4918	1.03E-07
4917	1.05E-07
4916	1.06E-07
4915	1.07E-07
4914	1.08E-07
4913	1.09E-07
4912	1.10E-07
4911	1.11E-07
4910	1.12E-07
4909	1.13E-07
4908	1.14E-07
4907	1.15E-07
4906	1.16E-07
4905	1.18E-07
4904	1.19E-07
4903	1.20E-07
4902	1.21E-07
4901	1.22E-07
4900	1.23E-07
4899	1.24E-07
4898	1.26E-07
4897	1.27E-07
4896	1.28E-07
4895	1.29E-07
4894	1.30E-07
4893	1.31E-07
4892	1.32E-07
4891	1.34E-07
4890	1.35E-07
4889	1.36E-07
4888	1.37E-07
4887	1.38E-07
4886	1.39E-07
4885	1.41E-07
4884	1.42E-07
4883	1.43E-07
4882	1.44E-07
4881	1.45E-07
4880	1.47E-07
4879	1.48E-07
4878	1.49E-07
4877	1.50E-07
4876	1.52E-07
4875	1.53E-07
4874	1.54E-07
4873	1.55E-07
4872	1.57E-07
4871	1.58E-07
4870	1.59E-07
4869	1.60E-07
4868	1.62E-07
4867	1.63E-07
4866	1.64E-07
4865	1.65E-07
4864	1.67E-07
4863	1.68E-07
4862	1.69E-07
4861	1.71E-07
4860	1.72E-07
4859	1.73E-07
4858	1.74E-07
4857	1.76E-07
4856	1.77E-07
4855	1.78E-07
4854	1.80E-07
4853	1.81E-07
4852	1.82E-07
4851	1.84E-07
4850	1.85E-07
4849	1.87E-07
4848	1.88E-07
4847	1.89E-07
4846	1.91E-07
4845	1.92E-07
4844	1.93E-07
4843	1.95E-07
4842	1.96E-07
4841	1.98E-07
4840	1.99E-07
4839	2.01E-07
4838	2.02E-07
4837	2.03E-07
4836	2.05E-07
4835	2.06E-07
4834	2.08E-07
4833	2.09E-07
4832	2.11E-07
4831	2.12E-07
4830	2.14E-07
4829	2.15E-07
4828	2.17E-07
4827	2.18E-07
4826	2.20E-07
4825	2.22E-07
4824	2.23E-07
4823	2.25E-07
4822	2.26E-07
4821	2.28E-07
4820	2.30E-07
4819	2.31E-07
4818	2.33E-07
4817	2.35E-07
4816	2.36E-07
4815	2.38E-07
4814	2.40E-07
4813	2.41E-07
4812	2.43E-07
4811	2.45E-07
4810	2.47E-07
4809	2.48E-07
4808	2.50E-07
4807	2.52E-07
4806	2.54E-07
4805	2.55E-07
4804	2.57E-07
4803	2.59E-07
4802	2.61E-07
4801	2.63E-07
4800	2.65E-07
4799	2.67E-07
4798	2.69E-07
4797	2.71E-07
4796	2.73E-07
4795	2.75E-07
4794	2.77E-07
4793	2.79E-07
4792	2.81E-07
4791	2.83E-07
4790	2.85E-07
4789	2.87E-07
4788	2.89E-07
4787	2.91E-07
4786	2.94E-07
4785	2.96E-07
4784	2.98E-07
4783	3.00E-07
4782	3.03E-07
4781	3.05E-07
4780	3.07E-07
4779	3.10E-07
4778	3.12E-07
4777	3.15E-07
4776	3.17E-07
4775	3.20E-07
4774	3.22E-07
4773	3.25E-07
4772	3.27E-07
4771	3.30E-07
4770	3.33E-07
4769	3.35E-07
4768	3.38E-07
4767	3.41E-07
4766	3.44E-07
4765	3.46E-07
4764	3.49E-07
4763	3.52E-07
4762	3.55E-07
4761	3.58E-07
4760	3.61E-07
4759	3.64E-07
4758	3.67E-07
4757	3.71E-07
4756	3.74E-07
4755	3.77E-07
4754	3.80E-07
4753	3.84E-07
4752	3.87E-07
4751	3.90E-07
4750	3.94E-07
4749	3.97E-07
4748	4.01E-07
4747	4.05E-07
4746	4.08E-07
4745	4.12E-07
4744	4.16E-07
4743	4.20E-07
4742	4.24E-07
4741	4.28E-07
4740	4.32E-07
4739	4.36E-07
4738	4.40E-07
4737	4.44E-07
4736	4.48E-07
4735	4.52E-07
4734	4.57E-07
4733	4.61E-07
4732	4.65E-07
4731	4.70E-07
4730	4.74E-07
4729	4.79E-07
4728	4.84E-07
4727	4.89E-07
4726	4.94E-07
4725	4.98E-07
4724	5.04E-07
4723	5.09E-07
4722	5.14E-07
4721	5.19E-07
4720	5.24E-07
4719	5.30E-07
4718	5.35E-07
4717	5.41E-07
4716	5.47E-07
4715	5.53E-07
4714	5.58E-07
4713	5.64E-07
4712	5.71E-07
4711	5.77E-07
4710	5.83E-07
4709	5.90E-07
4708	5.96E-07
4707	6.03E-07
4706	6.09E-07
4705	6.16E-07
4704	6.23E-07
4703	6.30E-07
4702	6.37E-07
4701	6.44E-07
4700	6.52E-07
4699	6.59E-07
4698	6.67E-07
4697	6.75E-07
4696	6.83E-07
4695	6.91E-07
4694	6.99E-07
4693	7.07E-07
4692	7.16E-07
4691	7.24E-07
4690	7.33E-07
4689	7.42E-07
4688	7.51E-07
4687	7.60E-07
4686	7.70E-07
4685	7.79E-07
4684	7.89E-07
4683	7.99E-07
4682	8.09E-07
4681	8.19E-07
4680	8.30E-07
4679	8.40E-07
4678	8.51E-07
4677	8.62E-07
4676	8.73E-07
4675	8.85E-07
4674	8.96E-07
4673	9.08E-07
4672	9.20E-07
4671	9.33E-07
4670	9.45E-07
4669	9.58E-07
4668	9.71E-07
4667	9.84E-07
4666	9.97E-07
4665	1.01E-06
4664	1.03E-06
4663	1.04E-06
4662	1.05E-06
4661	1.07E-06
4660	1.08E-06
4659	1.10E-06
4658	1.11E-06
4657	1.13E-06
4656	1.15E-06
4655	1.16E-06
4654	1.18E-06
4653	1.20E-06
4652	1.22E-06
4651	1.23E-06
4650	1.25E-06
4649	1.27E-06
4648	1.29E-06
4647	1.31E-06
4646	1.33E-06
4645	1.35E-06
4644	1.37E-06
4643	1.39E-06
4642	1.41E-06
4641	1.43E-06
4640	1.46E-06
4639	1.48E-06
4638	1.50E-06
4637	1.53E-06
4636	1.55E-06
4635	1.57E-06
4634	1.60E-06
4633	1.63E-06
4632	1.65E-06
4631	1.68E-06
4630	1.71E-06
4629	1.73E-06
4628	1.76E-06
4627	1.79E-06
4626	1.82E-06
4625	1.85E-06
4624	1.88E-06
4623	1.91E-06
4622	1.95E-06
4621	1.98E-06
4620	2.01E-06
4619	2.05E-06
4618	2.08E-06
4617	2.12E-06
4616	2.16E-06
4615	2.19E-06
4614	2.23E-06
4613	2.27E-06
4612	2.31E-06
4611	2.35E-06
4610	2.39E-06
4609	2.44E-06
4608	2.48E-06
4607	2.53E-06
4606	2.57E-06
4605	2.62E-06
4604	2.67E-06
4603	2.72E-06
4602	2.77E-06
4601	2.82E-06
4600	2.87E-06
4599	2.92E-06
4598	2.98E-06
4597	3.04E-06
4596	3.09E-06
4595	3.15E-06
4594	3.21E-06
4593	3.27E-06
4592	3.34E-06
4591	3.40E-06
4590	3.47E-06
4589	3.54E-06
4588	3.61E-06
4587	3.68E-06
4586	3.75E-06
4585	3.83E-06
4584	3.90E-06
4583	3.98E-06
4582	4.06E-06
4581	4.14E-06
4580	4.23E-06
4579	4.31E-06
4578	4.40E-06
4577	4.49E-06
4576	4.58E-06
4575	4.68E-06
4574	4.78E-06
4573	4.88E-06
4572	4.98E-06
4571	5.08E-06
4570	5.19E-06
4569	5.30E-06
4568	5.41E-06
4567	5.53E-06
4566	5.65E-06
4565	5.77E-06
4564	5.89E-06
4563	6.02E-06
4562	6.15E-06
4561	6.28E-06
4560	6.42E-06
4559	6.56E-06
4558	6.71E-06
4557	6.86E-06
4556	7.01E-06
4555	7.17E-06
4554	7.33E-06
4553	7.50E-06
4552	7.66E-06
4551	7.84E-06
4550	8.02E-06
4549	8.20E-06
4548	8.39E-06
4547	8.58E-06
4546	8.78E-06
4545	8.99E-06
4544	9.20E-06
4543	9.41E-06
4542	9.64E-06
4541	9.87E-06
4540	1.01E-05
4539	1.03E-05
4538	1.06E-05
4537	1.08E-05
4536	1.11E-05
4535	1.14E-05
4534	1.16E-05
4533	1.19E-05
4532	1.22E-05
4531	1.25E-05
4530	1.28E-05
4529	1.31E-05
4528	1.35E-05
4527	1.38E-05
4526	1.41E-05
4525	1.45E-05
4524	1.49E-05
4523	1.52E-05
4522	1.56E-05
4521	1.60E-05
4520	1.64E-05
4519	1.68E-05
4518	1.73E-05
4517	1.77E-05
4516	1.82E-05
4515	1.86E-05
4514	1.91E-05
4513	1.96E-05
4512	2.01E-05
4511	2.07E-05
4510	2.12E-05
4509	2.18E-05
4508	2.24E-05
4507	2.30E-05
4506	2.36E-05
4505	2.42E-05
4504	2.48E-05
4503	2.55E-05
4502	2.62E-05
4501	2.69E-05
4500	2.77E-05
4499	2.84E-05
4498	2.91E-05
4497	2.99E-05
4496	3.07E-05
4495	3.16E-05
4494	3.24E-05
4493	3.33E-05
4492	3.42E-05
4491	3.51E-05
4490	3.61E-05
4489	3.71E-05
4488	3.81E-05
4487	3.92E-05
4486	4.03E-05
4485	4.14E-05
4484	4.25E-05
4483	4.37E-05
4482	4.50E-05
4481	4.62E-05
4480	4.75E-05
4479	4.89E-05
4478	5.03E-05
4477	5.17E-05
4476	5.32E-05
4475	5.47E-05
4474	5.62E-05
4473	5.79E-05
4472	5.95E-05
4471	6.13E-05
4470	6.30E-05
4469	6.49E-05
4468	6.68E-05
4467	6.87E-05
4466	7.07E-05
4465	7.28E-05
4464	7.49E-05
4463	7.71E-05
4462	7.94E-05
4461	8.18E-05
4460	8.42E-05
4459	8.67E-05
4458	8.93E-05
4457	9.20E-05
4456	9.47E-05
4455	9.75E-05
4454	1.00E-04
4453	1.04E-04
4452	1.07E-04
4451	1.10E-04
4450	1.13E-04
4449	1.17E-04
4448	1.20E-04
4447	1.24E-04
4446	1.28E-04
4445	1.32E-04
4444	1.36E-04
4443	1.40E-04
4442	1.44E-04
4441	1.49E-04
4440	1.53E-04
4439	1.58E-04
4438	1.63E-04
4437	1.68E-04
4436	1.73E-04
4435	1.78E-04
4434	1.84E-04
4433	1.90E-04
4432	1.96E-04
4431	2.02E-04
4430	2.08E-04
4429	2.15E-04
4428	2.21E-04
4427	2.28E-04
4426	2.36E-04
4425	2.43E-04
4424	2.51E-04
4423	2.59E-04
4422	2.67E-04
4421	2.75E-04
4420	2.84E-04
4419	2.93E-04
4418	3.02E-04
4417	3.12E-04
4416	3.22E-04
4415	3.32E-04
4414	3.43E-04
4413	3.54E-04
4412	3.65E-04
4411	3.77E-04
4410	3.89E-04
4409	4.01E-04
4408	4.14E-04
4407	4.27E-04
4406	4.41E-04
4405	4.55E-04
4404	4.70E-04
4403	4.85E-04
4402	5.01E-04
4401	5.17E-04
4400	5.33E-04
4399	5.51E-04
4398	5.68E-04
4397	5.87E-04
4396	6.06E-04
4395	6.25E-04
4394	6.45E-04
4393	6.66E-04
4392	6.88E-04
4391	7.10E-04
4390	7.33E-04
4389	7.56E-04
4388	7.81E-04
4387	8.06E-04
4386	8.32E-04
4385	8.59E-04
4384	8.87E-04
4383	9.16E-04
4382	9.45E-04
4381	9.76E-04
4380	1.01E-03
4379	1.04E-03
4378	1.07E-03
4377	1.11E-03
4376	1.14E-03
4375	1.18E-03
4374	1.22E-03
4373	1.26E-03
4372	1.30E-03
4371	1.34E-03
4370	1.39E-03
4369	1.43E-03
4368	1.48E-03
4367	1.52E-03
4366	1.57E-03
4365	1.62E-03
4364	1.68E-03
4363	1.73E-03
4362	1.79E-03
4361	1.85E-03
4360	1.91E-03
4359	1.97E-03
4358	2.03E-03
4357	2.10E-03
4356	2.17E-03
4355	2.24E-03
4354	2.31E-03
4353	2.38E-03
4352	2.46E-03
4351	2.54E-03
4350	2.62E-03
4349	2.71E-03
4348	2.80E-03
4347	2.89E-03
4346	2.98E-03
4345	3.08E-03
4344	3.18E-03
4343	3.28E-03
4342	3.39E-03
4341	3.50E-03
4340	3.62E-03
4339	3.74E-03
4338	3.86E-03
4337	3.99E-03
4336	4.12E-03
4335	4.25E-03
4334	4.39E-03
4333	4.54E-03
4332	4.69E-03
4331	4.85E-03
4330	5.01E-03
4329	5.17E-03
4328	5.35E-03
4327	5.53E-03
4326	5.71E-03
4325	5.90E-03
4324	6.10E-03
4323	6.31E-03
4322	6.52E-03
4321	6.74E-03
4320	6.97E-03
4319	7.20E-03
4318	7.45E-03
4317	7.70E-03
4316	7.97E-03
4315	8.24E-03
4314	8.53E-03
4313	8.82E-03
4312	9.13E-03
4311	9.44E-03
4310	9.77E-03
4309	1.01E-02
4308	1.05E-02
4307	1.08E-02
4306	1.12E-02
4305	1.16E-02
4304	1.20E-02
4303	1.25E-02
4302	1.29E-02
4301	1.34E-02
4300	1.38E-02
4299	1.43E-02
4298	1.49E-02
4297	1.54E-02
4296	1.60E-02
4295	1.66E-02
4294	1.72E-02
4293	1.78E-02
4292	1.85E-02
4291	1.92E-02
4290	1.99E-02
4289	2.06E-02
4288	2.14E-02
4287	2.22E-02
4286	2.31E-02
4285	2.40E-02
4284	2.49E-02
4283	2.58E-02
4282	2.68E-02
4281	2.79E-02
4280	2.90E-02
4279	3.01E-02
4278	3.13E-02
4277	3.26E-02
4276	3.39E-02
4275	3.52E-02
4274	3.66E-02
4273	3.81E-02
4272	3.97E-02
4271	4.13E-02
4270	4.30E-02
4269	4.48E-02
4268	4.67E-02
4267	4.86E-02
4266	5.07E-02
4265	5.28E-02
4264	5.51E-02
4263	5.74E-02
4262	5.99E-02
4261	6.25E-02
4260	6.52E-02
4259	6.81E-02
4258	7.11E-02
4257	7.43E-02
4256	7.76E-02
4255	8.10E-02
4254	8.47E-02
4253	8.86E-02
4252	9.26E-02
4251	9.69E-02
4250	1.01E-01
4249	1.06E-01
4248	1.11E-01
4247	1.16E-01
4246	1.22E-01
4245	1.28E-01
4244	1.34E-01
4243	1.40E-01
4242	1.47E-01
4241	1.54E-01
4240	1.62E-01
4239	1.70E-01
4238	1.78E-01
4237	1.87E-01
4236	1.97E-01
4235	2.07E-01
4234	2.17E-01
4233	2.28E-01
4232	2.40E-01
4231	2.53E-01
4230	2.66E-01
4229	2.80E-01
4228	2.95E-01
4227	3.11E-01
4226	3.28E-01
4225	3.46E-01
4224	3.65E-01
4223	3.85E-01
4222	4.07E-01
4221	4.29E-01
4220	4.54E-01
4219	4.79E-01
4218	5.07E-01
4217	5.36E-01
4216	5.67E-01
4215	6.00E-01
4214	6.36E-01
4213	6.74E-01
4212	7.14E-01
4211	7.57E-01
4210	8.03E-01
4209	8.52E-01
4208	9.05E-01
4207	9.61E-01
4206	1.02E+00
4205	1.09E+00
4204	1.16E+00
4203	1.23E+00
4202	1.31E+00
4201	1.39E+00
4200	1.48E+00
4199	1.58E+00
4198	1.69E+00
4197	1.80E+00
4196	1.92E+00
4195	2.05E+00
4194	2.20E+00
4193	2.35E+00
4192	2.51E+00
4191	2.69E+00
4190	2.88E+00
4189	3.08E+00
4188	3.30E+00
4187	3.54E+00
4186	3.80E+00
4185	4.08E+00
4184	4.38E+00
4183	4.70E+00
4182	5.05E+00
4181	5.43E+00
4180	5.85E+00
4179	6.29E+00
4178	6.77E+00
4177	7.29E+00
4176	7.85E+00
4175	8.46E+00
4174	9.12E+00
4173	9.83E+00
4172	1.06E+01
4171	1.14E+01
4170	1.23E+01
4169	1.33E+01
4168	1.43E+01
4167	1.55E+01
4166	1.67E+01
4165	1.80E+01
4164	1.94E+01
4163	2.09E+01
4162	2.25E+01
4161	2.42E+01
4160	2.60E+01
4159	2.79E+01
4158	2.99E+01
4157	3.21E+01
4156	3.43E+01
4155	3.67E+01
4154	3.91E+01
4153	4.17E+01
4152	4.43E+01
4151	4.70E+01
4150	4.98E+01
4149	5.26E+01
4148	5.54E+01
4147	5.82E+01
4146	6.10E+01
4145	6.38E+01
4144	6.65E+01
4143	6.91E+01
4142	7.17E+01
4141	7.42E+01
4140	7.65E+01
4139	7.87E+01
4138	8.08E+01
4137	8.28E+01
4136	8.45E+01
4135	8.62E+01
4134	8.77E+01
4133	8.91E+01
4132	9.03E+01
4131	9.14E+01
4130	9.24E+01
4129	9.32E+01
4128	9.40E+01
4127	9.47E+01
4126	9.52E+01
4125	9.57E+01
4124	9.61E+01
4123	9.65E+01
4122	9.68E+01
4121	9.70E+01
4120	9.72E+01
4119	9.74E+01
4118	9.75E+01
4117	9.76E+01
4116	9.77E+01
4115	9.77E+01
4114	9.78E+01
4113	9.78E+01
4112	9.78E+01
4111	9.78E+01
4110	9.78E+01
4109	9.78E+01
4108	9.78E+01
4107	9.78E+01
4106	9.78E+01
4105	9.78E+01
4104	9.78E+01
4103	9.78E+01
4102	9.78E+01
4101	9.78E+01
4100	9.78E+01
4099	9.78E+01
4098	9.78E+01
4097	9.79E+01
4096	9.79E+01
4095	9.79E+01
4094	9.79E+01
4093	9.79E+01
4092	9.79E+01
4091	9.79E+01
4090	9.79E+01
4089	9.80E+01
4088	9.80E+01
4087	9.80E+01
4086	9.80E+01
4085	9.80E+01
4084	9.81E+01
4083	9.81E+01
4082	9.81E+01
4081	9.81E+01
4080	9.81E+01
4079	9.81E+01
4078	9.82E+01
4077	9.82E+01
4076	9.82E+01
4075	9.82E+01
4074	9.82E+01
4073	9.82E+01
4072	9.82E+01
4071	9.82E+01
4070	9.82E+01
4069	9.82E+01
4068	9.82E+01
4067	9.82E+01
4066	9.82E+01
4065	9.82E+01
4064	9.82E+01
4063	9.82E+01
4062	9.82E+01
4061	9.82E+01
4060	9.82E+01
4059	9.82E+01
4058	9.82E+01
4057	9.82E+01
4056	9.82E+01
4055	9.82E+01
4054	9.82E+01
4053	9.82E+01
4052	9.82E+01
4051	9.82E+01
4050	9.82E+01
4049	9.82E+01
4048	9.82E+01
4047	9.82E+01
4046	9.82E+01
4045	9.82E+01
4044	9.82E+01
4043	9.82E+01
4042	9.82E+01
4041	9.82E+01
4040	9.82E+01
4039	9.82E+01
4038	9.82E+01
4037	9.82E+01
4036	9.82E+01
4035	9.82E+01
4034	9.82E+01
4033	9.82E+01
4032	9.83E+01
4031	9.83E+01
4030	9.83E+01
4029	9.83E+01
4028	9.83E+01
4027	9.83E+01
4026	9.83E+01
4025	9.83E+01
4024	9.83E+01
4023	9.83E+01
4022	9.83E+01
4021	9.83E+01
4020	9.83E+01
4019	9.83E+01
4018	9.83E+01
4017	9.83E+01
4016	9.83E+01
4015	9.84E+01
4014	9.84E+01
4013	9.84E+01
4012	9.84E+01
4011	9.84E+01
4010	9.84E+01
4009	9.84E+01
4008	9.84E+01
4007	9.84E+01
4006	9.84E+01
4005	9.84E+01
4004	9.84E+01
4003	9.84E+01
4002	9.84E+01
4001	9.84E+01
4000	9.84E+01
3999	9.84E+01
3998	9.84E+01
3997	9.84E+01
3996	9.84E+01
3995	9.84E+01
3994	9.84E+01
3993	9.84E+01
3992	9.84E+01
3991	9.84E+01
3990	9.84E+01
3989	9.84E+01
3988	9.84E+01
3987	9.84E+01
3986	9.84E+01
3985	9.84E+01
3984	9.84E+01
3983	9.84E+01
3982	9.84E+01
3981	9.84E+01
3980	9.84E+01
3979	9.84E+01
3978	9.84E+01
3977	9.84E+01
3976	9.84E+01
3975	9.84E+01
3974	9.84E+01
3973	9.84E+01
3972	9.84E+01
3971	9.84E+01
3970	9.84E+01
3969	9.84E+01
3968	9.84E+01
3967	9.84E+01
3966	9.84E+01
3965	9.84E+01
3964	9.84E+01
3963	9.84E+01
3962	9.84E+01
3961	9.84E+01
3960	9.84E+01
3959	9.84E+01
3958	9.84E+01
3957	9.84E+01
3956	9.84E+01
3955	9.84E+01
3954	9.84E+01
3953	9.84E+01
3952	9.84E+01
3951	9.85E+01
3950	9.85E+01
3949	9.85E+01
3948	9.85E+01
3947	9.85E+01
3946	9.85E+01
3945	9.85E+01
3944	9.85E+01
3943	9.85E+01
3942	9.85E+01
3941	9.85E+01
3940	9.85E+01
3939	9.85E+01
3938	9.85E+01
3937	9.85E+01
3936	9.85E+01
3935	9.85E+01
3934	9.85E+01
3933	9.85E+01
3932	9.85E+01
3931	9.85E+01
3930	9.85E+01
3929	9.85E+01
3928	9.85E+01
3927	9.85E+01
3926	9.85E+01
3925	9.85E+01
3924	9.85E+01
3923	9.85E+01
3922	9.85E+01
3921	9.85E+01
3920	9.85E+01
3919	9.85E+01
3918	9.85E+01
3917	9.85E+01
3916	9.85E+01
3915	9.85E+01
3914	9.85E+01
3913	9.85E+01
3912	9.85E+01
3911	9.85E+01
3910	9.85E+01
3909	9.85E+01
3908	9.85E+01
3907	9.85E+01
3906	9.85E+01
3905	9.85E+01
3904	9.85E+01
3903	9.85E+01
3902	9.85E+01
3901	9.85E+01
3900	9.85E+01
3899	9.85E+01
3898	9.85E+01
3897	9.85E+01
3896	9.85E+01
3895	9.85E+01
3894	9.85E+01
3893	9.85E+01
3892	9.85E+01
3891	9.85E+01
3890	9.85E+01
3889	9.85E+01
3888	9.85E+01
3887	9.85E+01
3886	9.85E+01
3885	9.85E+01
3884	9.85E+01
3883	9.86E+01
3882	9.86E+01
3881	9.86E+01
3880	9.86E+01
3879	9.86E+01
3878	9.86E+01
3877	9.86E+01
3876	9.86E+01
3875	9.86E+01
3874	9.86E+01
3873	9.86E+01
3872	9.86E+01
3871	9.86E+01
3870	9.86E+01
3869	9.86E+01
3868	9.86E+01
3867	9.86E+01
3866	9.86E+01
3865	9.86E+01
3864	9.86E+01
3863	9.86E+01
3862	9.86E+01
3861	9.86E+01
3860	9.86E+01
3859	9.86E+01
3858	9.86E+01
3857	9.86E+01
3856	9.87E+01
3855	9.87E+01
3854	9.87E+01
3853	9.87E+01
3852	9.87E+01
3851	9.87E+01
3850	9.87E+01
3849	9.87E+01
3848	9.87E+01
3847	9.87E+01
3846	9.87E+01
3845	9.87E+01
3844	9.87E+01
3843	9.87E+01
3842	9.87E+01
3841	9.87E+01
3840	9.87E+01
3839	9.87E+01
3838	9.87E+01
3837	9.87E+01
3836	9.87E+01
3835	9.87E+01
3834	9.87E+01
3833	9.87E+01
3832	9.87E+01
3831	9.87E+01
3830	9.87E+01
3829	9.87E+01
3828	9.87E+01
3827	9.87E+01
3826	9.87E+01
3825	9.87E+01
3824	9.87E+01
3823	9.87E+01
3822	9.87E+01
3821	9.87E+01
3820	9.87E+01
3819	9.87E+01
3818	9.87E+01
3817	9.87E+01
3816	9.87E+01
3815	9.87E+01
3814	9.87E+01
3813	9.87E+01
3812	9.87E+01
3811	9.87E+01
3810	9.87E+01
3809	9.87E+01
3808	9.87E+01
3807	9.87E+01
3806	9.87E+01
3805	9.87E+01
3804	9.87E+01
3803	9.87E+01
3802	9.87E+01
3801	9.87E+01
3800	9.87E+01
3799	9.87E+01
3798	9.87E+01
3797	9.87E+01
3796	9.87E+01
3795	9.87E+01
3794	9.87E+01
3793	9.87E+01
3792	9.87E+01
3791	9.87E+01
3790	9.87E+01
3789	9.87E+01
3788	9.87E+01
3787	9.87E+01
3786	9.87E+01
3785	9.87E+01
3784	9.87E+01
3783	9.87E+01
3782	9.87E+01
3781	9.87E+01
3780	9.87E+01
3779	9.87E+01
3778	9.87E+01
3777	9.87E+01
3776	9.87E+01
3775	9.87E+01
3774	9.87E+01
3773	9.87E+01
3772	9.87E+01
3771	9.87E+01
3770	9.87E+01
3769	9.87E+01
3768	9.87E+01
3767	9.87E+01
3766	9.87E+01
3765	9.87E+01
3764	9.87E+01
3763	9.88E+01
3762	9.88E+01
3761	9.88E+01
3760	9.88E+01
3759	9.88E+01
3758	9.88E+01
3757	9.88E+01
3756	9.88E+01
3755	9.88E+01
3754	9.88E+01
3753	9.88E+01
3752	9.88E+01
3751	9.88E+01
3750	9.88E+01
3749	9.88E+01
3748	9.88E+01
3747	9.88E+01
3746	9.88E+01
3745	9.88E+01
3744	9.88E+01
3743	9.88E+01
3742	9.88E+01
3741	9.88E+01
3740	9.88E+01
3739	9.88E+01
3738	9.88E+01
3737	9.88E+01
3736	9.88E+01
3735	9.88E+01
3734	9.88E+01
3733	9.88E+01
3732	9.88E+01
3731	9.88E+01
3730	9.88E+01
3729	9.88E+01
3728	9.88E+01
3727	9.88E+01
3726	9.88E+01
3725	9.87E+01
3724	9.87E+01
3723	9.87E+01
3722	9.87E+01
3721	9.87E+01
3720	9.87E+01
3719	9.87E+01
3718	9.87E+01
3717	9.87E+01
3716	9.87E+01
3715	9.87E+01
3714	9.87E+01
3713	9.87E+01
3712	9.87E+01
3711	9.87E+01
3710	9.87E+01
3709	9.87E+01
3708	9.87E+01
3707	9.87E+01
3706	9.87E+01
3705	9.87E+01
3704	9.87E+01
3703	9.87E+01
3702	9.87E+01
3701	9.87E+01
3700	9.87E+01
3699	9.87E+01
3698	9.87E+01
3697	9.87E+01
3696	9.87E+01
3695	9.87E+01
3694	9.87E+01
3693	9.87E+01
3692	9.87E+01
3691	9.87E+01
3690	9.87E+01
3689	9.87E+01
3688	9.87E+01
3687	9.87E+01
3686	9.87E+01
3685	9.87E+01
3684	9.87E+01
3683	9.87E+01
3682	9.87E+01
3681	9.87E+01
3680	9.87E+01
3679	9.87E+01
3678	9.87E+01
3677	9.87E+01
3676	9.87E+01
3675	9.87E+01
3674	9.87E+01
3673	9.87E+01
3672	9.87E+01
3671	9.87E+01
3670	9.87E+01
3669	9.87E+01
3668	9.87E+01
3667	9.87E+01
3666	9.87E+01
3665	9.87E+01
3664	9.88E+01
3663	9.88E+01
3662	9.88E+01
3661	9.88E+01
3660	9.88E+01
3659	9.88E+01
3658	9.88E+01
3657	9.88E+01
3656	9.88E+01
3655	9.88E+01
3654	9.88E+01
3653	9.88E+01
3652	9.87E+01
3651	9.87E+01
3650	9.87E+01
3649	9.87E+01
3648	9.87E+01
3647	9.87E+01
3646	9.87E+01
3645	9.87E+01
3644	9.87E+01
3643	9.87E+01
3642	9.87E+01
3641	9.87E+01
3640	9.87E+01
3639	9.87E+01
3638	9.87E+01
3637	9.87E+01
3636	9.87E+01
3635	9.87E+01
3634	9.87E+01
3633	9.87E+01
3632	9.87E+01
3631	9.87E+01
3630	9.87E+01
3629	9.87E+01
3628	9.87E+01
3627	9.87E+01
3626	9.87E+01
3625	9.87E+01
3624	9.87E+01
3623	9.87E+01
3622	9.87E+01
3621	9.87E+01
3620	9.87E+01
3619	9.87E+01
3618	9.87E+01
3617	9.87E+01
3616	9.87E+01
3615	9.87E+01
3614	9.87E+01
3613	9.87E+01
3612	9.87E+01
3611	9.87E+01
3610	9.87E+01
3609	9.87E+01
3608	9.87E+01
3607	9.87E+01
3606	9.87E+01
3605	9.87E+01
3604	9.87E+01
3603	9.87E+01
3602	9.87E+01
3601	9.87E+01
3600	9.87E+01
3599	9.87E+01
3598	9.87E+01
3597	9.87E+01
3596	9.87E+01
3595	9.87E+01
3594	9.87E+01
3593	9.87E+01
3592	9.87E+01
3591	9.87E+01
3590	9.87E+01
3589	9.87E+01
3588	9.87E+01
3587	9.87E+01
3586	9.87E+01
3585	9.87E+01
3584	9.87E+01
3583	9.87E+01
3582	9.87E+01
3581	9.87E+01
3580	9.87E+01
3579	9.87E+01
3578	9.87E+01
3577	9.87E+01
3576	9.87E+01
3575	9.87E+01
3574	9.87E+01
3573	9.87E+01
3572	9.87E+01
3571	9.87E+01
3570	9.87E+01
3569	9.87E+01
3568	9.87E+01
3567	9.87E+01
3566	9.87E+01
3565	9.87E+01
3564	9.87E+01
3563	9.87E+01
3562	9.87E+01
3561	9.87E+01
3560	9.87E+01
3559	9.87E+01
3558	9.87E+01
3557	9.87E+01
3556	9.87E+01
3555	9.87E+01
3554	9.87E+01
3553	9.87E+01
3552	9.87E+01
3551	9.87E+01
3550	9.87E+01
3549	9.87E+01
3548	9.87E+01
3547	9.87E+01
3546	9.87E+01
3545	9.87E+01
3544	9.87E+01
3543	9.87E+01
3542	9.87E+01
3541	9.87E+01
3540	9.87E+01
3539	9.87E+01
3538	9.87E+01
3537	9.87E+01
3536	9.87E+01
3535	9.87E+01
3534	9.87E+01
3533	9.87E+01
3532	9.86E+01
3531	9.86E+01
3530	9.86E+01
3529	9.86E+01
3528	9.86E+01
3527	9.86E+01
3526	9.86E+01
3525	9.86E+01
3524	9.86E+01
3523	9.86E+01
3522	9.86E+01
3521	9.86E+01
3520	9.86E+01
3519	9.86E+01
3518	9.86E+01
3517	9.86E+01
3516	9.86E+01
3515	9.86E+01
3514	9.86E+01
3513	9.86E+01
3512	9.86E+01
3511	9.86E+01
3510	9.86E+01
3509	9.86E+01
3508	9.86E+01
3507	9.86E+01
3506	9.86E+01
3505	9.87E+01
3504	9.87E+01
3503	9.87E+01
3502	9.87E+01
3501	9.87E+01
3500	9.87E+01
3499	9.87E+01
3498	9.87E+01
3497	9.87E+01
3496	9.87E+01
3495	9.87E+01
3494	9.87E+01
3493	9.87E+01
3492	9.87E+01
3491	9.87E+01
3490	9.87E+01
3489	9.87E+01
3488	9.87E+01
3487	9.87E+01
3486	9.87E+01
3485	9.87E+01
3484	9.87E+01
3483	9.87E+01
3482	9.87E+01
3481	9.87E+01
3480	9.87E+01
3479	9.87E+01
3478	9.87E+01
3477	9.87E+01
3476	9.87E+01
3475	9.87E+01
3474	9.87E+01
3473	9.87E+01
3472	9.87E+01
3471	9.87E+01
3470	9.87E+01
3469	9.87E+01
3468	9.87E+01
3467	9.87E+01
3466	9.87E+01
3465	9.87E+01
3464	9.87E+01
3463	9.87E+01
3462	9.87E+01
3461	9.87E+01
3460	9.87E+01
3459	9.87E+01
3458	9.87E+01
3457	9.87E+01
3456	9.87E+01
3455	9.87E+01
3454	9.87E+01
3453	9.87E+01
3452	9.87E+01
3451	9.87E+01
3450	9.87E+01
3449	9.87E+01
3448	9.87E+01
3447	9.87E+01
3446	9.87E+01
3445	9.87E+01
3444	9.87E+01
3443	9.87E+01
3442	9.87E+01
3441	9.87E+01
3440	9.87E+01
3439	9.87E+01
3438	9.87E+01
3437	9.87E+01
3436	9.87E+01
3435	9.87E+01
3434	9.87E+01
3433	9.88E+01
3432	9.88E+01
3431	9.88E+01
3430	9.88E+01
3429	9.88E+01
3428	9.88E+01
3427	9.88E+01
3426	9.88E+01
3425	9.88E+01
3424	9.88E+01
3423	9.88E+01
3422	9.88E+01
3421	9.88E+01
3420	9.88E+01
3419	9.88E+01
3418	9.88E+01
3417	9.88E+01
3416	9.88E+01
3415	9.88E+01
3414	9.89E+01
3413	9.89E+01
3412	9.89E+01
3411	9.89E+01
3410	9.89E+01
3409	9.89E+01
3408	9.89E+01
3407	9.89E+01
3406	9.89E+01
3405	9.89E+01
3404	9.89E+01
3403	9.89E+01
3402	9.89E+01
3401	9.89E+01
3400	9.89E+01
3399	9.89E+01
3398	9.89E+01
3397	9.89E+01
3396	9.89E+01
3395	9.89E+01
3394	9.90E+01
3393	9.90E+01
3392	9.90E+01
3391	9.90E+01
3390	9.90E+01
3389	9.90E+01
3388	9.90E+01
3387	9.90E+01
3386	9.90E+01
3385	9.90E+01
3384	9.90E+01
3383	9.90E+01
3382	9.90E+01
3381	9.90E+01
3380	9.90E+01
3379	9.90E+01
3378	9.90E+01
3377	9.90E+01
3376	9.90E+01
3375	9.90E+01
3374	9.90E+01
3373	9.90E+01
3372	9.90E+01
3371	9.90E+01
3370	9.90E+01
3369	9.90E+01
3368	9.90E+01
3367	9.90E+01
3366	9.90E+01
3365	9.90E+01
3364	9.90E+01
3363	9.91E+01
3362	9.91E+01
3361	9.91E+01
3360	9.91E+01
3359	9.91E+01
3358	9.91E+01
3357	9.91E+01
3356	9.91E+01
3355	9.91E+01
3354	9.91E+01
3353	9.91E+01
3352	9.91E+01
3351	9.91E+01
3350	9.91E+01
3349	9.91E+01
3348	9.91E+01
3347	9.91E+01
3346	9.91E+01
3345	9.91E+01
3344	9.91E+01
3343	9.91E+01
3342	9.91E+01
3341	9.91E+01
3340	9.91E+01
3339	9.91E+01
3338	9.91E+01
3337	9.91E+01
3336	9.91E+01
3335	9.91E+01
3334	9.91E+01
3333	9.91E+01
3332	9.91E+01
3331	9.91E+01
3330	9.91E+01
3329	9.92E+01
3328	9.92E+01
3327	9.92E+01
3326	9.92E+01
3325	9.92E+01
3324	9.92E+01
3323	9.92E+01
3322	9.92E+01
3321	9.92E+01
3320	9.92E+01
3319	9.92E+01
3318	9.92E+01
3317	9.92E+01
3316	9.92E+01
3315	9.92E+01
3314	9.92E+01
3313	9.92E+01
3312	9.92E+01
3311	9.92E+01
3310	9.92E+01
3309	9.92E+01
3308	9.92E+01
3307	9.92E+01
3306	9.92E+01
3305	9.92E+01
3304	9.92E+01
3303	9.92E+01
3302	9.92E+01
3301	9.92E+01
3300	9.92E+01
3299	9.92E+01
3298	9.92E+01
3297	9.92E+01
3296	9.92E+01
3295	9.92E+01
3294	9.92E+01
3293	9.92E+01
3292	9.92E+01
3291	9.92E+01
3290	9.92E+01
3289	9.92E+01
3288	9.92E+01
3287	9.92E+01
3286	9.92E+01
3285	9.92E+01
3284	9.92E+01
3283	9.92E+01
3282	9.92E+01
3281	9.92E+01
3280	9.92E+01
3279	9.92E+01
3278	9.92E+01
3277	9.92E+01
3276	9.92E+01
3275	9.92E+01
3274	9.92E+01
3273	9.93E+01
3272	9.93E+01
3271	9.93E+01
3270	9.93E+01
3269	9.93E+01
3268	9.93E+01
3267	9.93E+01
3266	9.93E+01
3265	9.93E+01
3264	9.93E+01
3263	9.93E+01
3262	9.93E+01
3261	9.93E+01
3260	9.93E+01
3259	9.93E+01
3258	9.93E+01
3257	9.93E+01
3256	9.93E+01
3255	9.93E+01
3254	9.93E+01
3253	9.93E+01
3252	9.93E+01
3251	9.93E+01
3250	9.93E+01
3249	9.93E+01
3248	9.93E+01
3247	9.93E+01
3246	9.93E+01
3245	9.93E+01
3244	9.93E+01
3243	9.93E+01
3242	9.93E+01
3241	9.93E+01
3240	9.93E+01
3239	9.93E+01
3238	9.94E+01
3237	9.94E+01
3236	9.94E+01
3235	9.94E+01
3234	9.94E+01
3233	9.94E+01
3232	9.94E+01
3231	9.94E+01
3230	9.94E+01
3229	9.94E+01
3228	9.94E+01
3227	9.94E+01
3226	9.94E+01
3225	9.94E+01
3224	9.94E+01
3223	9.94E+01
3222	9.94E+01
3221	9.94E+01
3220	9.94E+01
3219	9.94E+01
3218	9.94E+01
3217	9.94E+01
3216	9.94E+01
3215	9.94E+01
3214	9.94E+01
3213	9.94E+01
3212	9.94E+01
3211	9.94E+01
3210	9.94E+01
3209	9.94E+01
3208	9.94E+01
3207	9.94E+01
3206	9.94E+01
3205	9.94E+01
3204	9.94E+01
3203	9.94E+01
3202	9.94E+01
3201	9.94E+01
3200	9.94E+01
3199	9.94E+01
3198	9.94E+01
3197	9.94E+01
3196	9.94E+01
3195	9.94E+01
3194	9.94E+01
3193	9.94E+01
3192	9.94E+01
3191	9.94E+01
3190	9.94E+01
3189	9.94E+01
3188	9.94E+01
3187	9.94E+01
3186	9.94E+01
3185	9.94E+01
3184	9.94E+01
3183	9.94E+01
3182	9.94E+01
3181	9.94E+01
3180	9.94E+01
3179	9.94E+01
3178	9.95E+01
3177	9.95E+01
3176	9.95E+01
3175	9.95E+01
3174	9.95E+01
3173	9.95E+01
3172	9.95E+01
3171	9.95E+01
3170	9.95E+01
3169	9.95E+01
3168	9.95E+01
3167	9.95E+01
3166	9.95E+01
3165	9.95E+01
3164	9.95E+01
3163	9.95E+01
3162	9.95E+01
3161	9.95E+01
3160	9.95E+01
3159	9.95E+01
3158	9.95E+01
3157	9.95E+01
3156	9.96E+01
3155	9.96E+01
3154	9.96E+01
3153	9.96E+01
3152	9.96E+01
3151	9.96E+01
3150	9.96E+01
3149	9.96E+01
3148	9.96E+01
3147	9.96E+01
3146	9.96E+01
3145	9.96E+01
3144	9.96E+01
3143	9.96E+01
3142	9.96E+01
3141	9.96E+01
3140	9.96E+01
3139	9.96E+01
3138	9.96E+01
3137	9.96E+01
3136	9.96E+01
3135	9.96E+01
3134	9.96E+01
3133	9.96E+01
3132	9.96E+01
3131	9.96E+01
3130	9.96E+01
3129	9.96E+01
3128	9.96E+01
3127	9.96E+01
3126	9.96E+01
3125	9.96E+01
3124	9.96E+01
3123	9.96E+01
3122	9.96E+01
3121	9.96E+01
3120	9.96E+01
3119	9.96E+01
3118	9.96E+01
3117	9.96E+01
3116	9.96E+01
3115	9.96E+01
3114	9.96E+01
3113	9.96E+01
3112	9.96E+01
3111	9.96E+01
3110	9.96E+01
3109	9.96E+01
3108	9.96E+01
3107	9.96E+01
3106	9.96E+01
3105	9.96E+01
3104	9.96E+01
3103	9.96E+01
3102	9.97E+01
3101	9.97E+01
3100	9.97E+01
3099	9.97E+01
3098	9.97E+01
3097	9.97E+01
3096	9.97E+01
3095	9.97E+01
3094	9.97E+01
3093	9.97E+01
3092	9.97E+01
3091	9.97E+01
3090	9.97E+01
3089	9.97E+01
3088	9.97E+01
3087	9.97E+01
3086	9.97E+01
3085	9.97E+01
3084	9.97E+01
3083	9.97E+01
3082	9.97E+01
3081	9.97E+01
3080	9.97E+01
3079	9.97E+01
3078	9.97E+01
3077	9.97E+01
3076	9.97E+01
3075	9.97E+01
3074	9.97E+01
3073	9.96E+01
3072	9.96E+01
3071	9.96E+01
3070	9.96E+01
3069	9.96E+01
3068	9.96E+01
3067	9.96E+01
3066	9.96E+01
3065	9.96E+01
3064	9.96E+01
3063	9.96E+01
3062	9.96E+01
3061	9.96E+01
3060	9.96E+01
3059	9.96E+01
3058	9.96E+01
3057	9.96E+01
3056	9.96E+01
3055	9.96E+01
3054	9.96E+01
3053	9.96E+01
3052	9.96E+01
3051	9.96E+01
3050	9.96E+01
3049	9.96E+01
3048	9.96E+01
3047	9.96E+01
3046	9.96E+01
3045	9.96E+01
3044	9.96E+01
3043	9.96E+01
3042	9.96E+01
3041	9.96E+01
3040	9.96E+01
3039	9.96E+01
3038	9.96E+01
3037	9.96E+01
3036	9.96E+01
3035	9.96E+01
3034	9.96E+01
3033	9.96E+01
3032	9.96E+01
3031	9.96E+01
3030	9.96E+01
3029	9.96E+01
3028	9.96E+01
3027	9.96E+01
3026	9.96E+01
3025	9.96E+01
3024	9.96E+01
3023	9.96E+01
3022	9.96E+01
3021	9.96E+01
3020	9.96E+01
3019	9.96E+01
3018	9.96E+01
3017	9.96E+01
3016	9.96E+01
3015	9.96E+01
3014	9.96E+01
3013	9.96E+01
3012	9.96E+01
3011	9.96E+01
3010	9.96E+01
3009	9.96E+01
3008	9.96E+01
3007	9.96E+01
3006	9.95E+01
3005	9.95E+01
3004	9.95E+01
3003	9.95E+01
3002	9.95E+01
3001	9.95E+01
3000	9.95E+01
2999	9.95E+01
2998	9.95E+01
2997	9.95E+01
2996	9.95E+01
2995	9.95E+01
2994	9.95E+01
2993	9.95E+01
2992	9.95E+01
2991	9.95E+01
2990	9.95E+01
2989	9.95E+01
2988	9.95E+01
2987	9.95E+01
2986	9.95E+01
2985	9.95E+01
2984	9.95E+01
2983	9.95E+01
2982	9.95E+01
2981	9.95E+01
2980	9.95E+01
2979	9.95E+01
2978	9.95E+01
2977	9.95E+01
2976	9.95E+01
2975	9.95E+01
2974	9.94E+01
2973	9.94E+01
2972	9.94E+01
2971	9.94E+01
2970	9.94E+01
2969	9.94E+01
2968	9.94E+01
2967	9.94E+01
2966	9.94E+01
2965	9.94E+01
2964	9.94E+01
2963	9.94E+01
2962	9.94E+01
2961	9.93E+01
2960	9.93E+01
2959	9.93E+01
2958	9.93E+01
2957	9.93E+01
2956	9.93E+01
2955	9.92E+01
2954	9.92E+01
2953	9.92E+01
2952	9.92E+01
2951	9.92E+01
2950	9.92E+01
2949	9.92E+01
2948	9.92E+01
2947	9.92E+01
2946	9.92E+01
2945	9.92E+01
2944	9.92E+01
2943	9.92E+01
2942	9.93E+01
2941	9.93E+01
2940	9.93E+01
2939	9.93E+01
2938	9.93E+01
2937	9.93E+01
2936	9.93E+01
2935	9.93E+01
2934	9.93E+01
2933	9.92E+01
2932	9.92E+01
2931	9.90E+01
2930	9.89E+01
2929	9.87E+01
2928	9.85E+01
2927	9.83E+01
2926	9.79E+01
2925	9.76E+01
2924	9.71E+01
2923	9.65E+01
2922	9.59E+01
2921	9.51E+01
2920	9.42E+01
2919	9.32E+01
2918	9.20E+01
2917	9.08E+01
2916	8.93E+01
2915	8.78E+01
2914	8.60E+01
2913	8.41E+01
2912	8.21E+01
2911	7.99E+01
2910	7.76E+01
2909	7.51E+01
2908	7.26E+01
2907	7.00E+01
2906	6.72E+01
2905	6.44E+01
2904	6.16E+01
2903	5.88E+01
2902	5.59E+01
2901	5.31E+01
2900	5.03E+01
2899	4.76E+01
2898	4.49E+01
2897	4.23E+01
2896	3.98E+01
2895	3.73E+01
2894	3.50E+01
2893	3.28E+01
2892	3.07E+01
2891	2.87E+01
2890	2.68E+01
2889	2.50E+01
2888	2.33E+01
2887	2.17E+01
2886	2.02E+01
2885	1.88E+01
2884	1.75E+01
2883	1.63E+01
2882	1.52E+01
2881	1.41E+01
2880	1.31E+01
2879	1.22E+01
2878	1.13E+01
2877	1.05E+01
2876	9.78E+00
2875	9.08E+00
2874	8.44E+00
2873	7.84E+00
2872	7.28E+00
2871	6.76E+00
2870	6.28E+00
2869	5.83E+00
2868	5.41E+00
2867	5.02E+00
2866	4.66E+00
2865	4.32E+00
2864	4.01E+00
2863	3.72E+00
2862	3.45E+00
2861	3.20E+00
2860	2.96E+00
2859	2.75E+00
2858	2.55E+00
2857	2.36E+00
2856	2.18E+00
2855	2.02E+00
2854	1.87E+00
2853	1.74E+00
2852	1.61E+00
2851	1.49E+00
2850	1.38E+00
2849	1.28E+00
2848	1.18E+00
2847	1.09E+00
2846	1.01E+00
2845	9.37E-01
2844	8.67E-01
2843	8.03E-01
2842	7.43E-01
2841	6.88E-01
2840	6.38E-01
2839	5.91E-01
2838	5.48E-01
2837	5.07E-01
2836	4.71E-01
2835	4.36E-01
2834	4.05E-01
2833	3.76E-01
2832	3.49E-01
2831	3.24E-01
2830	3.01E-01
2829	2.80E-01
2828	2.60E-01
2827	2.42E-01
2826	2.25E-01
2825	2.10E-01
2824	1.96E-01
2823	1.82E-01
2822	1.70E-01
2821	1.59E-01
2820	1.48E-01
2819	1.39E-01
2818	1.30E-01
2817	1.21E-01
2816	1.13E-01
2815	1.06E-01
2814	9.97E-02
2813	9.35E-02
2812	8.77E-02
2811	8.24E-02
2810	7.75E-02
2809	7.29E-02
2808	6.86E-02
2807	6.46E-02
2806	6.09E-02
2805	5.74E-02
2804	5.42E-02
2803	5.12E-02
2802	4.84E-02
2801	4.58E-02
2800	4.33E-02
2799	4.10E-02
2798	3.89E-02
2797	3.69E-02
2796	3.50E-02
2795	3.32E-02
2794	3.16E-02
2793	3.00E-02
2792	2.86E-02
2791	2.72E-02
2790	2.59E-02
2789	2.47E-02
2788	2.36E-02
2787	2.25E-02
2786	2.15E-02
2785	2.06E-02
2784	1.97E-02
2783	1.88E-02
2782	1.80E-02
2781	1.73E-02
2780	1.66E-02
2779	1.59E-02
2778	1.52E-02
2777	1.46E-02
2776	1.41E-02
2775	1.35E-02
2774	1.30E-02
2773	1.25E-02
2772	1.20E-02
2771	1.15E-02
2770	1.11E-02
2769	1.07E-02
2768	1.03E-02
2767	9.91E-03
2766	9.54E-03
2765	9.19E-03
2764	8.85E-03
2763	8.52E-03
2762	8.21E-03
2761	7.91E-03
2760	7.61E-03
2759	7.33E-03
2758	7.06E-03
2757	6.79E-03
2756	6.53E-03
2755	6.28E-03
2754	6.04E-03
2753	5.81E-03
2752	5.58E-03
2751	5.36E-03
2750	5.14E-03
2749	4.94E-03
2748	4.73E-03
2747	4.54E-03
2746	4.35E-03
2745	4.16E-03
2744	3.99E-03
2743	3.81E-03
2742	3.65E-03
2741	3.48E-03
2740	3.33E-03
2739	3.18E-03
2738	3.03E-03
2737	2.89E-03
2736	2.76E-03
2735	2.63E-03
2734	2.50E-03
2733	2.38E-03
2732	2.27E-03
2731	2.16E-03
2730	2.05E-03
2729	1.95E-03
2728	1.86E-03
2727	1.77E-03
2726	1.68E-03
2725	1.60E-03
2724	1.52E-03
2723	1.45E-03
2722	1.38E-03
2721	1.31E-03
2720	1.25E-03
2719	1.19E-03
2718	1.13E-03
2717	1.08E-03
2716	1.03E-03
2715	9.77E-04
2714	9.32E-04
2713	8.89E-04
2712	8.49E-04
2711	8.11E-04
2710	7.75E-04
2709	7.41E-04
2708	7.09E-04
2707	6.79E-04
2706	6.50E-04
2705	6.24E-04
2704	5.98E-04
2703	5.75E-04
2702	5.52E-04
2701	5.31E-04
2700	5.11E-04
2699	4.92E-04
2698	4.74E-04
2697	4.58E-04
2696	4.42E-04
2695	4.27E-04
2694	4.13E-04
2693	4.00E-04
2692	3.88E-04
2691	3.76E-04
2690	3.65E-04
2689	3.55E-04
2688	3.45E-04
2687	3.36E-04
2686	3.27E-04
2685	3.19E-04
2684	3.12E-04
2683	3.05E-04
2682	2.98E-04
2681	2.92E-04
2680	2.86E-04
2679	2.80E-04
2678	2.75E-04
2677	2.70E-04
2676	2.66E-04
2675	2.62E-04
2674	2.58E-04
2673	2.54E-04
2672	2.50E-04
2671	2.47E-04
2670	2.44E-04
2669	2.41E-04
2668	2.38E-04
2667	2.36E-04
2666	2.33E-04
2665	2.31E-04
2664	2.28E-04
2663	2.26E-04
2662	2.24E-04
2661	2.21E-04
2660	2.19E-04
2659	2.17E-04
2658	2.14E-04
2657	2.12E-04
2656	2.09E-04
2655	2.06E-04
2654	2.03E-04
2653	1.99E-04
2652	1.96E-04
2651	1.92E-04
2650	1.88E-04
2649	1.83E-04
2648	1.79E-04
2647	1.74E-04
2646	1.69E-04
2645	1.64E-04
2644	1.58E-04
2643	1.53E-04
2642	1.47E-04
2641	1.42E-04
2640	1.36E-04
2639	1.30E-04
2638	1.24E-04
2637	1.19E-04
2636	1.13E-04
2635	1.08E-04
2634	1.02E-04
2633	9.72E-05
2632	9.23E-05
2631	8.75E-05
2630	8.30E-05
2629	7.87E-05
2628	7.45E-05
2627	7.06E-05
2626	6.69E-05
2625	6.35E-05
2624	6.02E-05
2623	5.71E-05
2622	5.42E-05
2621	5.15E-05
2620	4.89E-05
2619	4.65E-05
2618	4.43E-05
2617	4.22E-05
2616	4.03E-05
2615	3.85E-05
2614	3.68E-05
2613	3.52E-05
2612	3.37E-05
2611	3.23E-05
2610	3.10E-05
2609	2.99E-05
2608	2.88E-05
2607	2.77E-05
2606	2.68E-05
2605	2.59E-05
2604	2.51E-05
2603	2.43E-05
2602	2.36E-05
2601	2.30E-05
2600	2.24E-05
2599	2.18E-05
2598	2.13E-05
2597	2.08E-05
2596	2.04E-05
2595	2.00E-05
2594	1.97E-05
2593	1.94E-05
2592	1.91E-05
2591	1.88E-05
2590	1.86E-05
2589	1.84E-05
2588	1.83E-05
2587	1.81E-05
2586	1.80E-05
2585	1.79E-05
2584	1.79E-05
2583	1.78E-05
2582	1.78E-05
2581	1.78E-05
2580	1.78E-05
2579	1.78E-05
2578	1.79E-05
2577	1.79E-05
2576	1.79E-05
2575	1.80E-05
2574	1.80E-05
2573	1.80E-05
2572	1.80E-05
2571	1.80E-05
2570	1.79E-05
2569	1.78E-05
2568	1.77E-05
2567	1.75E-05
2566	1.73E-05
2565	1.70E-05
2564	1.67E-05
2563	1.63E-05
2562	1.58E-05
2561	1.53E-05
2560	1.47E-05
2559	1.42E-05
2558	1.35E-05
2557	1.29E-05
2556	1.22E-05
2555	1.16E-05
2554	1.09E-05
2553	1.03E-05
2552	9.65E-06
2551	9.05E-06
2550	8.47E-06
2549	7.92E-06
2548	7.40E-06
2547	6.92E-06
2546	6.46E-06
2545	6.04E-06
2544	5.64E-06
2543	5.28E-06
2542	4.94E-06
2541	4.63E-06
2540	4.34E-06
2539	4.07E-06
2538	3.83E-06
2537	3.60E-06
2536	3.40E-06
2535	3.21E-06
2534	3.03E-06
2533	2.87E-06
2532	2.73E-06
2531	2.59E-06
2530	2.47E-06
2529	2.35E-06
2528	2.25E-06
2527	2.15E-06
2526	2.07E-06
2525	1.98E-06
2524	1.91E-06
2523	1.84E-06
2522	1.78E-06
2521	1.72E-06
2520	1.67E-06
2519	1.63E-06
2518	1.58E-06
2517	1.55E-06
2516	1.51E-06
2515	1.48E-06
2514	1.46E-06
2513	1.43E-06
2512	1.41E-06
2511	1.40E-06
2510	1.38E-06
2509	1.37E-06
2508	1.37E-06
2507	1.36E-06
2506	1.36E-06
2505	1.36E-06
2504	1.36E-06
2503	1.37E-06
2502	1.38E-06
2501	1.39E-06
2500	1.41E-06
2499	1.43E-06
2498	1.45E-06
2497	1.48E-06
2496	1.50E-06
2495	1.53E-06
2494	1.56E-06
2493	1.60E-06
2492	1.63E-06
2491	1.67E-06
2490	1.71E-06
2489	1.74E-06
2488	1.77E-06
2487	1.80E-06
2486	1.83E-06
2485	1.84E-06
2484	1.85E-06
2483	1.85E-06
2482	1.83E-06
2481	1.81E-06
2480	1.77E-06
2479	1.72E-06
2478	1.65E-06
2477	1.58E-06
2476	1.50E-06
2475	1.42E-06
2474	1.33E-06
2473	1.25E-06
2472	1.16E-06
2471	1.08E-06
2470	9.96E-07
2469	9.20E-07
2468	8.49E-07
2467	7.84E-07
2466	7.23E-07
2465	6.67E-07
2464	6.17E-07
2463	5.70E-07
2462	5.28E-07
2461	4.90E-07
2460	4.56E-07
2459	4.25E-07
2458	3.96E-07
2457	3.71E-07
2456	3.48E-07
2455	3.27E-07
2454	3.08E-07
2453	2.91E-07
2452	2.75E-07
2451	2.61E-07
2450	2.48E-07
2449	2.37E-07
2448	2.27E-07
2447	2.17E-07
2446	2.09E-07
2445	2.01E-07
2444	1.94E-07
2443	1.88E-07
2442	1.83E-07
2441	1.78E-07
2440	1.74E-07
2439	1.70E-07
2438	1.67E-07
2437	1.64E-07
2436	1.62E-07
2435	1.60E-07
2434	1.59E-07
2433	1.58E-07
2432	1.58E-07
2431	1.58E-07
2430	1.58E-07
2429	1.59E-07
2428	1.61E-07
2427	1.63E-07
2426	1.66E-07
2425	1.69E-07
2424	1.73E-07
2423	1.78E-07
2422	1.83E-07
2421	1.90E-07
2420	1.97E-07
2419	2.05E-07
2418	2.14E-07
2417	2.24E-07
2416	2.35E-07
2415	2.48E-07
2414	2.61E-07
2413	2.75E-07
2412	2.91E-07
2411	3.06E-07
2410	3.22E-07
2409	3.37E-07
2408	3.50E-07
2407	3.60E-07
2406	3.67E-07
2405	3.68E-07
2404	3.64E-07
2403	3.54E-07
2402	3.39E-07
2401	3.20E-07
2400	2.98E-07
2399	2.74E-07
2398	2.50E-07
2397	2.27E-07
2396	2.04E-07
2395	1.84E-07
2394	1.65E-07
2393	1.48E-07
2392	1.33E-07
2391	1.20E-07
2390	1.08E-07
2389	9.81E-08
2388	8.91E-08
2387	8.12E-08
2386	7.42E-08
2385	6.81E-08
2384	6.27E-08
2383	5.80E-08
2382	5.38E-08
2381	5.01E-08
2380	4.68E-08
2379	4.39E-08
2378	4.14E-08
2377	3.91E-08
2376	3.70E-08
2375	3.52E-08
2374	3.36E-08
2373	3.22E-08
2372	3.09E-08
2371	2.98E-08
2370	2.89E-08
2369	2.80E-08
2368	2.73E-08
2367	2.67E-08
2366	2.62E-08
2365	2.57E-08
2364	2.54E-08
2363	2.52E-08
2362	2.51E-08
2361	2.50E-08
2360	2.51E-08
2359	2.53E-08
2358	2.55E-08
2357	2.59E-08
2356	2.64E-08
2355	2.70E-08
2354	2.78E-08
2353	2.87E-08
2352	2.98E-08
2351	3.11E-08
2350	3.27E-08
2349	3.45E-08
2348	3.66E-08
2347	3.91E-08
2346	4.21E-08
2345	4.55E-08
2344	4.96E-08
2343	5.43E-08
2342	5.99E-08
2341	6.63E-08
2340	7.37E-08
2339	8.21E-08
2338	9.11E-08
2337	1.00E-07
2336	1.09E-07
2335	1.15E-07
2334	1.19E-07
2333	1.18E-07
2332	1.13E-07
2331	1.04E-07
2330	9.33E-08
2329	8.18E-08
2328	7.06E-08
2327	6.05E-08
2326	5.17E-08
2325	4.42E-08
2324	3.80E-08
2323	3.28E-08
2322	2.85E-08
2321	2.49E-08
2320	2.19E-08
2319	1.94E-08
2318	1.73E-08
2317	1.55E-08
2316	1.40E-08
2315	1.27E-08
2314	1.16E-08
2313	1.07E-08
2312	9.85E-09
2311	9.14E-09
2310	8.53E-09
2309	7.99E-09
2308	7.52E-09
2307	7.12E-09
2306	6.76E-09
2305	6.45E-09
2304	6.19E-09
2303	5.96E-09
2302	5.76E-09
2301	5.59E-09
2300	5.46E-09
2299	5.34E-09
2298	5.26E-09
2297	5.20E-09
2296	5.16E-09
2295	5.14E-09
2294	5.15E-09
2293	5.19E-09
2292	5.25E-09
2291	5.34E-09
2290	5.46E-09
2289	5.61E-09
2288	5.81E-09
2287	6.04E-09
2286	6.33E-09
2285	6.68E-09
2284	7.09E-09
2283	7.60E-09
2282	8.21E-09
2281	8.95E-09
2280	9.86E-09
2279	1.10E-08
2278	1.24E-08
2277	1.41E-08
2276	1.63E-08
2275	1.92E-08
2274	2.28E-08
2273	2.75E-08
2272	3.34E-08
2271	4.03E-08
2270	4.74E-08
2269	5.30E-08
2268	5.47E-08
2267	5.13E-08
2266	4.43E-08
2265	3.61E-08
2264	2.86E-08
2263	2.25E-08
2262	1.78E-08
2261	1.42E-08
2260	1.15E-08
2259	9.48E-09
2258	7.91E-09
2257	6.69E-09
2256	5.72E-09
2255	4.95E-09
2254	4.33E-09
2253	3.82E-09
2252	3.41E-09
2251	3.06E-09
2250	2.77E-09
2249	2.53E-09
2248	2.32E-09
2247	2.15E-09
2246	2.00E-09
2245	1.87E-09
2244	1.76E-09
2243	1.67E-09
2242	1.59E-09
2241	1.53E-09
2240	1.47E-09
2239	1.42E-09
2238	1.39E-09
2237	1.36E-09
2236	1.33E-09
2235	1.32E-09
2234	1.31E-09
2233	1.32E-09
2232	1.32E-09
2231	1.34E-09
2230	1.37E-09
2229	1.40E-09
2228	1.45E-09
2227	1.51E-09
2226	1.58E-09
2225	1.67E-09
2224	1.78E-09
2223	1.91E-09
2222	2.08E-09
2221	2.29E-09
2220	2.56E-09
2219	2.90E-09
2218	3.34E-09
2217	3.92E-09
2216	4.71E-09
2215	5.80E-09
2214	7.38E-09
2213	9.73E-09
2212	1.33E-08
2211	1.89E-08
2210	2.67E-08
2209	3.45E-08
2208	3.58E-08
2207	2.89E-08
2206	2.01E-08
2205	1.35E-08
2204	9.23E-09
2203	6.58E-09
2202	4.87E-09
2201	3.72E-09
2200	2.93E-09
2199	2.36E-09
2198	1.95E-09
2197	1.63E-09
2196	1.39E-09
2195	1.20E-09
2194	1.05E-09
2193	9.34E-10
2192	8.36E-10
2191	7.56E-10
2190	6.89E-10
2189	6.34E-10
2188	5.88E-10
2187	5.49E-10
2186	5.17E-10
2185	4.90E-10
2184	4.68E-10
2183	4.50E-10
2182	4.35E-10
2181	4.24E-10
2180	4.16E-10
2179	4.11E-10
2178	4.09E-10
2177	4.09E-10
2176	4.13E-10
2175	4.20E-10
2174	4.30E-10
2173	4.44E-10
2172	4.63E-10
2171	4.87E-10
2170	5.17E-10
2169	5.56E-10
2168	6.04E-10
2167	6.66E-10
2166	7.45E-10
2165	8.49E-10
2164	9.86E-10
2163	1.17E-09
2162	1.44E-09
2161	1.83E-09
2160	2.43E-09
2159	3.44E-09
2158	5.31E-09
2157	9.25E-09
2156	1.87E-08
2155	3.61E-08
2154	3.48E-08
2153	1.72E-08
2152	8.15E-09
2151	4.49E-09
2150	2.79E-09
2149	1.89E-09
2148	1.36E-09
2147	1.02E-09
2146	8.00E-10
2145	6.44E-10
2144	5.32E-10
2143	4.48E-10
2142	3.84E-10
2141	3.35E-10
2140	2.96E-10
2139	2.65E-10
2138	2.40E-10
2137	2.19E-10
2136	2.03E-10
2135	1.90E-10
2134	1.79E-10
2133	1.70E-10
2132	1.64E-10
2131	1.59E-10
2130	1.55E-10
2129	1.53E-10
2128	1.53E-10
2127	1.54E-10
2126	1.56E-10
2125	1.60E-10
2124	1.67E-10
2123	1.75E-10
2122	1.86E-10
2121	2.01E-10
2120	2.20E-10
2119	2.45E-10
2118	2.79E-10
2117	3.25E-10
2116	3.90E-10
2115	4.85E-10
2114	6.29E-10
2113	8.69E-10
2112	1.31E-09
2111	2.25E-09
2110	4.92E-09
2109	1.82E-08
2108	5.17E-08
2107	1.65E-08
2106	4.32E-09
2105	1.89E-09
2104	1.05E-09
2103	6.66E-10
2102	4.61E-10
2101	3.39E-10
2100	2.60E-10
2099	2.07E-10
2098	1.70E-10
2097	1.43E-10
2096	1.23E-10
2095	1.08E-10
2094	9.62E-11
2093	8.72E-11
2092	8.02E-11
2091	7.49E-11
2090	7.09E-11
2089	6.80E-11
2088	6.62E-11
2087	6.54E-11
2086	6.55E-11
2085	6.67E-11
2084	6.90E-11
2083	7.27E-11
2082	7.81E-11
2081	8.58E-11
2080	9.67E-11
2079	1.12E-10
2078	1.35E-10
2077	1.71E-10
2076	2.29E-10
2075	3.34E-10
2074	5.58E-10
2073	1.18E-09
2072	4.60E-09
2071	3.32E-08
2070	8.18E-09
2069	1.36E-09
2068	5.46E-10
2067	2.95E-10
2066	1.86E-10
2065	1.30E-10
2064	9.69E-11
2063	7.66E-11
2062	6.35E-11
2061	5.50E-11
2060	4.95E-11
2059	4.64E-11
2058	4.55E-11
2057	4.68E-11
2056	5.10E-11
2055	6.01E-11
2054	7.90E-11
2053	1.25E-10
2052	2.90E-10
2051	5.93E-09
2050	8.92E-09
2049	2.64E-10
2048	6.09E-11
2047	2.41E-11
2046	1.19E-11
2045	6.58E-12
2044	3.95E-12
2043	2.51E-12
2042	1.66E-12
2041	1.13E-12
2040	7.96E-13
2039	5.71E-13
2038	4.18E-13
2037	3.11E-13
2036	2.34E-13
2035	1.79E-13
2034	1.38E-13
2033	1.08E-13
2032	8.46E-14
2031	6.71E-14
2030	5.36E-14
2029	4.32E-14
2028	3.50E-14
2027	2.85E-14
2026	2.34E-14
2025	1.92E-14
2024	1.59E-14
2023	1.32E-14
2022	1.11E-14
2021	9.29E-15
2020	7.82E-15
2019	6.61E-15
2018	5.61E-15
2017	4.78E-15
2016	4.08E-15
2015	3.50E-15
2014	3.01E-15
2013	2.59E-15
2012	2.24E-15
2011	1.94E-15
2010	1.69E-15
2009	1.47E-15
2008	1.29E-15
2007	1.13E-15
2006	9.89E-16
2005	8.71E-16
2004	7.68E-16
2003	6.78E-16
2002	6.01E-16
2001	5.33E-16
2000	4.74E-16
1999	4.22E-16
1998	3.77E-16
1997	3.37E-16
1996	3.01E-16
1995	2.70E-16
1994	2.43E-16
1993	2.19E-16
1992	1.97E-16
1991	1.78E-16
1990	1.61E-16
1989	1.46E-16
1988	1.32E-16
1987	1.20E-16
1986	1.09E-16
1985	9.97E-17
1984	9.10E-17
1983	8.32E-17
1982	7.61E-17
1981	6.97E-17
1980	6.40E-17
1979	5.88E-17
1978	5.41E-17
1977	4.98E-17
1976	4.60E-17
1975	4.25E-17
1974	3.93E-17
1973	3.63E-17
1972	3.37E-17
1971	3.13E-17
1970	2.90E-17
1969	2.70E-17
1968	2.52E-17
1967	2.35E-17
1966	2.19E-17
1965	2.05E-17
1964	1.91E-17
1963	1.79E-17
1962	1.68E-17
1961	1.58E-17
1960	1.48E-17
1959	1.39E-17
1958	1.31E-17
1957	1.24E-17
1956	1.17E-17
1955	1.10E-17
1954	1.04E-17
1953	9.87E-18
1952	9.36E-18
1951	8.87E-18
1950	8.42E-18
1949	8.01E-18
1948	7.62E-18
1947	7.25E-18
1946	6.91E-18
1945	6.59E-18
1944	6.30E-18
1943	6.02E-18
1942	5.76E-18
1941	5.51E-18
1940	5.29E-18
1939	5.07E-18
1938	4.87E-18
1937	4.68E-18
1936	4.51E-18
1935	4.34E-18
1934	4.19E-18
1933	4.04E-18
1932	3.90E-18
1931	3.77E-18
1930	3.65E-18
1929	3.53E-18
1928	3.43E-18
1927	3.32E-18
1926	3.23E-18
1925	3.14E-18
1924	3.05E-18
1923	2.97E-18
1922	2.90E-18
1921	2.83E-18
1920	2.76E-18
1919	2.70E-18
1918	2.64E-18
1917	2.59E-18
1916	2.53E-18
1915	2.49E-18
1914	2.44E-18
1913	2.40E-18
1912	2.36E-18
1911	2.32E-18
1910	2.29E-18
1909	2.26E-18
1908	2.23E-18
1907	2.20E-18
1906	2.18E-18
1905	2.16E-18
1904	2.14E-18
1903	2.12E-18
1902	2.10E-18
1901	2.09E-18
1900	2.08E-18
1899	2.07E-18
1898	2.06E-18
1897	2.06E-18
1896	2.05E-18
1895	2.05E-18
1894	2.05E-18
1893	2.05E-18
1892	2.06E-18
1891	2.06E-18
1890	2.07E-18
1889	2.08E-18
1888	2.09E-18
1887	2.10E-18
1886	2.12E-18
1885	2.14E-18
1884	2.16E-18
1883	2.18E-18
1882	2.20E-18
1881	2.23E-18
1880	2.26E-18
1879	2.29E-18
1878	2.33E-18
1877	2.37E-18
1876	2.41E-18
1875	2.45E-18
1874	2.50E-18
1873	2.55E-18
1872	2.61E-18
1871	2.66E-18
1870	2.73E-18
1869	2.79E-18
1868	2.86E-18
1867	2.94E-18
1866	3.02E-18
1865	3.11E-18
1864	3.20E-18
1863	3.30E-18
1862	3.41E-18
1861	3.52E-18
1860	3.64E-18
1859	3.77E-18
1858	3.91E-18
1857	4.05E-18
1856	4.21E-18
1855	4.38E-18
1854	4.56E-18
1853	4.75E-18
1852	4.95E-18
1851	5.17E-18
1850	5.41E-18
1849	5.66E-18
1848	5.93E-18
1847	6.23E-18
1846	6.54E-18
1845	6.88E-18
1844	7.24E-18
1843	7.63E-18
1842	8.06E-18
1841	8.51E-18
1840	9.01E-18
1839	9.54E-18
1838	1.01E-17
1837	1.07E-17
1836	1.14E-17
1835	1.22E-17
1834	1.30E-17
1833	1.38E-17
1832	1.48E-17
1831	1.58E-17
1830	1.69E-17
1829	1.82E-17
1828	1.95E-17
1827	2.10E-17
1826	2.26E-17
1825	2.44E-17
1824	2.64E-17
1823	2.85E-17
1822	3.09E-17
1821	3.35E-17
1820	3.64E-17
1819	3.96E-17
1818	4.31E-17
1817	4.70E-17
1816	5.13E-17
1815	5.62E-17
1814	6.16E-17
1813	6.76E-17
1812	7.43E-17
1811	8.17E-17
1810	9.01E-17
1809	9.95E-17
1808	1.10E-16
1807	1.22E-16
1806	1.35E-16
1805	1.50E-16
1804	1.67E-16
1803	1.87E-16
1802	2.08E-16
1801	2.33E-16
1800	2.61E-16
1799	2.93E-16
1798	3.29E-16
1797	3.71E-16
1796	4.19E-16
1795	4.73E-16
1794	5.35E-16
1793	6.07E-16
1792	6.89E-16
1791	7.84E-16
1790	8.94E-16
1789	1.02E-15
1788	1.17E-15
1787	1.34E-15
1786	1.53E-15
1785	1.76E-15
1784	2.03E-15
1783	2.34E-15
1782	2.70E-15
1781	3.12E-15
1780	3.62E-15
1779	4.20E-15
1778	4.88E-15
1777	5.68E-15
1776	6.63E-15
1775	7.74E-15
1774	9.04E-15
1773	1.06E-14
1772	1.24E-14
1771	1.46E-14
1770	1.71E-14
1769	2.02E-14
1768	2.38E-14
1767	2.81E-14
1766	3.31E-14
1765	3.92E-14
1764	4.64E-14
1763	5.50E-14
1762	6.53E-14
1761	7.76E-14
1760	9.24E-14
1759	1.10E-13
1758	1.31E-13
1757	1.57E-13
1756	1.88E-13
1755	2.25E-13
1754	2.70E-13
1753	3.24E-13
1752	3.91E-13
1751	4.72E-13
1750	5.71E-13
1749	6.92E-13
1748	8.41E-13
1747	1.02E-12
1746	1.25E-12
1745	1.54E-12
1744	1.89E-12
1743	2.34E-12
1742	2.91E-12
1741	3.64E-12
1740	4.58E-12
1739	5.81E-12
1738	7.43E-12
1737	9.59E-12
1736	1.25E-11
1735	1.66E-11
1734	2.23E-11
1733	3.07E-11
1732	4.32E-11
1731	6.29E-11
1730	9.55E-11
1729	1.54E-10
1728	2.71E-10
1727	5.48E-10
1726	1.45E-09
1725	7.94E-09
1724	6.40E-08
1723	6.21E-09
1722	1.80E-09
1721	9.16E-10
1720	5.86E-10
1719	4.26E-10
1718	3.36E-10
1717	2.80E-10
1716	2.45E-10
1715	2.21E-10
1714	2.05E-10
1713	1.95E-10
1712	1.89E-10
1711	1.87E-10
1710	1.88E-10
1709	1.92E-10
1708	1.99E-10
1707	2.08E-10
1706	2.21E-10
1705	2.38E-10
1704	2.58E-10
1703	2.84E-10
1702	3.15E-10
1701	3.54E-10
1700	4.00E-10
1699	4.58E-10
1698	5.27E-10
1697	6.12E-10
1696	7.15E-10
1695	8.38E-10
1694	9.85E-10
1693	1.16E-09
1692	1.35E-09
1691	1.57E-09
1690	1.80E-09
1689	2.03E-09
1688	2.25E-09
1687	2.46E-09
1686	2.63E-09
1685	2.77E-09
1684	2.89E-09
1683	2.97E-09
1682	3.03E-09
1681	3.08E-09
1680	3.11E-09
1679	3.14E-09
1678	3.17E-09
1677	3.19E-09
1676	3.20E-09
1675	3.21E-09
1674	3.21E-09
1673	3.20E-09
1672	3.19E-09
1671	3.16E-09
1670	3.13E-09
1669	3.10E-09
1668	3.06E-09
1667	3.02E-09
1666	2.98E-09
1665	2.94E-09
1664	2.91E-09
1663	2.88E-09
1662	2.86E-09
1661	2.85E-09
1660	2.85E-09
1659	2.85E-09
1658	2.87E-09
1657	2.89E-09
1656	2.92E-09
1655	2.95E-09
1654	2.99E-09
1653	3.03E-09
1652	3.08E-09
1651	3.13E-09
1650	3.17E-09
1649	3.22E-09
1648	3.27E-09
1647	3.31E-09
1646	3.35E-09
1645	3.39E-09
1644	3.43E-09
1643	3.47E-09
1642	3.51E-09
1641	3.55E-09
1640	3.60E-09
1639	3.65E-09
1638	3.71E-09
1637	3.78E-09
1636	3.86E-09
1635	3.95E-09
1634	4.06E-09
1633	4.18E-09
1632	4.31E-09
1631	4.45E-09
1630	4.62E-09
1629	4.80E-09
1628	4.99E-09
1627	5.20E-09
1626	5.43E-09
1625	5.67E-09
1624	5.93E-09
1623	6.21E-09
1622	6.51E-09
1621	6.83E-09
1620	7.18E-09
1619	7.54E-09
1618	7.94E-09
1617	8.37E-09
1616	8.84E-09
1615	9.36E-09
1614	9.93E-09
1613	1.06E-08
1612	1.13E-08
1611	1.21E-08
1610	1.30E-08
1609	1.40E-08
1608	1.52E-08
1607	1.66E-08
1606	1.81E-08
1605	1.99E-08
1604	2.20E-08
1603	2.44E-08
1602	2.73E-08
1601	3.06E-08
1600	3.45E-08
1599	3.92E-08
1598	4.47E-08
1597	5.14E-08
1596	5.96E-08
1595	6.96E-08
1594	8.22E-08
1593	9.80E-08
1592	1.19E-07
1591	1.46E-07
1590	1.82E-07
1589	2.33E-07
1588	3.06E-07
1587	4.16E-07
1586	5.92E-07
1585	8.93E-07
1584	1.46E-06
1583	2.66E-06
1582	5.51E-06
1581	1.09E-05
1580	1.13E-05
1579	6.34E-06
1578	3.38E-06
1577	2.04E-06
1576	1.37E-06
1575	1.00E-06
1574	7.76E-07
1573	6.27E-07
1572	5.25E-07
1571	4.51E-07
1570	3.97E-07
1569	3.56E-07
1568	3.25E-07
1567	3.00E-07
1566	2.81E-07
1565	2.67E-07
1564	2.56E-07
1563	2.48E-07
1562	2.43E-07
1561	2.41E-07
1560	2.41E-07
1559	2.44E-07
1558	2.51E-07
1557	2.60E-07
1556	2.73E-07
1555	2.90E-07
1554	3.13E-07
1553	3.43E-07
1552	3.81E-07
1551	4.29E-07
1550	4.93E-07
1549	5.75E-07
1548	6.86E-07
1547	8.36E-07
1546	1.04E-06
1545	1.34E-06
1544	1.75E-06
1543	2.35E-06
1542	3.16E-06
1541	4.06E-06
1540	4.61E-06
1539	4.36E-06
1538	3.48E-06
1537	2.54E-06
1536	1.82E-06
1535	1.32E-06
1534	9.79E-07
1533	7.49E-07
1532	5.88E-07
1531	4.74E-07
1530	3.91E-07
1529	3.29E-07
1528	2.82E-07
1527	2.47E-07
1526	2.19E-07
1525	1.98E-07
1524	1.81E-07
1523	1.68E-07
1522	1.57E-07
1521	1.49E-07
1520	1.43E-07
1519	1.38E-07
1518	1.35E-07
1517	1.32E-07
1516	1.31E-07
1515	1.30E-07
1514	1.29E-07
1513	1.30E-07
1512	1.30E-07
1511	1.31E-07
1510	1.33E-07
1509	1.36E-07
1508	1.39E-07
1507	1.44E-07
1506	1.51E-07
1505	1.59E-07
1504	1.70E-07
1503	1.85E-07
1502	2.04E-07
1501	2.30E-07
1500	2.64E-07
1499	3.08E-07
1498	3.67E-07
1497	4.43E-07
1496	5.34E-07
1495	6.31E-07
1494	7.09E-07
1493	7.36E-07
1492	6.95E-07
1491	6.06E-07
1490	5.02E-07
1489	4.07E-07
1488	3.29E-07
1487	2.67E-07
1486	2.19E-07
1485	1.82E-07
1484	1.53E-07
1483	1.29E-07
1482	1.10E-07
1481	9.39E-08
1480	8.07E-08
1479	6.96E-08
1478	6.03E-08
1477	5.26E-08
1476	4.62E-08
1475	4.08E-08
1474	3.65E-08
1473	3.29E-08
1472	3.00E-08
1471	2.76E-08
1470	2.58E-08
1469	2.44E-08
1468	2.34E-08
1467	2.27E-08
1466	2.24E-08
1465	2.23E-08
1464	2.26E-08
1463	2.32E-08
1462	2.41E-08
1461	2.54E-08
1460	2.71E-08
1459	2.92E-08
1458	3.18E-08
1457	3.49E-08
1456	3.86E-08
1455	4.29E-08
1454	4.79E-08
1453	5.35E-08
1452	5.98E-08
1451	6.69E-08
1450	7.46E-08
1449	8.32E-08
1448	9.24E-08
1447	1.02E-07
1446	1.11E-07
1445	1.17E-07
1444	1.20E-07
1443	1.17E-07
1442	1.08E-07
1441	9.42E-08
1440	7.93E-08
1439	6.53E-08
1438	5.34E-08
1437	4.38E-08
1436	3.64E-08
1435	3.06E-08
1434	2.62E-08
1433	2.29E-08
1432	2.03E-08
1431	1.84E-08
1430	1.69E-08
1429	1.58E-08
1428	1.51E-08
1427	1.45E-08
1426	1.42E-08
1425	1.41E-08
1424	1.42E-08
1423	1.44E-08
1422	1.47E-08
1421	1.51E-08
1420	1.56E-08
1419	1.63E-08
1418	1.70E-08
1417	1.77E-08
1416	1.86E-08
1415	1.96E-08
1414	2.06E-08
1413	2.18E-08
1412	2.31E-08
1411	2.46E-08
1410	2.62E-08
1409	2.79E-08
1408	2.98E-08
1407	3.16E-08
1406	3.32E-08
1405	3.46E-08
1404	3.55E-08
1403	3.59E-08
1402	3.58E-08
1401	3.52E-08
1400	3.43E-08
1399	3.34E-08
1398	3.24E-08
1397	3.15E-08
1396	3.08E-08
1395	3.02E-08
1394	2.97E-08
1393	2.93E-08
1392	2.89E-08
1391	2.84E-08
1390	2.76E-08
1389	2.67E-08
1388	2.55E-08
1387	2.42E-08
1386	2.28E-08
1385	2.14E-08
1384	2.01E-08
1383	1.90E-08
1382	1.80E-08
1381	1.71E-08
1380	1.64E-08
1379	1.59E-08
1378	1.54E-08
1377	1.49E-08
1376	1.45E-08
1375	1.40E-08
1374	1.35E-08
1373	1.29E-08
1372	1.23E-08
1371	1.16E-08
1370	1.10E-08
1369	1.05E-08
1368	1.00E-08
1367	9.64E-09
1366	9.40E-09
1365	9.28E-09
1364	9.29E-09
1363	9.42E-09
1362	9.66E-09
1361	1.00E-08
1360	1.04E-08
1359	1.09E-08
1358	1.14E-08
1357	1.17E-08
1356	1.20E-08
1355	1.20E-08
1354	1.19E-08
1353	1.17E-08
1352	1.14E-08
1351	1.09E-08
1350	1.05E-08
1349	9.97E-09
1348	9.40E-09
1347	8.76E-09
1346	8.05E-09
1345	7.27E-09
1344	6.47E-09
1343	5.70E-09
1342	4.98E-09
1341	4.35E-09
1340	3.83E-09
1339	3.40E-09
1338	3.06E-09
1337	2.80E-09
1336	2.61E-09
1335	2.48E-09
1334	2.41E-09
1333	2.37E-09
1332	2.38E-09
1331	2.40E-09
1330	2.45E-09
1329	2.49E-09
1328	2.52E-09
1327	2.51E-09
1326	2.47E-09
1325	2.38E-09
1324	2.27E-09
1323	2.15E-09
1322	2.04E-09
1321	1.95E-09
1320	1.89E-09
1319	1.86E-09
1318	1.88E-09
1317	1.93E-09
1316	2.04E-09
1315	2.21E-09
1314	2.44E-09
1313	2.74E-09
1312	3.11E-09
1311	3.54E-09
1310	3.98E-09
1309	4.39E-09
1308	4.70E-09
1307	4.89E-09
1306	4.96E-09
1305	4.93E-09
1304	4.83E-09
1303	4.66E-09
1302	4.40E-09
1301	4.02E-09
1300	3.53E-09
1299	3.00E-09
1298	2.48E-09
1297	2.04E-09
1296	1.67E-09
1295	1.40E-09
1294	1.20E-09
1293	1.05E-09
1292	9.55E-10
1291	8.94E-10
1290	8.63E-10
1289	8.57E-10
1288	8.71E-10
1287	9.00E-10
1286	9.33E-10
1285	9.57E-10
1284	9.55E-10
1283	9.18E-10
1282	8.49E-10
1281	7.63E-10
1280	6.79E-10
1279	6.06E-10
1278	5.50E-10
1277	5.13E-10
1276	4.95E-10
1275	4.95E-10
1274	5.15E-10
1273	5.58E-10
1272	6.30E-10
1271	7.40E-10
1270	9.01E-10
1269	1.12E-09
1268	1.40E-09
1267	1.69E-09
1266	1.94E-09
1265	2.08E-09
1264	2.14E-09
1263	2.16E-09
1262	2.22E-09
1261	2.32E-09
1260	2.43E-09
1259	2.41E-09
1258	2.16E-09
1257	1.71E-09
1256	1.25E-09
1255	9.08E-10
1254	6.77E-10
1253	5.31E-10
1252	4.41E-10
1251	3.90E-10
1250	3.66E-10
1249	3.64E-10
1248	3.82E-10
1247	4.14E-10
1246	4.52E-10
1245	4.70E-10
1244	4.42E-10
1243	3.71E-10
1242	2.92E-10
1241	2.26E-10
1240	1.80E-10
1239	1.50E-10
1238	1.33E-10
1237	1.26E-10
1236	1.28E-10
1235	1.40E-10
1234	1.65E-10
1233	2.12E-10
1232	2.96E-10
1231	4.40E-10
1230	6.44E-10
1229	8.03E-10
1228	8.09E-10
1227	7.51E-10
1226	7.52E-10
1225	8.75E-10
1224	1.11E-09
1223	1.02E-09
1222	5.26E-10
1221	2.38E-10
1220	1.24E-10
1219	7.66E-11
1218	5.63E-11
1217	4.93E-11
1216	5.20E-11
1215	6.37E-11
1214	6.09E-11
1213	2.69E-11
1212	9.06E-12
1211	3.46E-12
1210	1.54E-12
1209	7.70E-13
1208	4.24E-13
1207	2.51E-13
1206	1.59E-13
1205	1.06E-13
1204	7.46E-14
1203	5.49E-14
1202	4.23E-14
1201	3.40E-14
1200	2.86E-14
1199	2.51E-14
1198	2.33E-14
1197	2.29E-14
1196	2.40E-14
1195	2.73E-14
1194	3.41E-14
1193	4.66E-14
1192	6.08E-14
1191	5.21E-14
1190	2.71E-14
1189	1.25E-14
1188	6.21E-15
1187	3.39E-15
1186	2.00E-15
1185	1.26E-15
1184	8.37E-16
1183	5.80E-16
1182	4.17E-16
1181	3.10E-16
1180	2.37E-16
1179	1.86E-16
1178	1.50E-16
1177	1.23E-16
1176	1.03E-16
1175	8.85E-17
1174	7.74E-17
1173	6.89E-17
1172	6.26E-17
1171	5.79E-17
1170	5.45E-17
1169	5.23E-17
1168	5.12E-17
1167	5.11E-17
1166	5.20E-17
1165	5.41E-17
1164	5.75E-17
1163	6.27E-17
1162	7.02E-17
1161	8.09E-17
1160	9.65E-17
1159	1.20E-16
1158	1.55E-16
1157	2.12E-16
1156	3.11E-16
1155	4.92E-16
1154	8.35E-16
1153	1.38E-15
1152	1.67E-15
1151	1.26E-15
1150	7.91E-16
1149	5.12E-16
1148	3.59E-16
1147	2.71E-16
1146	2.18E-16
1145	1.85E-16
1144	1.64E-16
1143	1.51E-16
1142	1.44E-16
1141	1.42E-16
1140	1.45E-16
1139	1.51E-16
1138	1.62E-16
1137	1.78E-16
1136	2.02E-16
1135	2.34E-16
1134	2.80E-16
1133	3.44E-16
1132	4.37E-16
1131	5.72E-16
1130	7.77E-16
1129	1.10E-15
1128	1.63E-15
1127	2.55E-15
1126	4.25E-15
1125	7.66E-15
1124	1.50E-14
1123	3.11E-14
1122	5.75E-14
1121	6.99E-14
1120	5.85E-14
1119	4.59E-14
1118	3.86E-14
1117	3.56E-14
1116	3.55E-14
1115	3.81E-14
1114	4.34E-14
1113	5.26E-14
1112	6.72E-14
1111	9.08E-14
1110	1.30E-13
1109	1.96E-13
1108	3.16E-13
1107	5.46E-13
1106	1.01E-12
1105	1.93E-12
1104	3.53E-12
1103	5.14E-12
1102	5.57E-12
1101	5.21E-12
1100	4.86E-12
1099	4.79E-12
1098	5.06E-12
1097	5.69E-12
1096	6.79E-12
1095	8.56E-12
1094	1.14E-11
1093	1.59E-11
1092	2.34E-11
1091	3.64E-11
1090	6.01E-11
1089	1.06E-10
1088	2.03E-10
1087	4.23E-10
1086	9.74E-10
1085	2.43E-09
1084	5.80E-09
1083	1.01E-08
1082	1.23E-08
1081	1.37E-08
1080	1.65E-08
1079	2.17E-08
1078	3.00E-08
1077	4.02E-08
1076	4.88E-08
1075	5.26E-08
1074	5.19E-08
1073	4.81E-08
1072	4.25E-08
1071	3.66E-08
1070	3.16E-08
1069	2.80E-08
1068	2.57E-08
1067	2.45E-08
1066	2.38E-08
1065	2.30E-08
1064	2.18E-08
1063	2.01E-08
1062	1.84E-08
1061	1.69E-08
1060	1.60E-08
1059	1.59E-08
1058	1.65E-08
1057	1.79E-08
1056	2.00E-08
1055	2.28E-08
1054	2.56E-08
1053	2.78E-08
1052	2.93E-08
1051	3.03E-08
1050	3.16E-08
1049	3.41E-08
1048	3.86E-08
1047	4.64E-08
1046	5.93E-08
1045	8.02E-08
1044	1.13E-07
1043	1.62E-07
1042	2.28E-07
1041	3.10E-07
1040	4.12E-07
1039	5.49E-07
1038	7.38E-07
1037	9.36E-07
1036	9.93E-07
1035	8.57E-07
1034	6.81E-07
1033	5.58E-07
1032	4.94E-07
1031	4.72E-07
1030	4.72E-07
1029	4.68E-07
1028	4.39E-07
1027	3.86E-07
1026	3.28E-07
1025	2.83E-07
1024	2.58E-07
1023	2.51E-07
1022	2.65E-07
1021	3.04E-07
1020	3.77E-07
1019	5.03E-07
1018	7.01E-07
1017	9.77E-07
1016	1.27E-06
1015	1.50E-06
1014	1.65E-06
1013	1.80E-06
1012	2.04E-06
1011	2.45E-06
1010	3.09E-06
1009	3.98E-06
1008	5.03E-06
1007	6.06E-06
1006	7.01E-06
1005	7.89E-06
1004	8.55E-06
1003	8.58E-06
1002	7.75E-06
1001	6.48E-06
1000	5.36E-06
999	4.63E-06
998	4.30E-06
997	4.34E-06
996	4.77E-06
995	5.68E-06
994	7.26E-06
993	9.77E-06
992	1.35E-05
991	1.84E-05
990	2.41E-05
989	3.00E-05
988	3.64E-05
987	4.37E-05
986	5.27E-05
985	6.35E-05
984	7.59E-05
983	8.88E-05
982	9.99E-05
981	1.07E-04
980	1.09E-04
979	1.08E-04
978	1.11E-04
977	1.21E-04
976	1.47E-04
975	2.02E-04
974	2.99E-04
973	3.84E-04
972	3.32E-04
971	2.28E-04
970	1.63E-04
969	1.32E-04
968	1.23E-04
967	1.31E-04
966	1.58E-04
965	2.07E-04
964	2.84E-04
963	3.73E-04
962	4.36E-04
961	4.57E-04
960	4.65E-04
959	4.90E-04
958	5.51E-04
957	6.60E-04
956	8.32E-04
955	1.09E-03
954	1.45E-03
953	1.96E-03
952	2.63E-03
951	3.40E-03
950	4.01E-03
949	4.24E-03
948	4.24E-03
947	4.30E-03
946	4.68E-03
945	5.60E-03
944	7.45E-03
943	1.10E-02
942	1.74E-02
941	2.77E-02
940	3.92E-02
939	4.58E-02
938	4.72E-02
937	4.75E-02
936	4.95E-02
935	5.40E-02
934	6.07E-02
933	6.88E-02
932	7.47E-02
931	7.39E-02
930	6.50E-02
929	5.22E-02
928	4.08E-02
927	3.28E-02
926	2.79E-02
925	2.55E-02
924	2.53E-02
923	2.68E-02
922	2.98E-02
921	3.34E-02
920	3.61E-02
919	3.74E-02
918	3.85E-02
917	4.16E-02
916	4.89E-02
915	6.24E-02
914	8.28E-02
913	1.03E-01
912	1.10E-01
911	9.97E-02
910	8.16E-02
909	6.30E-02
908	4.79E-02
907	3.69E-02
906	2.94E-02
905	2.40E-02
904	1.97E-02
903	1.62E-02
902	1.33E-02
901	1.08E-02
900	8.36E-03
899	5.97E-03
898	4.11E-03
897	2.93E-03
896	2.29E-03
895	2.01E-03
894	1.98E-03
893	2.12E-03
892	2.29E-03
891	2.31E-03
890	2.16E-03
889	2.01E-03
888	2.01E-03
887	2.22E-03
886	2.63E-03
885	3.08E-03
884	3.30E-03
883	3.15E-03
882	2.77E-03
881	2.25E-03
880	1.62E-03
879	1.01E-03
878	5.64E-04
877	2.95E-04
876	1.45E-04
875	6.41E-05
874	2.38E-05
873	7.60E-06
872	2.31E-06
871	7.42E-07
870	2.63E-07
869	1.03E-07
868	4.54E-08
867	2.21E-08
866	1.19E-08
865	7.00E-09
864	4.49E-09
863	3.12E-09
862	2.33E-09
861	1.85E-09
860	1.56E-09
859	1.36E-09
858	1.21E-09
857	1.07E-09
856	9.18E-10
855	7.50E-10
854	5.81E-10
853	4.34E-10
852	3.20E-10
851	2.39E-10
850	1.84E-10
849	1.47E-10
848	1.25E-10
847	1.12E-10
846	1.07E-10
845	1.09E-10
844	1.18E-10
843	1.37E-10
842	1.67E-10
841	2.13E-10
840	2.81E-10
839	3.75E-10
838	5.00E-10
837	6.63E-10
836	8.76E-10
835	1.17E-09
834	1.60E-09
833	2.27E-09
832	3.32E-09
831	4.99E-09
830	7.59E-09
829	1.13E-08
828	1.64E-08
827	2.26E-08
826	3.00E-08
825	3.90E-08
824	5.02E-08
823	6.44E-08
822	8.32E-08
821	1.09E-07
820	1.46E-07
819	1.97E-07
818	2.67E-07
817	3.57E-07
816	4.70E-07
815	6.10E-07
814	7.74E-07
813	9.50E-07
812	1.11E-06
811	1.22E-06
810	1.26E-06
809	1.19E-06
808	1.03E-06
807	8.15E-07
806	5.86E-07
805	3.85E-07
804	2.33E-07
803	1.32E-07
802	7.12E-08
801	3.72E-08
800	1.92E-08