5400	8.77E+01
5399	8.77E+01
5398	8.77E+01
5397	8.77E+01
5396	8.77E+01
5395	8.77E+01
5394	8.77E+01
5393	8.77E+01
5392	8.77E+01
5391	8.78E+01
5390	8.78E+01
5389	8.78E+01
5388	8.78E+01
5387	8.78E+01
5386	8.78E+01
5385	8.78E+01
5384	8.78E+01
5383	8.78E+01
5382	8.78E+01
5381	8.79E+01
5380	8.79E+01
5379	8.79E+01
5378	8.79E+01
5377	8.79E+01
5376	8.79E+01
5375	8.79E+01
5374	8.79E+01
5373	8.79E+01
5372	8.79E+01
5371	8.79E+01
5370	8.80E+01
5369	8.80E+01
5368	8.80E+01
5367	8.80E+01
5366	8.80E+01
5365	8.80E+01
5364	8.80E+01
5363	8.80E+01
5362	8.80E+01
5361	8.80E+01
5360	8.81E+01
5359	8.81E+01
5358	8.81E+01
5357	8.81E+01
5356	8.81E+01
5355	8.81E+01
5354	8.81E+01
5353	8.81E+01
5352	8.81E+01
5351	8.81E+01
5350	8.81E+01
5349	8.82E+01
5348	8.82E+01
5347	8.82E+01
5346	8.82E+01
5345	8.82E+01
5344	8.82E+01
5343	8.82E+01
5342	8.82E+01
5341	8.82E+01
5340	8.82E+01
5339	8.82E+01
5338	8.83E+01
5337	8.83E+01
5336	8.83E+01
5335	8.83E+01
5334	8.83E+01
5333	8.83E+01
5332	8.83E+01
5331	8.83E+01
5330	8.83E+01
5329	8.83E+01
5328	8.83E+01
5327	8.84E+01
5326	8.84E+01
5325	8.84E+01
5324	8.84E+01
5323	8.84E+01
5322	8.84E+01
5321	8.84E+01
5320	8.84E+01
5319	8.84E+01
5318	8.85E+01
5317	8.85E+01
5316	8.85E+01
5315	8.85E+01
5314	8.85E+01
5313	8.85E+01
5312	8.85E+01
5311	8.85E+01
5310	8.85E+01
5309	8.85E+01
5308	8.85E+01
5307	8.85E+01
5306	8.86E+01
5305	8.86E+01
5304	8.86E+01
5303	8.86E+01
5302	8.86E+01
5301	8.86E+01
5300	8.86E+01
5299	8.86E+01
5298	8.86E+01
5297	8.86E+01
5296	8.86E+01
5295	8.87E+01
5294	8.87E+01
5293	8.87E+01
5292	8.87E+01
5291	8.87E+01
5290	8.87E+01
5289	8.87E+01
5288	8.87E+01
5287	8.87E+01
5286	8.87E+01
5285	8.87E+01
5284	8.87E+01
5283	8.88E+01
5282	8.88E+01
5281	8.88E+01
5280	8.88E+01
5279	8.88E+01
5278	8.88E+01
5277	8.88E+01
5276	8.88E+01
5275	8.88E+01
5274	8.88E+01
5273	8.88E+01
5272	8.88E+01
5271	8.89E+01
5270	8.89E+01
5269	8.89E+01
5268	8.89E+01
5267	8.89E+01
5266	8.89E+01
5265	8.89E+01
5264	8.89E+01
5263	8.89E+01
5262	8.89E+01
5261	8.89E+01
5260	8.89E+01
5259	8.89E+01
5258	8.90E+01
5257	8.90E+01
5256	8.90E+01
5255	8.90E+01
5254	8.90E+01
5253	8.90E+01
5252	8.90E+01
5251	8.90E+01
5250	8.90E+01
5249	8.90E+01
5248	8.90E+01
5247	8.90E+01
5246	8.90E+01
5245	8.90E+01
5244	8.91E+01
5243	8.91E+01
5242	8.91E+01
5241	8.91E+01
5240	8.91E+01
5239	8.91E+01
5238	8.91E+01
5237	8.91E+01
5236	8.91E+01
5235	8.91E+01
5234	8.91E+01
5233	8.91E+01
5232	8.91E+01
5231	8.91E+01
5230	8.91E+01
5229	8.91E+01
5228	8.91E+01
5227	8.92E+01
5226	8.92E+01
5225	8.92E+01
5224	8.92E+01
5223	8.92E+01
5222	8.92E+01
5221	8.92E+01
5220	8.92E+01
5219	8.92E+01
5218	8.92E+01
5217	8.92E+01
5216	8.92E+01
5215	8.92E+01
5214	8.92E+01
5213	8.92E+01
5212	8.92E+01
5211	8.92E+01
5210	8.92E+01
5209	8.92E+01
5208	8.93E+01
5207	8.93E+01
5206	8.93E+01
5205	8.93E+01
5204	8.93E+01
5203	8.93E+01
5202	8.93E+01
5201	8.93E+01
5200	8.93E+01
5199	8.93E+01
5198	8.93E+01
5197	8.93E+01
5196	8.93E+01
5195	8.93E+01
5194	8.93E+01
5193	8.93E+01
5192	8.93E+01
5191	8.93E+01
5190	8.93E+01
5189	8.94E+01
5188	8.94E+01
5187	8.94E+01
5186	8.94E+01
5185	8.94E+01
5184	8.94E+01
5183	8.94E+01
5182	8.94E+01
5181	8.94E+01
5180	8.94E+01
5179	8.94E+01
5178	8.94E+01
5177	8.94E+01
5176	8.94E+01
5175	8.94E+01
5174	8.94E+01
5173	8.94E+01
5172	8.94E+01
5171	8.94E+01
5170	8.94E+01
5169	8.94E+01
5168	8.94E+01
5167	8.94E+01
5166	8.94E+01
5165	8.94E+01
5164	8.94E+01
5163	8.94E+01
5162	8.95E+01
5161	8.95E+01
5160	8.95E+01
5159	8.95E+01
5158	8.95E+01
5157	8.95E+01
5156	8.95E+01
5155	8.95E+01
5154	8.95E+01
5153	8.95E+01
5152	8.95E+01
5151	8.95E+01
5150	8.95E+01
5149	8.95E+01
5148	8.95E+01
5147	8.95E+01
5146	8.95E+01
5145	8.95E+01
5144	8.95E+01
5143	8.95E+01
5142	8.95E+01
5141	8.95E+01
5140	8.95E+01
5139	8.95E+01
5138	8.95E+01
5137	8.95E+01
5136	8.95E+01
5135	8.95E+01
5134	8.96E+01
5133	8.96E+01
5132	8.96E+01
5131	8.96E+01
5130	8.96E+01
5129	8.96E+01
5128	8.96E+01
5127	8.96E+01
5126	8.96E+01
5125	8.96E+01
5124	8.96E+01
5123	8.96E+01
5122	8.96E+01
5121	8.96E+01
5120	8.96E+01
5119	8.96E+01
5118	8.96E+01
5117	8.96E+01
5116	8.96E+01
5115	8.96E+01
5114	8.96E+01
5113	8.96E+01
5112	8.96E+01
5111	8.96E+01
5110	8.96E+01
5109	8.97E+01
5108	8.97E+01
5107	8.97E+01
5106	8.97E+01
5105	8.97E+01
5104	8.97E+01
5103	8.97E+01
5102	8.97E+01
5101	8.97E+01
5100	8.97E+01
5099	8.97E+01
5098	8.97E+01
5097	8.97E+01
5096	8.97E+01
5095	8.97E+01
5094	8.97E+01
5093	8.97E+01
5092	8.97E+01
5091	8.97E+01
5090	8.97E+01
5089	8.98E+01
5088	8.98E+01
5087	8.98E+01
5086	8.98E+01
5085	8.98E+01
5084	8.98E+01
5083	8.98E+01
5082	8.98E+01
5081	8.98E+01
5080	8.98E+01
5079	8.98E+01
5078	8.98E+01
5077	8.98E+01
5076	8.98E+01
5075	8.98E+01
5074	8.98E+01
5073	8.99E+01
5072	8.99E+01
5071	8.99E+01
5070	8.99E+01
5069	8.99E+01
5068	8.99E+01
5067	8.99E+01
5066	8.99E+01
5065	8.99E+01
5064	8.99E+01
5063	8.99E+01
5062	8.99E+01
5061	8.99E+01
5060	8.99E+01
5059	9.00E+01
5058	9.00E+01
5057	9.00E+01
5056	9.00E+01
5055	9.00E+01
5054	9.00E+01
5053	9.00E+01
5052	9.00E+01
5051	9.00E+01
5050	9.00E+01
5049	9.01E+01
5048	9.01E+01
5047	9.01E+01
5046	9.01E+01
5045	9.01E+01
5044	9.01E+01
5043	9.01E+01
5042	9.01E+01
5041	9.01E+01
5040	9.01E+01
5039	9.01E+01
5038	9.02E+01
5037	9.02E+01
5036	9.02E+01
5035	9.02E+01
5034	9.02E+01
5033	9.02E+01
5032	9.02E+01
5031	9.02E+01
5030	9.02E+01
5029	9.02E+01
5028	9.03E+01
5027	9.03E+01
5026	9.03E+01
5025	9.03E+01
5024	9.03E+01
5023	9.03E+01
5022	9.03E+01
5021	9.03E+01
5020	9.03E+01
5019	9.03E+01
5018	9.04E+01
5017	9.04E+01
5016	9.04E+01
5015	9.04E+01
5014	9.04E+01
5013	9.04E+01
5012	9.04E+01
5011	9.04E+01
5010	9.04E+01
5009	9.05E+01
5008	9.05E+01
5007	9.05E+01
5006	9.05E+01
5005	9.05E+01
5004	9.05E+01
5003	9.05E+01
5002	9.06E+01
5001	9.06E+01
5000	9.06E+01
4999	9.06E+01
4998	9.06E+01
4997	9.07E+01
4996	9.07E+01
4995	9.07E+01
4994	9.08E+01
4993	9.08E+01
4992	9.08E+01
4991	9.09E+01
4990	9.09E+01
4989	9.09E+01
4988	9.10E+01
4987	9.10E+01
4986	9.10E+01
4985	9.11E+01
4984	9.11E+01
4983	9.11E+01
4982	9.12E+01
4981	9.12E+01
4980	9.12E+01
4979	9.13E+01
4978	9.13E+01
4977	9.13E+01
4976	9.14E+01
4975	9.14E+01
4974	9.15E+01
4973	9.15E+01
4972	9.15E+01
4971	9.16E+01
4970	9.16E+01
4969	9.16E+01
4968	9.17E+01
4967	9.17E+01
4966	9.17E+01
4965	9.18E+01
4964	9.18E+01
4963	9.18E+01
4962	9.19E+01
4961	9.19E+01
4960	9.19E+01
4959	9.20E+01
4958	9.20E+01
4957	9.20E+01
4956	9.21E+01
4955	9.21E+01
4954	9.22E+01
4953	9.22E+01
4952	9.22E+01
4951	9.23E+01
4950	9.23E+01
4949	9.23E+01
4948	9.24E+01
4947	9.24E+01
4946	9.24E+01
4945	9.24E+01
4944	9.25E+01
4943	9.25E+01
4942	9.26E+01
4941	9.26E+01
4940	9.26E+01
4939	9.27E+01
4938	9.27E+01
4937	9.27E+01
4936	9.28E+01
4935	9.28E+01
4934	9.28E+01
4933	9.29E+01
4932	9.29E+01
4931	9.29E+01
4930	9.30E+01
4929	9.30E+01
4928	9.30E+01
4927	9.31E+01
4926	9.31E+01
4925	9.31E+01
4924	9.32E+01
4923	9.32E+01
4922	9.32E+01
4921	9.33E+01
4920	9.33E+01
4919	9.33E+01
4918	9.34E+01
4917	9.34E+01
4916	9.34E+01
4915	9.35E+01
4914	9.35E+01
4913	9.35E+01
4912	9.36E+01
4911	9.36E+01
4910	9.36E+01
4909	9.37E+01
4908	9.37E+01
4907	9.37E+01
4906	9.38E+01
4905	9.38E+01
4904	9.38E+01
4903	9.39E+01
4902	9.39E+01
4901	9.40E+01
4900	9.40E+01
4899	9.40E+01
4898	9.41E+01
4897	9.41E+01
4896	9.41E+01
4895	9.41E+01
4894	9.42E+01
4893	9.42E+01
4892	9.43E+01
4891	9.43E+01
4890	9.43E+01
4889	9.43E+01
4888	9.44E+01
4887	9.44E+01
4886	9.44E+01
4885	9.45E+01
4884	9.45E+01
4883	9.45E+01
4882	9.46E+01
4881	9.46E+01
4880	9.46E+01
4879	9.47E+01
4878	9.47E+01
4877	9.47E+01
4876	9.48E+01
4875	9.48E+01
4874	9.48E+01
4873	9.49E+01
4872	9.49E+01
4871	9.49E+01
4870	9.50E+01
4869	9.50E+01
4868	9.50E+01
4867	9.50E+01
4866	9.51E+01
4865	9.51E+01
4864	9.51E+01
4863	9.52E+01
4862	9.52E+01
4861	9.52E+01
4860	9.53E+01
4859	9.53E+01
4858	9.53E+01
4857	9.53E+01
4856	9.54E+01
4855	9.54E+01
4854	9.54E+01
4853	9.55E+01
4852	9.55E+01
4851	9.55E+01
4850	9.56E+01
4849	9.56E+01
4848	9.56E+01
4847	9.57E+01
4846	9.57E+01
4845	9.57E+01
4844	9.57E+01
4843	9.58E+01
4842	9.58E+01
4841	9.58E+01
4840	9.59E+01
4839	9.59E+01
4838	9.59E+01
4837	9.59E+01
4836	9.60E+01
4835	9.60E+01
4834	9.60E+01
4833	9.61E+01
4832	9.61E+01
4831	9.61E+01
4830	9.62E+01
4829	9.62E+01
4828	9.62E+01
4827	9.62E+01
4826	9.63E+01
4825	9.63E+01
4824	9.63E+01
4823	9.64E+01
4822	9.64E+01
4821	9.64E+01
4820	9.64E+01
4819	9.65E+01
4818	9.65E+01
4817	9.65E+01
4816	9.66E+01
4815	9.66E+01
4814	9.66E+01
4813	9.67E+01
4812	9.67E+01
4811	9.67E+01
4810	9.68E+01
4809	9.68E+01
4808	9.68E+01
4807	9.68E+01
4806	9.69E+01
4805	9.69E+01
4804	9.69E+01
4803	9.69E+01
4802	9.69E+01
4801	9.70E+01
4800	9.70E+01
4799	9.70E+01
4798	9.70E+01
4797	9.70E+01
4796	9.71E+01
4795	9.71E+01
4794	9.71E+01
4793	9.71E+01
4792	9.71E+01
4791	9.72E+01
4790	9.72E+01
4789	9.72E+01
4788	9.72E+01
4787	9.73E+01
4786	9.73E+01
4785	9.73E+01
4784	9.73E+01
4783	9.74E+01
4782	9.74E+01
4781	9.74E+01
4780	9.74E+01
4779	9.75E+01
4778	9.75E+01
4777	9.75E+01
4776	9.75E+01
4775	9.76E+01
4774	9.76E+01
4773	9.76E+01
4772	9.76E+01
4771	9.77E+01
4770	9.77E+01
4769	9.77E+01
4768	9.77E+01
4767	9.78E+01
4766	9.78E+01
4765	9.78E+01
4764	9.79E+01
4763	9.79E+01
4762	9.79E+01
4761	9.79E+01
4760	9.80E+01
4759	9.80E+01
4758	9.80E+01
4757	9.81E+01
4756	9.81E+01
4755	9.81E+01
4754	9.82E+01
4753	9.82E+01
4752	9.82E+01
4751	9.82E+01
4750	9.83E+01
4749	9.83E+01
4748	9.83E+01
4747	9.84E+01
4746	9.84E+01
4745	9.84E+01
4744	9.84E+01
4743	9.85E+01
4742	9.85E+01
4741	9.85E+01
4740	9.86E+01
4739	9.86E+01
4738	9.86E+01
4737	9.86E+01
4736	9.86E+01
4735	9.87E+01
4734	9.87E+01
4733	9.87E+01
4732	9.87E+01
4731	9.87E+01
4730	9.87E+01
4729	9.87E+01
4728	9.87E+01
4727	9.88E+01
4726	9.88E+01
4725	9.88E+01
4724	9.88E+01
4723	9.88E+01
4722	9.88E+01
4721	9.89E+01
4720	9.89E+01
4719	9.89E+01
4718	9.89E+01
4717	9.89E+01
4716	9.89E+01
4715	9.89E+01
4714	9.89E+01
4713	9.90E+01
4712	9.90E+01
4711	9.90E+01
4710	9.90E+01
4709	9.90E+01
4708	9.90E+01
4707	9.91E+01
4706	9.91E+01
4705	9.91E+01
4704	9.91E+01
4703	9.91E+01
4702	9.91E+01
4701	9.91E+01
4700	9.92E+01
4699	9.92E+01
4698	9.92E+01
4697	9.92E+01
4696	9.92E+01
4695	9.92E+01
4694	9.92E+01
4693	9.92E+01
4692	9.92E+01
4691	9.92E+01
4690	9.92E+01
4689	9.92E+01
4688	9.92E+01
4687	9.92E+01
4686	9.92E+01
4685	9.92E+01
4684	9.92E+01
4683	9.92E+01
4682	9.92E+01
4681	9.92E+01
4680	9.92E+01
4679	9.92E+01
4678	9.92E+01
4677	9.92E+01
4676	9.92E+01
4675	9.92E+01
4674	9.92E+01
4673	9.92E+01
4672	9.92E+01
4671	9.92E+01
4670	9.92E+01
4669	9.92E+01
4668	9.92E+01
4667	9.92E+01
4666	9.92E+01
4665	9.92E+01
4664	9.92E+01
4663	9.92E+01
4662	9.92E+01
4661	9.92E+01
4660	9.92E+01
4659	9.92E+01
4658	9.92E+01
4657	9.92E+01
4656	9.92E+01
4655	9.92E+01
4654	9.91E+01
4653	9.91E+01
4652	9.91E+01
4651	9.91E+01
4650	9.91E+01
4649	9.91E+01
4648	9.91E+01
4647	9.91E+01
4646	9.91E+01
4645	9.91E+01
4644	9.91E+01
4643	9.91E+01
4642	9.90E+01
4641	9.90E+01
4640	9.90E+01
4639	9.90E+01
4638	9.90E+01
4637	9.90E+01
4636	9.90E+01
4635	9.90E+01
4634	9.90E+01
4633	9.90E+01
4632	9.90E+01
4631	9.90E+01
4630	9.90E+01
4629	9.89E+01
4628	9.89E+01
4627	9.89E+01
4626	9.89E+01
4625	9.89E+01
4624	9.89E+01
4623	9.89E+01
4622	9.89E+01
4621	9.89E+01
4620	9.89E+01
4619	9.89E+01
4618	9.89E+01
4617	9.89E+01
4616	9.89E+01
4615	9.89E+01
4614	9.89E+01
4613	9.89E+01
4612	9.89E+01
4611	9.89E+01
4610	9.89E+01
4609	9.89E+01
4608	9.89E+01
4607	9.89E+01
4606	9.89E+01
4605	9.89E+01
4604	9.90E+01
4603	9.90E+01
4602	9.90E+01
4601	9.90E+01
4600	9.90E+01
4599	9.90E+01
4598	9.90E+01
4597	9.91E+01
4596	9.91E+01
4595	9.91E+01
4594	9.91E+01
4593	9.92E+01
4592	9.92E+01
4591	9.92E+01
4590	9.92E+01
4589	9.92E+01
4588	9.92E+01
4587	9.93E+01
4586	9.93E+01
4585	9.93E+01
4584	9.93E+01
4583	9.93E+01
4582	9.93E+01
4581	9.93E+01
4580	9.93E+01
4579	9.93E+01
4578	9.93E+01
4577	9.93E+01
4576	9.92E+01
4575	9.92E+01
4574	9.92E+01
4573	9.92E+01
4572	9.92E+01
4571	9.91E+01
4570	9.91E+01
4569	9.90E+01
4568	9.90E+01
4567	9.89E+01
4566	9.89E+01
4565	9.88E+01
4564	9.87E+01
4563	9.86E+01
4562	9.85E+01
4561	9.84E+01
4560	9.83E+01
4559	9.82E+01
4558	9.80E+01
4557	9.79E+01
4556	9.77E+01
4555	9.75E+01
4554	9.73E+01
4553	9.71E+01
4552	9.69E+01
4551	9.66E+01
4550	9.63E+01
4549	9.60E+01
4548	9.57E+01
4547	9.54E+01
4546	9.50E+01
4545	9.46E+01
4544	9.42E+01
4543	9.38E+01
4542	9.33E+01
4541	9.29E+01
4540	9.23E+01
4539	9.18E+01
4538	9.12E+01
4537	9.07E+01
4536	9.00E+01
4535	8.94E+01
4534	8.87E+01
4533	8.80E+01
4532	8.72E+01
4531	8.64E+01
4530	8.56E+01
4529	8.48E+01
4528	8.39E+01
4527	8.30E+01
4526	8.21E+01
4525	8.11E+01
4524	8.01E+01
4523	7.90E+01
4522	7.80E+01
4521	7.69E+01
4520	7.58E+01
4519	7.46E+01
4518	7.35E+01
4517	7.23E+01
4516	7.11E+01
4515	6.98E+01
4514	6.86E+01
4513	6.73E+01
4512	6.60E+01
4511	6.47E+01
4510	6.34E+01
4509	6.21E+01
4508	6.08E+01
4507	5.95E+01
4506	5.81E+01
4505	5.68E+01
4504	5.55E+01
4503	5.41E+01
4502	5.28E+01
4501	5.15E+01
4500	5.02E+01
4499	4.89E+01
4498	4.76E+01
4497	4.63E+01
4496	4.50E+01
4495	4.38E+01
4494	4.25E+01
4493	4.13E+01
4492	4.01E+01
4491	3.89E+01
4490	3.78E+01
4489	3.66E+01
4488	3.55E+01
4487	3.44E+01
4486	3.33E+01
4485	3.23E+01
4484	3.12E+01
4483	3.02E+01
4482	2.93E+01
4481	2.83E+01
4480	2.74E+01
4479	2.65E+01
4478	2.56E+01
4477	2.47E+01
4476	2.39E+01
4475	2.31E+01
4474	2.23E+01
4473	2.15E+01
4472	2.08E+01
4471	2.01E+01
4470	1.94E+01
4469	1.87E+01
4468	1.81E+01
4467	1.74E+01
4466	1.68E+01
4465	1.62E+01
4464	1.57E+01
4463	1.51E+01
4462	1.46E+01
4461	1.41E+01
4460	1.36E+01
4459	1.31E+01
4458	1.26E+01
4457	1.22E+01
4456	1.17E+01
4455	1.13E+01
4454	1.09E+01
4453	1.05E+01
4452	1.02E+01
4451	9.79E+00
4450	9.44E+00
4449	9.11E+00
4448	8.79E+00
4447	8.48E+00
4446	8.18E+00
4445	7.89E+00
4444	7.61E+00
4443	7.34E+00
4442	7.08E+00
4441	6.83E+00
4440	6.59E+00
4439	6.36E+00
4438	6.14E+00
4437	5.92E+00
4436	5.72E+00
4435	5.52E+00
4434	5.32E+00
4433	5.14E+00
4432	4.96E+00
4431	4.79E+00
4430	4.62E+00
4429	4.47E+00
4428	4.31E+00
4427	4.16E+00
4426	4.02E+00
4425	3.88E+00
4424	3.75E+00
4423	3.62E+00
4422	3.50E+00
4421	3.38E+00
4420	3.27E+00
4419	3.16E+00
4418	3.05E+00
4417	2.95E+00
4416	2.85E+00
4415	2.75E+00
4414	2.66E+00
4413	2.57E+00
4412	2.49E+00
4411	2.41E+00
4410	2.33E+00
4409	2.25E+00
4408	2.18E+00
4407	2.10E+00
4406	2.04E+00
4405	1.97E+00
4404	1.91E+00
4403	1.84E+00
4402	1.78E+00
4401	1.73E+00
4400	1.67E+00
4399	1.62E+00
4398	1.57E+00
4397	1.52E+00
4396	1.47E+00
4395	1.42E+00
4394	1.37E+00
4393	1.33E+00
4392	1.29E+00
4391	1.25E+00
4390	1.21E+00
4389	1.17E+00
4388	1.14E+00
4387	1.10E+00
4386	1.07E+00
4385	1.03E+00
4384	1.00E+00
4383	9.70E-01
4382	9.40E-01
4381	9.11E-01
4380	8.83E-01
4379	8.56E-01
4378	8.30E-01
4377	8.05E-01
4376	7.80E-01
4375	7.56E-01
4374	7.34E-01
4373	7.12E-01
4372	6.90E-01
4371	6.69E-01
4370	6.49E-01
4369	6.30E-01
4368	6.11E-01
4367	5.93E-01
4366	5.76E-01
4365	5.59E-01
4364	5.42E-01
4363	5.26E-01
4362	5.11E-01
4361	4.96E-01
4360	4.81E-01
4359	4.67E-01
4358	4.54E-01
4357	4.41E-01
4356	4.28E-01
4355	4.15E-01
4354	4.03E-01
4353	3.92E-01
4352	3.81E-01
4351	3.70E-01
4350	3.59E-01
4349	3.49E-01
4348	3.39E-01
4347	3.29E-01
4346	3.20E-01
4345	3.11E-01
4344	3.02E-01
4343	2.94E-01
4342	2.86E-01
4341	2.78E-01
4340	2.70E-01
4339	2.62E-01
4338	2.55E-01
4337	2.48E-01
4336	2.41E-01
4335	2.35E-01
4334	2.28E-01
4333	2.22E-01
4332	2.16E-01
4331	2.10E-01
4330	2.04E-01
4329	1.99E-01
4328	1.93E-01
4327	1.88E-01
4326	1.83E-01
4325	1.78E-01
4324	1.73E-01
4323	1.68E-01
4322	1.64E-01
4321	1.60E-01
4320	1.55E-01
4319	1.51E-01
4318	1.47E-01
4317	1.43E-01
4316	1.39E-01
4315	1.36E-01
4314	1.32E-01
4313	1.29E-01
4312	1.25E-01
4311	1.22E-01
4310	1.19E-01
4309	1.16E-01
4308	1.13E-01
4307	1.10E-01
4306	1.07E-01
4305	1.04E-01
4304	1.01E-01
4303	9.88E-02
4302	9.63E-02
4301	9.38E-02
4300	9.14E-02
4299	8.91E-02
4298	8.68E-02
4297	8.46E-02
4296	8.24E-02
4295	8.03E-02
4294	7.83E-02
4293	7.63E-02
4292	7.44E-02
4291	7.25E-02
4290	7.07E-02
4289	6.89E-02
4288	6.72E-02
4287	6.55E-02
4286	6.39E-02
4285	6.23E-02
4284	6.07E-02
4283	5.92E-02
4282	5.78E-02
4281	5.63E-02
4280	5.49E-02
4279	5.36E-02
4278	5.23E-02
4277	5.10E-02
4276	4.97E-02
4275	4.85E-02
4274	4.73E-02
4273	4.62E-02
4272	4.51E-02
4271	4.40E-02
4270	4.29E-02
4269	4.19E-02
4268	4.08E-02
4267	3.99E-02
4266	3.89E-02
4265	3.80E-02
4264	3.71E-02
4263	3.62E-02
4262	3.53E-02
4261	3.45E-02
4260	3.36E-02
4259	3.28E-02
4258	3.21E-02
4257	3.13E-02
4256	3.06E-02
4255	2.98E-02
4254	2.91E-02
4253	2.85E-02
4252	2.78E-02
4251	2.71E-02
4250	2.65E-02
4249	2.59E-02
4248	2.53E-02
4247	2.47E-02
4246	2.41E-02
4245	2.36E-02
4244	2.30E-02
4243	2.25E-02
4242	2.20E-02
4241	2.15E-02
4240	2.10E-02
4239	2.05E-02
4238	2.00E-02
4237	1.96E-02
4236	1.91E-02
4235	1.87E-02
4234	1.82E-02
4233	1.78E-02
4232	1.74E-02
4231	1.70E-02
4230	1.66E-02
4229	1.63E-02
4228	1.59E-02
4227	1.55E-02
4226	1.52E-02
4225	1.49E-02
4224	1.45E-02
4223	1.42E-02
4222	1.39E-02
4221	1.36E-02
4220	1.33E-02
4219	1.30E-02
4218	1.27E-02
4217	1.24E-02
4216	1.21E-02
4215	1.19E-02
4214	1.16E-02
4213	1.13E-02
4212	1.11E-02
4211	1.09E-02
4210	1.06E-02
4209	1.04E-02
4208	1.02E-02
4207	9.94E-03
4206	9.72E-03
4205	9.51E-03
4204	9.30E-03
4203	9.10E-03
4202	8.90E-03
4201	8.71E-03
4200	8.53E-03
4199	8.34E-03
4198	8.16E-03
4197	7.99E-03
4196	7.81E-03
4195	7.65E-03
4194	7.49E-03
4193	7.33E-03
4192	7.17E-03
4191	7.02E-03
4190	6.87E-03
4189	6.72E-03
4188	6.58E-03
4187	6.44E-03
4186	6.31E-03
4185	6.17E-03
4184	6.04E-03
4183	5.92E-03
4182	5.79E-03
4181	5.67E-03
4180	5.55E-03
4179	5.44E-03
4178	5.32E-03
4177	5.21E-03
4176	5.10E-03
4175	5.00E-03
4174	4.89E-03
4173	4.79E-03
4172	4.69E-03
4171	4.60E-03
4170	4.50E-03
4169	4.41E-03
4168	4.32E-03
4167	4.23E-03
4166	4.14E-03
4165	4.06E-03
4164	3.98E-03
4163	3.89E-03
4162	3.82E-03
4161	3.74E-03
4160	3.66E-03
4159	3.59E-03
4158	3.51E-03
4157	3.44E-03
4156	3.37E-03
4155	3.31E-03
4154	3.24E-03
4153	3.17E-03
4152	3.11E-03
4151	3.05E-03
4150	2.99E-03
4149	2.93E-03
4148	2.87E-03
4147	2.81E-03
4146	2.76E-03
4145	2.70E-03
4144	2.65E-03
4143	2.60E-03
4142	2.54E-03
4141	2.49E-03
4140	2.44E-03
4139	2.40E-03
4138	2.35E-03
4137	2.30E-03
4136	2.26E-03
4135	2.21E-03
4134	2.17E-03
4133	2.13E-03
4132	2.09E-03
4131	2.05E-03
4130	2.01E-03
4129	1.97E-03
4128	1.93E-03
4127	1.89E-03
4126	1.85E-03
4125	1.82E-03
4124	1.78E-03
4123	1.75E-03
4122	1.72E-03
4121	1.68E-03
4120	1.65E-03
4119	1.62E-03
4118	1.59E-03
4117	1.56E-03
4116	1.53E-03
4115	1.50E-03
4114	1.47E-03
4113	1.44E-03
4112	1.41E-03
4111	1.39E-03
4110	1.36E-03
4109	1.34E-03
4108	1.31E-03
4107	1.29E-03
4106	1.26E-03
4105	1.24E-03
4104	1.21E-03
4103	1.19E-03
4102	1.17E-03
4101	1.15E-03
4100	1.13E-03
4099	1.11E-03
4098	1.08E-03
4097	1.06E-03
4096	1.04E-03
4095	1.03E-03
4094	1.01E-03
4093	9.87E-04
4092	9.69E-04
4091	9.51E-04
4090	9.33E-04
4089	9.16E-04
4088	8.99E-04
4087	8.83E-04
4086	8.67E-04
4085	8.51E-04
4084	8.35E-04
4083	8.20E-04
4082	8.05E-04
4081	7.90E-04
4080	7.76E-04
4079	7.62E-04
4078	7.48E-04
4077	7.34E-04
4076	7.21E-04
4075	7.08E-04
4074	6.95E-04
4073	6.83E-04
4072	6.70E-04
4071	6.58E-04
4070	6.47E-04
4069	6.35E-04
4068	6.23E-04
4067	6.12E-04
4066	6.01E-04
4065	5.91E-04
4064	5.80E-04
4063	5.70E-04
4062	5.60E-04
4061	5.50E-04
4060	5.40E-04
4059	5.30E-04
4058	5.21E-04
4057	5.12E-04
4056	5.03E-04
4055	4.94E-04
4054	4.85E-04
4053	4.77E-04
4052	4.68E-04
4051	4.60E-04
4050	4.52E-04
4049	4.44E-04
4048	4.36E-04
4047	4.29E-04
4046	4.21E-04
4045	4.14E-04
4044	4.07E-04
4043	4.00E-04
4042	3.93E-04
4041	3.86E-04
4040	3.79E-04
4039	3.73E-04
4038	3.66E-04
4037	3.60E-04
4036	3.54E-04
4035	3.48E-04
4034	3.42E-04
4033	3.36E-04
4032	3.30E-04
4031	3.24E-04
4030	3.19E-04
4029	3.14E-04
4028	3.08E-04
4027	3.03E-04
4026	2.98E-04
4025	2.93E-04
4024	2.88E-04
4023	2.83E-04
4022	2.78E-04
4021	2.73E-04
4020	2.69E-04
4019	2.64E-04
4018	2.60E-04
4017	2.56E-04
4016	2.51E-04
4015	2.47E-04
4014	2.43E-04
4013	2.39E-04
4012	2.35E-04
4011	2.31E-04
4010	2.27E-04
4009	2.23E-04
4008	2.20E-04
4007	2.16E-04
4006	2.12E-04
4005	2.09E-04
4004	2.05E-04
4003	2.02E-04
4002	1.99E-04
4001	1.95E-04
4000	1.92E-04
3999	1.89E-04
3998	1.86E-04
3997	1.83E-04
3996	1.80E-04
3995	1.77E-04
3994	1.74E-04
3993	1.71E-04
3992	1.68E-04
3991	1.66E-04
3990	1.63E-04
3989	1.60E-04
3988	1.58E-04
3987	1.55E-04
3986	1.53E-04
3985	1.50E-04
3984	1.48E-04
3983	1.45E-04
3982	1.43E-04
3981	1.41E-04
3980	1.39E-04
3979	1.36E-04
3978	1.34E-04
3977	1.32E-04
3976	1.30E-04
3975	1.28E-04
3974	1.26E-04
3973	1.24E-04
3972	1.22E-04
3971	1.20E-04
3970	1.18E-04
3969	1.16E-04
3968	1.14E-04
3967	1.12E-04
3966	1.11E-04
3965	1.09E-04
3964	1.07E-04
3963	1.06E-04
3962	1.04E-04
3961	1.02E-04
3960	1.01E-04
3959	9.91E-05
3958	9.75E-05
3957	9.60E-05
3956	9.45E-05
3955	9.30E-05
3954	9.16E-05
3953	9.02E-05
3952	8.88E-05
3951	8.74E-05
3950	8.61E-05
3949	8.47E-05
3948	8.34E-05
3947	8.21E-05
3946	8.09E-05
3945	7.96E-05
3944	7.84E-05
3943	7.72E-05
3942	7.60E-05
3941	7.49E-05
3940	7.37E-05
3939	7.26E-05
3938	7.15E-05
3937	7.04E-05
3936	6.93E-05
3935	6.83E-05
3934	6.72E-05
3933	6.62E-05
3932	6.52E-05
3931	6.42E-05
3930	6.33E-05
3929	6.23E-05
3928	6.14E-05
3927	6.04E-05
3926	5.95E-05
3925	5.86E-05
3924	5.78E-05
3923	5.69E-05
3922	5.60E-05
3921	5.52E-05
3920	5.44E-05
3919	5.36E-05
3918	5.28E-05
3917	5.20E-05
3916	5.12E-05
3915	5.05E-05
3914	4.97E-05
3913	4.90E-05
3912	4.83E-05
3911	4.75E-05
3910	4.68E-05
3909	4.62E-05
3908	4.55E-05
3907	4.48E-05
3906	4.41E-05
3905	4.35E-05
3904	4.29E-05
3903	4.22E-05
3902	4.16E-05
3901	4.10E-05
3900	4.04E-05
3899	3.98E-05
3898	3.92E-05
3897	3.87E-05
3896	3.81E-05
3895	3.76E-05
3894	3.70E-05
3893	3.65E-05
3892	3.60E-05
3891	3.54E-05
3890	3.49E-05
3889	3.44E-05
3888	3.39E-05
3887	3.35E-05
3886	3.30E-05
3885	3.25E-05
3884	3.20E-05
3883	3.16E-05
3882	3.11E-05
3881	3.07E-05
3880	3.02E-05
3879	2.98E-05
3878	2.94E-05
3877	2.90E-05
3876	2.86E-05
3875	2.82E-05
3874	2.78E-05
3873	2.74E-05
3872	2.70E-05
3871	2.66E-05
3870	2.62E-05
3869	2.59E-05
3868	2.55E-05
3867	2.52E-05
3866	2.48E-05
3865	2.45E-05
3864	2.41E-05
3863	2.38E-05
3862	2.34E-05
3861	2.31E-05
3860	2.28E-05
3859	2.25E-05
3858	2.22E-05
3857	2.19E-05
3856	2.16E-05
3855	2.13E-05
3854	2.10E-05
3853	2.07E-05
3852	2.04E-05
3851	2.01E-05
3850	1.99E-05
3849	1.96E-05
3848	1.93E-05
3847	1.90E-05
3846	1.88E-05
3845	1.85E-05
3844	1.83E-05
3843	1.80E-05
3842	1.78E-05
3841	1.75E-05
3840	1.73E-05
3839	1.71E-05
3838	1.68E-05
3837	1.66E-05
3836	1.64E-05
3835	1.62E-05
3834	1.60E-05
3833	1.57E-05
3832	1.55E-05
3831	1.53E-05
3830	1.51E-05
3829	1.49E-05
3828	1.47E-05
3827	1.45E-05
3826	1.43E-05
3825	1.41E-05
3824	1.40E-05
3823	1.38E-05
3822	1.36E-05
3821	1.34E-05
3820	1.32E-05
3819	1.31E-05
3818	1.29E-05
3817	1.27E-05
3816	1.25E-05
3815	1.24E-05
3814	1.22E-05
3813	1.21E-05
3812	1.19E-05
3811	1.17E-05
3810	1.16E-05
3809	1.14E-05
3808	1.13E-05
3807	1.11E-05
3806	1.10E-05
3805	1.09E-05
3804	1.07E-05
3803	1.06E-05
3802	1.04E-05
3801	1.03E-05
3800	1.02E-05
3799	1.00E-05
3798	9.92E-06
3797	9.79E-06
3796	9.66E-06
3795	9.54E-06
3794	9.42E-06
3793	9.30E-06
3792	9.18E-06
3791	9.06E-06
3790	8.95E-06
3789	8.83E-06
3788	8.72E-06
3787	8.61E-06
3786	8.51E-06
3785	8.40E-06
3784	8.29E-06
3783	8.19E-06
3782	8.08E-06
3781	7.98E-06
3780	7.88E-06
3779	7.78E-06
3778	7.69E-06
3777	7.59E-06
3776	7.50E-06
3775	7.40E-06
3774	7.31E-06
3773	7.22E-06
3772	7.13E-06
3771	7.04E-06
3770	6.96E-06
3769	6.87E-06
3768	6.78E-06
3767	6.70E-06
3766	6.62E-06
3765	6.54E-06
3764	6.46E-06
3763	6.38E-06
3762	6.30E-06
3761	6.22E-06
3760	6.15E-06
3759	6.07E-06
3758	6.00E-06
3757	5.92E-06
3756	5.85E-06
3755	5.78E-06
3754	5.71E-06
3753	5.64E-06
3752	5.57E-06
3751	5.51E-06
3750	5.44E-06
3749	5.37E-06
3748	5.31E-06
3747	5.25E-06
3746	5.18E-06
3745	5.12E-06
3744	5.06E-06
3743	5.00E-06
3742	4.94E-06
3741	4.88E-06
3740	4.82E-06
3739	4.77E-06
3738	4.71E-06
3737	4.65E-06
3736	4.60E-06
3735	4.54E-06
3734	4.49E-06
3733	4.44E-06
3732	4.39E-06
3731	4.33E-06
3730	4.28E-06
3729	4.23E-06
3728	4.18E-06
3727	4.13E-06
3726	4.09E-06
3725	4.04E-06
3724	3.99E-06
3723	3.95E-06
3722	3.90E-06
3721	3.85E-06
3720	3.81E-06
3719	3.77E-06
3718	3.72E-06
3717	3.68E-06
3716	3.64E-06
3715	3.60E-06
3714	3.55E-06
3713	3.51E-06
3712	3.47E-06
3711	3.43E-06
3710	3.39E-06
3709	3.36E-06
3708	3.32E-06
3707	3.28E-06
3706	3.24E-06
3705	3.21E-06
3704	3.17E-06
3703	3.13E-06
3702	3.10E-06
3701	3.06E-06
3700	3.03E-06
3699	3.00E-06
3698	2.96E-06
3697	2.93E-06
3696	2.90E-06
3695	2.86E-06
3694	2.83E-06
3693	2.80E-06
3692	2.77E-06
3691	2.74E-06
3690	2.71E-06
3689	2.68E-06
3688	2.65E-06
3687	2.62E-06
3686	2.59E-06
3685	2.56E-06
3684	2.53E-06
3683	2.51E-06
3682	2.48E-06
3681	2.45E-06
3680	2.42E-06
3679	2.40E-06
3678	2.37E-06
3677	2.35E-06
3676	2.32E-06
3675	2.30E-06
3674	2.27E-06
3673	2.25E-06
3672	2.22E-06
3671	2.20E-06
3670	2.17E-06
3669	2.15E-06
3668	2.13E-06
3667	2.10E-06
3666	2.08E-06
3665	2.06E-06
3664	2.04E-06
3663	2.02E-06
3662	1.99E-06
3661	1.97E-06
3660	1.95E-06
3659	1.93E-06
3658	1.91E-06
3657	1.89E-06
3656	1.87E-06
3655	1.85E-06
3654	1.83E-06
3653	1.81E-06
3652	1.79E-06
3651	1.78E-06
3650	1.76E-06
3649	1.74E-06
3648	1.72E-06
3647	1.70E-06
3646	1.68E-06
3645	1.67E-06
3644	1.65E-06
3643	1.63E-06
3642	1.62E-06
3641	1.60E-06
3640	1.58E-06
3639	1.57E-06
3638	1.55E-06
3637	1.53E-06
3636	1.52E-06
3635	1.50E-06
3634	1.49E-06
3633	1.47E-06
3632	1.46E-06
3631	1.44E-06
3630	1.43E-06
3629	1.41E-06
3628	1.40E-06
3627	1.39E-06
3626	1.37E-06
3625	1.36E-06
3624	1.34E-06
3623	1.33E-06
3622	1.32E-06
3621	1.30E-06
3620	1.29E-06
3619	1.28E-06
3618	1.27E-06
3617	1.25E-06
3616	1.24E-06
3615	1.23E-06
3614	1.22E-06
3613	1.20E-06
3612	1.19E-06
3611	1.18E-06
3610	1.17E-06
3609	1.16E-06
3608	1.15E-06
3607	1.14E-06
3606	1.12E-06
3605	1.11E-06
3604	1.10E-06
3603	1.09E-06
3602	1.08E-06
3601	1.07E-06
3600	1.06E-06
3599	1.05E-06
3598	1.04E-06
3597	1.03E-06
3596	1.02E-06
3595	1.01E-06
3594	1.00E-06
3593	9.92E-07
3592	9.82E-07
3591	9.73E-07
3590	9.64E-07
3589	9.55E-07
3588	9.46E-07
3587	9.37E-07
3586	9.28E-07
3585	9.19E-07
3584	9.11E-07
3583	9.02E-07
3582	8.94E-07
3581	8.86E-07
3580	8.77E-07
3579	8.69E-07
3578	8.61E-07
3577	8.53E-07
3576	8.45E-07
3575	8.37E-07
3574	8.30E-07
3573	8.22E-07
3572	8.15E-07
3571	8.07E-07
3570	8.00E-07
3569	7.92E-07
3568	7.85E-07
3567	7.78E-07
3566	7.71E-07
3565	7.64E-07
3564	7.57E-07
3563	7.50E-07
3562	7.44E-07
3561	7.37E-07
3560	7.30E-07
3559	7.24E-07
3558	7.17E-07
3557	7.11E-07
3556	7.05E-07
3555	6.98E-07
3554	6.92E-07
3553	6.86E-07
3552	6.80E-07
3551	6.74E-07
3550	6.68E-07
3549	6.62E-07
3548	6.56E-07
3547	6.51E-07
3546	6.45E-07
3545	6.39E-07
3544	6.34E-07
3543	6.28E-07
3542	6.23E-07
3541	6.17E-07
3540	6.12E-07
3539	6.07E-07
3538	6.01E-07
3537	5.96E-07
3536	5.91E-07
3535	5.86E-07
3534	5.81E-07
3533	5.76E-07
3532	5.71E-07
3531	5.67E-07
3530	5.62E-07
3529	5.57E-07
3528	5.52E-07
3527	5.48E-07
3526	5.43E-07
3525	5.39E-07
3524	5.34E-07
3523	5.30E-07
3522	5.25E-07
3521	5.21E-07
3520	5.16E-07
3519	5.12E-07
3518	5.08E-07
3517	5.04E-07
3516	5.00E-07
3515	4.96E-07
3514	4.91E-07
3513	4.87E-07
3512	4.84E-07
3511	4.80E-07
3510	4.76E-07
3509	4.72E-07
3508	4.68E-07
3507	4.64E-07
3506	4.60E-07
3505	4.57E-07
3504	4.53E-07
3503	4.49E-07
3502	4.46E-07
3501	4.42E-07
3500	4.39E-07
3499	4.35E-07
3498	4.32E-07
3497	4.28E-07
3496	4.25E-07
3495	4.22E-07
3494	4.18E-07
3493	4.15E-07
3492	4.12E-07
3491	4.09E-07
3490	4.05E-07
3489	4.02E-07
3488	3.99E-07
3487	3.96E-07
3486	3.93E-07
3485	3.90E-07
3484	3.87E-07
3483	3.84E-07
3482	3.81E-07
3481	3.78E-07
3480	3.75E-07
3479	3.72E-07
3478	3.70E-07
3477	3.67E-07
3476	3.64E-07
3475	3.61E-07
3474	3.59E-07
3473	3.56E-07
3472	3.53E-07
3471	3.51E-07
3470	3.48E-07
3469	3.45E-07
3468	3.43E-07
3467	3.40E-07
3466	3.38E-07
3465	3.35E-07
3464	3.33E-07
3463	3.30E-07
3462	3.28E-07
3461	3.26E-07
3460	3.23E-07
3459	3.21E-07
3458	3.19E-07
3457	3.16E-07
3456	3.14E-07
3455	3.12E-07
3454	3.09E-07
3453	3.07E-07
3452	3.05E-07
3451	3.03E-07
3450	3.01E-07
3449	2.99E-07
3448	2.97E-07
3447	2.94E-07
3446	2.92E-07
3445	2.90E-07
3444	2.88E-07
3443	2.86E-07
3442	2.84E-07
3441	2.82E-07
3440	2.80E-07
3439	2.78E-07
3438	2.77E-07
3437	2.75E-07
3436	2.73E-07
3435	2.71E-07
3434	2.69E-07
3433	2.67E-07
3432	2.65E-07
3431	2.64E-07
3430	2.62E-07
3429	2.60E-07
3428	2.58E-07
3427	2.57E-07
3426	2.55E-07
3425	2.53E-07
3424	2.52E-07
3423	2.50E-07
3422	2.48E-07
3421	2.47E-07
3420	2.45E-07
3419	2.44E-07
3418	2.42E-07
3417	2.40E-07
3416	2.39E-07
3415	2.37E-07
3414	2.36E-07
3413	2.34E-07
3412	2.33E-07
3411	2.31E-07
3410	2.30E-07
3409	2.28E-07
3408	2.27E-07
3407	2.25E-07
3406	2.24E-07
3405	2.23E-07
3404	2.21E-07
3403	2.20E-07
3402	2.18E-07
3401	2.17E-07
3400	2.16E-07
3399	2.14E-07
3398	2.13E-07
3397	2.12E-07
3396	2.11E-07
3395	2.09E-07
3394	2.08E-07
3393	2.07E-07
3392	2.05E-07
3391	2.04E-07
3390	2.03E-07
3389	2.02E-07
3388	2.01E-07
3387	1.99E-07
3386	1.98E-07
3385	1.97E-07
3384	1.96E-07
3383	1.95E-07
3382	1.94E-07
3381	1.92E-07
3380	1.91E-07
3379	1.90E-07
3378	1.89E-07
3377	1.88E-07
3376	1.87E-07
3375	1.86E-07
3374	1.85E-07
3373	1.84E-07
3372	1.83E-07
3371	1.82E-07
3370	1.81E-07
3369	1.80E-07
3368	1.79E-07
3367	1.78E-07
3366	1.77E-07
3365	1.76E-07
3364	1.75E-07
3363	1.74E-07
3362	1.73E-07
3361	1.72E-07
3360	1.71E-07
3359	1.70E-07
3358	1.69E-07
3357	1.68E-07
3356	1.67E-07
3355	1.66E-07
3354	1.66E-07
3353	1.65E-07
3352	1.64E-07
3351	1.63E-07
3350	1.62E-07
3349	1.61E-07
3348	1.60E-07
3347	1.60E-07
3346	1.59E-07
3345	1.58E-07
3344	1.57E-07
3343	1.56E-07
3342	1.56E-07
3341	1.55E-07
3340	1.54E-07
3339	1.53E-07
3338	1.52E-07
3337	1.52E-07
3336	1.51E-07
3335	1.50E-07
3334	1.50E-07
3333	1.49E-07
3332	1.48E-07
3331	1.47E-07
3330	1.47E-07
3329	1.46E-07
3328	1.45E-07
3327	1.45E-07
3326	1.44E-07
3325	1.43E-07
3324	1.42E-07
3323	1.42E-07
3322	1.41E-07
3321	1.41E-07
3320	1.40E-07
3319	1.39E-07
3318	1.39E-07
3317	1.38E-07
3316	1.37E-07
3315	1.37E-07
3314	1.36E-07
3313	1.35E-07
3312	1.35E-07
3311	1.34E-07
3310	1.34E-07
3309	1.33E-07
3308	1.33E-07
3307	1.32E-07
3306	1.31E-07
3305	1.31E-07
3304	1.30E-07
3303	1.30E-07
3302	1.29E-07
3301	1.29E-07
3300	1.28E-07
3299	1.28E-07
3298	1.27E-07
3297	1.26E-07
3296	1.26E-07
3295	1.25E-07
3294	1.25E-07
3293	1.24E-07
3292	1.24E-07
3291	1.23E-07
3290	1.23E-07
3289	1.22E-07
3288	1.22E-07
3287	1.22E-07
3286	1.21E-07
3285	1.21E-07
3284	1.20E-07
3283	1.20E-07
3282	1.19E-07
3281	1.19E-07
3280	1.18E-07
3279	1.18E-07
3278	1.17E-07
3277	1.17E-07
3276	1.17E-07
3275	1.16E-07
3274	1.16E-07
3273	1.15E-07
3272	1.15E-07
3271	1.14E-07
3270	1.14E-07
3269	1.14E-07
3268	1.13E-07
3267	1.13E-07
3266	1.12E-07
3265	1.12E-07
3264	1.12E-07
3263	1.11E-07
3262	1.11E-07
3261	1.11E-07
3260	1.10E-07
3259	1.10E-07
3258	1.09E-07
3257	1.09E-07
3256	1.09E-07
3255	1.08E-07
3254	1.08E-07
3253	1.08E-07
3252	1.07E-07
3251	1.07E-07
3250	1.07E-07
3249	1.06E-07
3248	1.06E-07
3247	1.06E-07
3246	1.05E-07
3245	1.05E-07
3244	1.05E-07
3243	1.04E-07
3242	1.04E-07
3241	1.04E-07
3240	1.04E-07
3239	1.03E-07
3238	1.03E-07
3237	1.03E-07
3236	1.02E-07
3235	1.02E-07
3234	1.02E-07
3233	1.02E-07
3232	1.01E-07
3231	1.01E-07
3230	1.01E-07
3229	1.01E-07
3228	1.00E-07
3227	1.00E-07
3226	9.97E-08
3225	9.95E-08
3224	9.92E-08
3223	9.90E-08
3222	9.88E-08
3221	9.85E-08
3220	9.83E-08
3219	9.81E-08
3218	9.78E-08
3217	9.76E-08
3216	9.74E-08
3215	9.72E-08
3214	9.69E-08
3213	9.67E-08
3212	9.65E-08
3211	9.63E-08
3210	9.61E-08
3209	9.59E-08
3208	9.57E-08
3207	9.55E-08
3206	9.53E-08
3205	9.51E-08
3204	9.49E-08
3203	9.47E-08
3202	9.45E-08
3201	9.43E-08
3200	9.42E-08
3199	9.40E-08
3198	9.38E-08
3197	9.36E-08
3196	9.35E-08
3195	9.33E-08
3194	9.32E-08
3193	9.30E-08
3192	9.28E-08
3191	9.27E-08
3190	9.25E-08
3189	9.24E-08
3188	9.22E-08
3187	9.21E-08
3186	9.19E-08
3185	9.18E-08
3184	9.17E-08
3183	9.15E-08
3182	9.14E-08
3181	9.13E-08
3180	9.11E-08
3179	9.10E-08
3178	9.09E-08
3177	9.08E-08
3176	9.07E-08
3175	9.05E-08
3174	9.04E-08
3173	9.03E-08
3172	9.02E-08
3171	9.01E-08
3170	9.00E-08
3169	8.99E-08
3168	8.98E-08
3167	8.97E-08
3166	8.96E-08
3165	8.95E-08
3164	8.94E-08
3163	8.94E-08
3162	8.92E-08
3161	8.92E-08
3160	8.91E-08
3159	8.90E-08
3158	8.89E-08
3157	8.89E-08
3156	8.88E-08
3155	8.87E-08
3154	8.87E-08
3153	8.86E-08
3152	8.86E-08
3151	8.85E-08
3150	8.85E-08
3149	8.84E-08
3148	8.83E-08
3147	8.83E-08
3146	8.82E-08
3145	8.82E-08
3144	8.82E-08
3143	8.81E-08
3142	8.81E-08
3141	8.81E-08
3140	8.80E-08
3139	8.80E-08
3138	8.80E-08
3137	8.80E-08
3136	8.79E-08
3135	8.79E-08
3134	8.79E-08
3133	8.79E-08
3132	8.79E-08
3131	8.79E-08
3130	8.79E-08
3129	8.79E-08
3128	8.79E-08
3127	8.79E-08
3126	8.79E-08
3125	8.79E-08
3124	8.79E-08
3123	8.79E-08
3122	8.79E-08
3121	8.79E-08
3120	8.79E-08
3119	8.80E-08
3118	8.80E-08
3117	8.80E-08
3116	8.80E-08
3115	8.81E-08
3114	8.81E-08
3113	8.81E-08
3112	8.82E-08
3111	8.82E-08
3110	8.82E-08
3109	8.83E-08
3108	8.83E-08
3107	8.84E-08
3106	8.85E-08
3105	8.85E-08
3104	8.86E-08
3103	8.86E-08
3102	8.87E-08
3101	8.87E-08
3100	8.88E-08
3099	8.89E-08
3098	8.89E-08
3097	8.90E-08
3096	8.91E-08
3095	8.92E-08
3094	8.92E-08
3093	8.94E-08
3092	8.94E-08
3091	8.95E-08
3090	8.96E-08
3089	8.97E-08
3088	8.98E-08
3087	8.99E-08
3086	9.00E-08
3085	9.01E-08
3084	9.02E-08
3083	9.04E-08
3082	9.05E-08
3081	9.06E-08
3080	9.07E-08
3079	9.08E-08
3078	9.10E-08
3077	9.11E-08
3076	9.12E-08
3075	9.14E-08
3074	9.15E-08
3073	9.16E-08
3072	9.18E-08
3071	9.19E-08
3070	9.21E-08
3069	9.23E-08
3068	9.24E-08
3067	9.26E-08
3066	9.27E-08
3065	9.29E-08
3064	9.31E-08
3063	9.33E-08
3062	9.34E-08
3061	9.36E-08
3060	9.38E-08
3059	9.40E-08
3058	9.42E-08
3057	9.44E-08
3056	9.46E-08
3055	9.48E-08
3054	9.50E-08
3053	9.52E-08
3052	9.54E-08
3051	9.56E-08
3050	9.59E-08
3049	9.61E-08
3048	9.63E-08
3047	9.65E-08
3046	9.68E-08
3045	9.70E-08
3044	9.73E-08
3043	9.75E-08
3042	9.77E-08
3041	9.80E-08
3040	9.83E-08
3039	9.85E-08
3038	9.88E-08
3037	9.91E-08
3036	9.93E-08
3035	9.96E-08
3034	9.99E-08
3033	1.00E-07
3032	1.00E-07
3031	1.01E-07
3030	1.01E-07
3029	1.01E-07
3028	1.02E-07
3027	1.02E-07
3026	1.02E-07
3025	1.03E-07
3024	1.03E-07
3023	1.03E-07
3022	1.04E-07
3021	1.04E-07
3020	1.04E-07
3019	1.05E-07
3018	1.05E-07
3017	1.05E-07
3016	1.06E-07
3015	1.06E-07
3014	1.06E-07
3013	1.07E-07
3012	1.07E-07
3011	1.08E-07
3010	1.08E-07
3009	1.08E-07
3008	1.09E-07
3007	1.09E-07
3006	1.10E-07
3005	1.10E-07
3004	1.10E-07
3003	1.11E-07
3002	1.11E-07
3001	1.12E-07
3000	1.12E-07
2999	1.13E-07
2998	1.13E-07
2997	1.14E-07
2996	1.14E-07
2995	1.15E-07
2994	1.15E-07
2993	1.16E-07
2992	1.16E-07
2991	1.17E-07
2990	1.17E-07
2989	1.18E-07
2988	1.18E-07
2987	1.19E-07
2986	1.19E-07
2985	1.20E-07
2984	1.20E-07
2983	1.21E-07
2982	1.21E-07
2981	1.22E-07
2980	1.22E-07
2979	1.23E-07
2978	1.24E-07
2977	1.24E-07
2976	1.25E-07
2975	1.25E-07
2974	1.26E-07
2973	1.27E-07
2972	1.27E-07
2971	1.28E-07
2970	1.29E-07
2969	1.29E-07
2968	1.30E-07
2967	1.31E-07
2966	1.31E-07
2965	1.32E-07
2964	1.33E-07
2963	1.33E-07
2962	1.34E-07
2961	1.35E-07
2960	1.36E-07
2959	1.36E-07
2958	1.37E-07
2957	1.38E-07
2956	1.39E-07
2955	1.39E-07
2954	1.40E-07
2953	1.41E-07
2952	1.42E-07
2951	1.43E-07
2950	1.44E-07
2949	1.44E-07
2948	1.45E-07
2947	1.46E-07
2946	1.47E-07
2945	1.48E-07
2944	1.49E-07
2943	1.50E-07
2942	1.51E-07
2941	1.52E-07
2940	1.53E-07
2939	1.54E-07
2938	1.55E-07
2937	1.56E-07
2936	1.57E-07
2935	1.58E-07
2934	1.59E-07
2933	1.60E-07
2932	1.61E-07
2931	1.62E-07
2930	1.63E-07
2929	1.64E-07
2928	1.65E-07
2927	1.66E-07
2926	1.67E-07
2925	1.69E-07
2924	1.70E-07
2923	1.71E-07
2922	1.72E-07
2921	1.73E-07
2920	1.75E-07
2919	1.76E-07
2918	1.77E-07
2917	1.78E-07
2916	1.80E-07
2915	1.81E-07
2914	1.82E-07
2913	1.84E-07
2912	1.85E-07
2911	1.87E-07
2910	1.88E-07
2909	1.89E-07
2908	1.91E-07
2907	1.92E-07
2906	1.94E-07
2905	1.95E-07
2904	1.97E-07
2903	1.98E-07
2902	2.00E-07
2901	2.02E-07
2900	2.03E-07
2899	2.05E-07
2898	2.07E-07
2897	2.08E-07
2896	2.10E-07
2895	2.12E-07
2894	2.13E-07
2893	2.15E-07
2892	2.17E-07
2891	2.19E-07
2890	2.21E-07
2889	2.23E-07
2888	2.25E-07
2887	2.27E-07
2886	2.28E-07
2885	2.30E-07
2884	2.32E-07
2883	2.35E-07
2882	2.37E-07
2881	2.39E-07
2880	2.41E-07
2879	2.43E-07
2878	2.45E-07
2877	2.48E-07
2876	2.50E-07
2875	2.52E-07
2874	2.54E-07
2873	2.57E-07
2872	2.59E-07
2871	2.62E-07
2870	2.64E-07
2869	2.67E-07
2868	2.69E-07
2867	2.72E-07
2866	2.74E-07
2865	2.77E-07
2864	2.80E-07
2863	2.83E-07
2862	2.85E-07
2861	2.88E-07
2860	2.91E-07
2859	2.94E-07
2858	2.97E-07
2857	3.00E-07
2856	3.03E-07
2855	3.06E-07
2854	3.09E-07
2853	3.12E-07
2852	3.16E-07
2851	3.19E-07
2850	3.22E-07
2849	3.26E-07
2848	3.29E-07
2847	3.33E-07
2846	3.36E-07
2845	3.40E-07
2844	3.44E-07
2843	3.47E-07
2842	3.51E-07
2841	3.55E-07
2840	3.59E-07
2839	3.63E-07
2838	3.67E-07
2837	3.71E-07
2836	3.75E-07
2835	3.79E-07
2834	3.84E-07
2833	3.88E-07
2832	3.93E-07
2831	3.97E-07
2830	4.02E-07
2829	4.06E-07
2828	4.11E-07
2827	4.16E-07
2826	4.21E-07
2825	4.26E-07
2824	4.31E-07
2823	4.36E-07
2822	4.41E-07
2821	4.47E-07
2820	4.52E-07
2819	4.58E-07
2818	4.63E-07
2817	4.69E-07
2816	4.75E-07
2815	4.81E-07
2814	4.87E-07
2813	4.93E-07
2812	4.99E-07
2811	5.05E-07
2810	5.12E-07
2809	5.18E-07
2808	5.25E-07
2807	5.32E-07
2806	5.39E-07
2805	5.46E-07
2804	5.53E-07
2803	5.60E-07
2802	5.67E-07
2801	5.75E-07
2800	5.83E-07
2799	5.90E-07
2798	5.98E-07
2797	6.06E-07
2796	6.15E-07
2795	6.23E-07
2794	6.32E-07
2793	6.40E-07
2792	6.49E-07
2791	6.58E-07
2790	6.67E-07
2789	6.77E-07
2788	6.86E-07
2787	6.96E-07
2786	7.06E-07
2785	7.16E-07
2784	7.26E-07
2783	7.36E-07
2782	7.47E-07
2781	7.58E-07
2780	7.69E-07
2779	7.80E-07
2778	7.92E-07
2777	8.03E-07
2776	8.15E-07
2775	8.28E-07
2774	8.40E-07
2773	8.53E-07
2772	8.65E-07
2771	8.79E-07
2770	8.92E-07
2769	9.06E-07
2768	9.19E-07
2767	9.34E-07
2766	9.48E-07
2765	9.63E-07
2764	9.78E-07
2763	9.93E-07
2762	1.01E-06
2761	1.02E-06
2760	1.04E-06
2759	1.06E-06
2758	1.07E-06
2757	1.09E-06
2756	1.11E-06
2755	1.13E-06
2754	1.15E-06
2753	1.16E-06
2752	1.18E-06
2751	1.20E-06
2750	1.22E-06
2749	1.24E-06
2748	1.26E-06
2747	1.28E-06
2746	1.31E-06
2745	1.33E-06
2744	1.35E-06
2743	1.37E-06
2742	1.40E-06
2741	1.42E-06
2740	1.45E-06
2739	1.47E-06
2738	1.50E-06
2737	1.52E-06
2736	1.55E-06
2735	1.58E-06
2734	1.60E-06
2733	1.63E-06
2732	1.66E-06
2731	1.69E-06
2730	1.72E-06
2729	1.75E-06
2728	1.78E-06
2727	1.81E-06
2726	1.85E-06
2725	1.88E-06
2724	1.91E-06
2723	1.95E-06
2722	1.98E-06
2721	2.02E-06
2720	2.06E-06
2719	2.10E-06
2718	2.13E-06
2717	2.17E-06
2716	2.21E-06
2715	2.25E-06
2714	2.30E-06
2713	2.34E-06
2712	2.38E-06
2711	2.43E-06
2710	2.47E-06
2709	2.52E-06
2708	2.57E-06
2707	2.61E-06
2706	2.66E-06
2705	2.71E-06
2704	2.76E-06
2703	2.81E-06
2702	2.87E-06
2701	2.92E-06
2700	2.98E-06
2699	3.03E-06
2698	3.09E-06
2697	3.15E-06
2696	3.21E-06
2695	3.27E-06
2694	3.33E-06
2693	3.39E-06
2692	3.45E-06
2691	3.52E-06
2690	3.58E-06
2689	3.65E-06
2688	3.71E-06
2687	3.78E-06
2686	3.85E-06
2685	3.92E-06
2684	3.99E-06
2683	4.06E-06
2682	4.14E-06
2681	4.21E-06
2680	4.28E-06
2679	4.36E-06
2678	4.44E-06
2677	4.51E-06
2676	4.59E-06
2675	4.67E-06
2674	4.74E-06
2673	4.82E-06
2672	4.90E-06
2671	4.98E-06
2670	5.06E-06
2669	5.14E-06
2668	5.22E-06
2667	5.29E-06
2666	5.37E-06
2665	5.45E-06
2664	5.53E-06
2663	5.61E-06
2662	5.68E-06
2661	5.76E-06
2660	5.83E-06
2659	5.91E-06
2658	5.98E-06
2657	6.05E-06
2656	6.12E-06
2655	6.19E-06
2654	6.25E-06
2653	6.32E-06
2652	6.38E-06
2651	6.44E-06
2650	6.50E-06
2649	6.56E-06
2648	6.61E-06
2647	6.66E-06
2646	6.71E-06
2645	6.76E-06
2644	6.80E-06
2643	6.84E-06
2642	6.88E-06
2641	6.92E-06
2640	6.95E-06
2639	6.98E-06
2638	7.00E-06
2637	7.03E-06
2636	7.05E-06
2635	7.07E-06
2634	7.08E-06
2633	7.09E-06
2632	7.10E-06
2631	7.11E-06
2630	7.11E-06
2629	7.11E-06
2628	7.11E-06
2627	7.10E-06
2626	7.09E-06
2625	7.08E-06
2624	7.07E-06
2623	7.06E-06
2622	7.04E-06
2621	7.02E-06
2620	7.00E-06
2619	6.98E-06
2618	6.96E-06
2617	6.93E-06
2616	6.91E-06
2615	6.88E-06
2614	6.85E-06
2613	6.82E-06
2612	6.79E-06
2611	6.76E-06
2610	6.73E-06
2609	6.70E-06
2608	6.67E-06
2607	6.64E-06
2606	6.60E-06
2605	6.57E-06
2604	6.54E-06
2603	6.51E-06
2602	6.48E-06
2601	6.45E-06
2600	6.42E-06
2599	6.39E-06
2598	6.36E-06
2597	6.33E-06
2596	6.31E-06
2595	6.28E-06
2594	6.26E-06
2593	6.23E-06
2592	6.21E-06
2591	6.19E-06
2590	6.17E-06
2589	6.15E-06
2588	6.14E-06
2587	6.12E-06
2586	6.11E-06
2585	6.10E-06
2584	6.09E-06
2583	6.08E-06
2582	6.07E-06
2581	6.06E-06
2580	6.06E-06
2579	6.06E-06
2578	6.06E-06
2577	6.06E-06
2576	6.07E-06
2575	6.08E-06
2574	6.08E-06
2573	6.10E-06
2572	6.11E-06
2571	6.13E-06
2570	6.14E-06
2569	6.17E-06
2568	6.19E-06
2567	6.22E-06
2566	6.25E-06
2565	6.28E-06
2564	6.31E-06
2563	6.35E-06
2562	6.39E-06
2561	6.44E-06
2560	6.49E-06
2559	6.54E-06
2558	6.59E-06
2557	6.65E-06
2556	6.71E-06
2555	6.78E-06
2554	6.85E-06
2553	6.93E-06
2552	7.01E-06
2551	7.09E-06
2550	7.18E-06
2549	7.28E-06
2548	7.38E-06
2547	7.48E-06
2546	7.59E-06
2545	7.71E-06
2544	7.84E-06
2543	7.97E-06
2542	8.11E-06
2541	8.25E-06
2540	8.40E-06
2539	8.57E-06
2538	8.73E-06
2537	8.91E-06
2536	9.10E-06
2535	9.30E-06
2534	9.51E-06
2533	9.73E-06
2532	9.96E-06
2531	1.02E-05
2530	1.05E-05
2529	1.07E-05
2528	1.10E-05
2527	1.13E-05
2526	1.16E-05
2525	1.20E-05
2524	1.23E-05
2523	1.27E-05
2522	1.31E-05
2521	1.35E-05
2520	1.39E-05
2519	1.44E-05
2518	1.49E-05
2517	1.54E-05
2516	1.60E-05
2515	1.65E-05
2514	1.72E-05
2513	1.78E-05
2512	1.85E-05
2511	1.92E-05
2510	2.00E-05
2509	2.09E-05
2508	2.17E-05
2507	2.27E-05
2506	2.37E-05
2505	2.47E-05
2504	2.59E-05
2503	2.71E-05
2502	2.83E-05
2501	2.97E-05
2500	3.11E-05
2499	3.27E-05
2498	3.43E-05
2497	3.61E-05
2496	3.80E-05
2495	4.00E-05
2494	4.21E-05
2493	4.44E-05
2492	4.68E-05
2491	4.94E-05
2490	5.21E-05
2489	5.50E-05
2488	5.81E-05
2487	6.14E-05
2486	6.48E-05
2485	6.85E-05
2484	7.23E-05
2483	7.63E-05
2482	8.06E-05
2481	8.50E-05
2480	8.95E-05
2479	9.42E-05
2478	9.91E-05
2477	1.04E-04
2476	1.09E-04
2475	1.14E-04
2474	1.19E-04
2473	1.24E-04
2472	1.28E-04
2471	1.33E-04
2470	1.37E-04
2469	1.41E-04
2468	1.44E-04
2467	1.47E-04
2466	1.49E-04
2465	1.51E-04
2464	1.52E-04
2463	1.53E-04
2462	1.52E-04
2461	1.51E-04
2460	1.50E-04
2459	1.48E-04
2458	1.45E-04
2457	1.42E-04
2456	1.39E-04
2455	1.35E-04
2454	1.31E-04
2453	1.27E-04
2452	1.23E-04
2451	1.18E-04
2450	1.14E-04
2449	1.09E-04
2448	1.05E-04
2447	1.00E-04
2446	9.55E-05
2445	9.12E-05
2444	8.70E-05
2443	8.29E-05
2442	7.89E-05
2441	7.50E-05
2440	7.14E-05
2439	6.78E-05
2438	6.44E-05
2437	6.12E-05
2436	5.81E-05
2435	5.51E-05
2434	5.23E-05
2433	4.96E-05
2432	4.71E-05
2431	4.47E-05
2430	4.24E-05
2429	4.02E-05
2428	3.82E-05
2427	3.62E-05
2426	3.44E-05
2425	3.26E-05
2424	3.09E-05
2423	2.94E-05
2422	2.79E-05
2421	2.65E-05
2420	2.51E-05
2419	2.39E-05
2418	2.27E-05
2417	2.16E-05
2416	2.05E-05
2415	1.95E-05
2414	1.85E-05
2413	1.76E-05
2412	1.67E-05
2411	1.59E-05
2410	1.52E-05
2409	1.44E-05
2408	1.37E-05
2407	1.31E-05
2406	1.24E-05
2405	1.18E-05
2404	1.13E-05
2403	1.07E-05
2402	1.02E-05
2401	9.76E-06
2400	9.30E-06
2399	8.86E-06
2398	8.45E-06
2397	8.06E-06
2396	7.68E-06
2395	7.32E-06
2394	6.99E-06
2393	6.66E-06
2392	6.36E-06
2391	6.07E-06
2390	5.79E-06
2389	5.52E-06
2388	5.27E-06
2387	5.03E-06
2386	4.80E-06
2385	4.59E-06
2384	4.38E-06
2383	4.18E-06
2382	3.99E-06
2381	3.81E-06
2380	3.64E-06
2379	3.48E-06
2378	3.33E-06
2377	3.18E-06
2376	3.04E-06
2375	2.90E-06
2374	2.78E-06
2373	2.65E-06
2372	2.54E-06
2371	2.43E-06
2370	2.32E-06
2369	2.22E-06
2368	2.13E-06
2367	2.03E-06
2366	1.95E-06
2365	1.87E-06
2364	1.79E-06
2363	1.71E-06
2362	1.64E-06
2361	1.57E-06
2360	1.51E-06
2359	1.44E-06
2358	1.39E-06
2357	1.33E-06
2356	1.28E-06
2355	1.22E-06
2354	1.18E-06
2353	1.13E-06
2352	1.08E-06
2351	1.04E-06
2350	1.00E-06
2349	9.63E-07
2348	9.26E-07
2347	8.91E-07
2346	8.57E-07
2345	8.25E-07
2344	7.95E-07
2343	7.66E-07
2342	7.38E-07
2341	7.11E-07
2340	6.86E-07
2339	6.61E-07
2338	6.38E-07
2337	6.16E-07
2336	5.94E-07
2335	5.74E-07
2334	5.55E-07
2333	5.36E-07
2332	5.18E-07
2331	5.01E-07
2330	4.85E-07
2329	4.69E-07
2328	4.54E-07
2327	4.40E-07
2326	4.26E-07
2325	4.13E-07
2324	4.00E-07
2323	3.88E-07
2322	3.76E-07
2321	3.65E-07
2320	3.54E-07
2319	3.44E-07
2318	3.34E-07
2317	3.25E-07
2316	3.16E-07
2315	3.07E-07
2314	2.98E-07
2313	2.90E-07
2312	2.82E-07
2311	2.75E-07
2310	2.68E-07
2309	2.61E-07
2308	2.54E-07
2307	2.48E-07
2306	2.41E-07
2305	2.35E-07
2304	2.30E-07
2303	2.24E-07
2302	2.19E-07
2301	2.14E-07
2300	2.08E-07
2299	2.04E-07
2298	1.99E-07
2297	1.95E-07
2296	1.90E-07
2295	1.86E-07
2294	1.82E-07
2293	1.78E-07
2292	1.75E-07
2291	1.71E-07
2290	1.67E-07
2289	1.64E-07
2288	1.61E-07
2287	1.58E-07
2286	1.55E-07
2285	1.52E-07
2284	1.49E-07
2283	1.46E-07
2282	1.44E-07
2281	1.41E-07
2280	1.39E-07
2279	1.36E-07
2278	1.34E-07
2277	1.32E-07
2276	1.30E-07
2275	1.28E-07
2274	1.26E-07
2273	1.24E-07
2272	1.22E-07
2271	1.20E-07
2270	1.19E-07
2269	1.17E-07
2268	1.16E-07
2267	1.14E-07
2266	1.13E-07
2265	1.11E-07
2264	1.10E-07
2263	1.09E-07
2262	1.07E-07
2261	1.06E-07
2260	1.05E-07
2259	1.04E-07
2258	1.03E-07
2257	1.02E-07
2256	1.01E-07
2255	1.01E-07
2254	9.99E-08
2253	9.92E-08
2252	9.85E-08
2251	9.78E-08
2250	9.73E-08
2249	9.67E-08
2248	9.62E-08
2247	9.57E-08
2246	9.53E-08
2245	9.50E-08
2244	9.46E-08
2243	9.44E-08
2242	9.41E-08
2241	9.39E-08
2240	9.38E-08
2239	9.36E-08
2238	9.35E-08
2237	9.35E-08
2236	9.35E-08
2235	9.35E-08
2234	9.35E-08
2233	9.36E-08
2232	9.37E-08
2231	9.38E-08
2230	9.40E-08
2229	9.42E-08
2228	9.44E-08
2227	9.46E-08
2226	9.48E-08
2225	9.50E-08
2224	9.52E-08
2223	9.54E-08
2222	9.56E-08
2221	9.58E-08
2220	9.60E-08
2219	9.61E-08
2218	9.62E-08
2217	9.63E-08
2216	9.63E-08
2215	9.62E-08
2214	9.61E-08
2213	9.58E-08
2212	9.55E-08
2211	9.51E-08
2210	9.45E-08
2209	9.39E-08
2208	9.31E-08
2207	9.22E-08
2206	9.11E-08
2205	8.99E-08
2204	8.85E-08
2203	8.70E-08
2202	8.53E-08
2201	8.35E-08
2200	8.16E-08
2199	7.95E-08
2198	7.74E-08
2197	7.51E-08
2196	7.27E-08
2195	7.03E-08
2194	6.78E-08
2193	6.53E-08
2192	6.27E-08
2191	6.01E-08
2190	5.76E-08
2189	5.50E-08
2188	5.25E-08
2187	5.00E-08
2186	4.76E-08
2185	4.53E-08
2184	4.30E-08
2183	4.08E-08
2182	3.86E-08
2181	3.66E-08
2180	3.46E-08
2179	3.27E-08
2178	3.10E-08
2177	2.92E-08
2176	2.76E-08
2175	2.61E-08
2174	2.46E-08
2173	2.33E-08
2172	2.20E-08
2171	2.07E-08
2170	1.96E-08
2169	1.85E-08
2168	1.75E-08
2167	1.65E-08
2166	1.56E-08
2165	1.47E-08
2164	1.39E-08
2163	1.31E-08
2162	1.24E-08
2161	1.18E-08
2160	1.11E-08
2159	1.05E-08
2158	9.98E-09
2157	9.46E-09
2156	8.96E-09
2155	8.50E-09
2154	8.06E-09
2153	7.65E-09
2152	7.26E-09
2151	6.90E-09
2150	6.55E-09
2149	6.23E-09
2148	5.93E-09
2147	5.64E-09
2146	5.37E-09
2145	5.11E-09
2144	4.87E-09
2143	4.64E-09
2142	4.42E-09
2141	4.22E-09
2140	4.03E-09
2139	3.85E-09
2138	3.67E-09
2137	3.51E-09
2136	3.36E-09
2135	3.21E-09
2134	3.07E-09
2133	2.94E-09
2132	2.82E-09
2131	2.70E-09
2130	2.58E-09
2129	2.48E-09
2128	2.38E-09
2127	2.28E-09
2126	2.19E-09
2125	2.10E-09
2124	2.02E-09
2123	1.94E-09
2122	1.87E-09
2121	1.80E-09
2120	1.73E-09
2119	1.66E-09
2118	1.60E-09
2117	1.54E-09
2116	1.49E-09
2115	1.43E-09
2114	1.38E-09
2113	1.33E-09
2112	1.29E-09
2111	1.24E-09
2110	1.20E-09
2109	1.16E-09
2108	1.12E-09
2107	1.08E-09
2106	1.05E-09
2105	1.01E-09
2104	9.80E-10
2103	9.49E-10
2102	9.19E-10
2101	8.90E-10
2100	8.63E-10
2099	8.36E-10
2098	8.11E-10
2097	7.86E-10
2096	7.63E-10
2095	7.40E-10
2094	7.19E-10
2093	6.98E-10
2092	6.78E-10
2091	6.59E-10
2090	6.41E-10
2089	6.23E-10
2088	6.06E-10
2087	5.90E-10
2086	5.74E-10
2085	5.59E-10
2084	5.44E-10
2083	5.30E-10
2082	5.17E-10
2081	5.04E-10
2080	4.91E-10
2079	4.79E-10
2078	4.67E-10
2077	4.56E-10
2076	4.45E-10
2075	4.35E-10
2074	4.25E-10
2073	4.15E-10
2072	4.06E-10
2071	3.97E-10
2070	3.88E-10
2069	3.80E-10
2068	3.72E-10
2067	3.64E-10
2066	3.56E-10
2065	3.49E-10
2064	3.42E-10
2063	3.35E-10
2062	3.29E-10
2061	3.22E-10
2060	3.16E-10
2059	3.10E-10
2058	3.05E-10
2057	2.99E-10
2056	2.94E-10
2055	2.89E-10
2054	2.84E-10
2053	2.79E-10
2052	2.75E-10
2051	2.70E-10
2050	2.66E-10
2049	2.62E-10
2048	2.58E-10
2047	2.54E-10
2046	2.51E-10
2045	2.47E-10
2044	2.44E-10
2043	2.40E-10
2042	2.37E-10
2041	2.34E-10
2040	2.31E-10
2039	2.29E-10
2038	2.26E-10
2037	2.23E-10
2036	2.21E-10
2035	2.18E-10
2034	2.16E-10
2033	2.14E-10
2032	2.12E-10
2031	2.10E-10
2030	2.08E-10
2029	2.06E-10
2028	2.05E-10
2027	2.03E-10
2026	2.02E-10
2025	2.00E-10
2024	1.99E-10
2023	1.97E-10
2022	1.96E-10
2021	1.95E-10
2020	1.94E-10
2019	1.93E-10
2018	1.92E-10
2017	1.92E-10
2016	1.91E-10
2015	1.90E-10
2014	1.90E-10
2013	1.89E-10
2012	1.89E-10
2011	1.88E-10
2010	1.88E-10
2009	1.88E-10
2008	1.88E-10
2007	1.88E-10
2006	1.88E-10
2005	1.88E-10
2004	1.88E-10
2003	1.88E-10
2002	1.89E-10
2001	1.89E-10
2000	1.90E-10
1999	1.90E-10
1998	1.91E-10
1997	1.92E-10
1996	1.92E-10
1995	1.93E-10
1994	1.95E-10
1993	1.96E-10
1992	1.97E-10
1991	1.98E-10
1990	2.00E-10
1989	2.02E-10
1988	2.03E-10
1987	2.05E-10
1986	2.07E-10
1985	2.09E-10
1984	2.11E-10
1983	2.14E-10
1982	2.16E-10
1981	2.19E-10
1980	2.22E-10
1979	2.25E-10
1978	2.28E-10
1977	2.32E-10
1976	2.35E-10
1975	2.39E-10
1974	2.43E-10
1973	2.47E-10
1972	2.52E-10
1971	2.56E-10
1970	2.61E-10
1969	2.67E-10
1968	2.72E-10
1967	2.78E-10
1966	2.84E-10
1965	2.91E-10
1964	2.98E-10
1963	3.05E-10
1962	3.12E-10
1961	3.20E-10
1960	3.29E-10
1959	3.38E-10
1958	3.47E-10
1957	3.57E-10
1956	3.67E-10
1955	3.78E-10
1954	3.90E-10
1953	4.02E-10
1952	4.14E-10
1951	4.27E-10
1950	4.41E-10
1949	4.55E-10
1948	4.70E-10
1947	4.86E-10
1946	5.02E-10
1945	5.18E-10
1944	5.36E-10
1943	5.53E-10
1942	5.71E-10
1941	5.89E-10
1940	6.07E-10
1939	6.25E-10
1938	6.43E-10
1937	6.60E-10
1936	6.77E-10
1935	6.93E-10
1934	7.08E-10
1933	7.21E-10
1932	7.33E-10
1931	7.43E-10
1930	7.51E-10
1929	7.56E-10
1928	7.59E-10
1927	7.59E-10
1926	7.56E-10
1925	7.51E-10
1924	7.43E-10
1923	7.32E-10
1922	7.19E-10
1921	7.04E-10
1920	6.87E-10
1919	6.68E-10
1918	6.48E-10
1917	6.27E-10
1916	6.05E-10
1915	5.83E-10
1914	5.61E-10
1913	5.38E-10
1912	5.16E-10
1911	4.94E-10
1910	4.73E-10
1909	4.52E-10
1908	4.32E-10
1907	4.12E-10
1906	3.94E-10
1905	3.76E-10
1904	3.59E-10
1903	3.42E-10
1902	3.27E-10
1901	3.12E-10
1900	2.99E-10
1899	2.85E-10
1898	2.73E-10
1897	2.61E-10
1896	2.50E-10
1895	2.39E-10
1894	2.30E-10
1893	2.20E-10
1892	2.11E-10
1891	2.03E-10
1890	1.95E-10
1889	1.88E-10
1888	1.81E-10
1887	1.74E-10
1886	1.68E-10
1885	1.62E-10
1884	1.56E-10
1883	1.51E-10
1882	1.46E-10
1881	1.41E-10
1880	1.37E-10
1879	1.32E-10
1878	1.28E-10
1877	1.25E-10
1876	1.21E-10
1875	1.17E-10
1874	1.14E-10
1873	1.11E-10
1872	1.08E-10
1871	1.05E-10
1870	1.03E-10
1869	1.00E-10
1868	9.79E-11
1867	9.56E-11
1866	9.35E-11
1865	9.14E-11
1864	8.95E-11
1863	8.76E-11
1862	8.58E-11
1861	8.42E-11
1860	8.26E-11
1859	8.11E-11
1858	7.96E-11
1857	7.83E-11
1856	7.70E-11
1855	7.57E-11
1854	7.46E-11
1853	7.35E-11
1852	7.24E-11
1851	7.14E-11
1850	7.04E-11
1849	6.95E-11
1848	6.87E-11
1847	6.79E-11
1846	6.71E-11
1845	6.64E-11
1844	6.57E-11
1843	6.51E-11
1842	6.45E-11
1841	6.39E-11
1840	6.34E-11
1839	6.30E-11
1838	6.25E-11
1837	6.21E-11
1836	6.17E-11
1835	6.13E-11
1834	6.10E-11
1833	6.07E-11
1832	6.05E-11
1831	6.03E-11
1830	6.01E-11
1829	5.99E-11
1828	5.98E-11
1827	5.96E-11
1826	5.96E-11
1825	5.95E-11
1824	5.95E-11
1823	5.95E-11
1822	5.95E-11
1821	5.96E-11
1820	5.97E-11
1819	5.98E-11
1818	5.99E-11
1817	6.01E-11
1816	6.03E-11
1815	6.05E-11
1814	6.08E-11
1813	6.11E-11
1812	6.14E-11
1811	6.17E-11
1810	6.21E-11
1809	6.25E-11
1808	6.30E-11
1807	6.34E-11
1806	6.40E-11
1805	6.45E-11
1804	6.51E-11
1803	6.57E-11
1802	6.63E-11
1801	6.70E-11
1800	6.78E-11
1799	6.85E-11
1798	6.94E-11
1797	7.02E-11
1796	7.11E-11
1795	7.20E-11
1794	7.30E-11
1793	7.41E-11
1792	7.52E-11
1791	7.63E-11
1790	7.75E-11
1789	7.88E-11
1788	8.01E-11
1787	8.14E-11
1786	8.29E-11
1785	8.43E-11
1784	8.59E-11
1783	8.75E-11
1782	8.92E-11
1781	9.10E-11
1780	9.29E-11
1779	9.48E-11
1778	9.69E-11
1777	9.90E-11
1776	1.01E-10
1775	1.04E-10
1774	1.06E-10
1773	1.08E-10
1772	1.11E-10
1771	1.14E-10
1770	1.17E-10
1769	1.20E-10
1768	1.23E-10
1767	1.26E-10
1766	1.30E-10
1765	1.33E-10
1764	1.37E-10
1763	1.41E-10
1762	1.46E-10
1761	1.50E-10
1760	1.55E-10
1759	1.59E-10
1758	1.65E-10
1757	1.70E-10
1756	1.76E-10
1755	1.81E-10
1754	1.88E-10
1753	1.94E-10
1752	2.01E-10
1751	2.09E-10
1750	2.16E-10
1749	2.25E-10
1748	2.33E-10
1747	2.42E-10
1746	2.52E-10
1745	2.63E-10
1744	2.74E-10
1743	2.85E-10
1742	2.98E-10
1741	3.11E-10
1740	3.25E-10
1739	3.40E-10
1738	3.56E-10
1737	3.73E-10
1736	3.91E-10
1735	4.11E-10
1734	4.32E-10
1733	4.55E-10
1732	4.79E-10
1731	5.06E-10
1730	5.34E-10
1729	5.64E-10
1728	5.97E-10
1727	6.33E-10
1726	6.72E-10
1725	7.13E-10
1724	7.59E-10
1723	8.08E-10
1722	8.61E-10
1721	9.20E-10
1720	9.83E-10
1719	1.05E-09
1718	1.13E-09
1717	1.21E-09
1716	1.29E-09
1715	1.39E-09
1714	1.49E-09
1713	1.60E-09
1712	1.72E-09
1711	1.85E-09
1710	1.98E-09
1709	2.12E-09
1708	2.26E-09
1707	2.41E-09
1706	2.56E-09
1705	2.71E-09
1704	2.84E-09
1703	2.97E-09
1702	3.08E-09
1701	3.18E-09
1700	3.25E-09
1699	3.29E-09
1698	3.31E-09
1697	3.30E-09
1696	3.26E-09
1695	3.20E-09
1694	3.12E-09
1693	3.03E-09
1692	2.92E-09
1691	2.81E-09
1690	2.69E-09
1689	2.57E-09
1688	2.45E-09
1687	2.33E-09
1686	2.21E-09
1685	2.10E-09
1684	2.00E-09
1683	1.90E-09
1682	1.81E-09
1681	1.72E-09
1680	1.64E-09
1679	1.57E-09
1678	1.50E-09
1677	1.43E-09
1676	1.38E-09
1675	1.32E-09
1674	1.27E-09
1673	1.22E-09
1672	1.18E-09
1671	1.14E-09
1670	1.11E-09
1669	1.07E-09
1668	1.04E-09
1667	1.01E-09
1666	9.87E-10
1665	9.64E-10
1664	9.43E-10
1663	9.23E-10
1662	9.06E-10
1661	8.90E-10
1660	8.76E-10
1659	8.63E-10
1658	8.52E-10
1657	8.42E-10
1656	8.34E-10
1655	8.27E-10
1654	8.21E-10
1653	8.17E-10
1652	8.15E-10
1651	8.13E-10
1650	8.12E-10
1649	8.13E-10
1648	8.16E-10
1647	8.19E-10
1646	8.24E-10
1645	8.30E-10
1644	8.38E-10
1643	8.47E-10
1642	8.57E-10
1641	8.70E-10
1640	8.83E-10
1639	8.99E-10
1638	9.17E-10
1637	9.37E-10
1636	9.59E-10
1635	9.84E-10
1634	1.01E-09
1633	1.04E-09
1632	1.07E-09
1631	1.11E-09
1630	1.15E-09
1629	1.20E-09
1628	1.25E-09
1627	1.30E-09
1626	1.36E-09
1625	1.43E-09
1624	1.51E-09
1623	1.59E-09
1622	1.69E-09
1621	1.80E-09
1620	1.92E-09
1619	2.06E-09
1618	2.22E-09
1617	2.41E-09
1616	2.62E-09
1615	2.87E-09
1614	3.16E-09
1613	3.51E-09
1612	3.92E-09
1611	4.42E-09
1610	5.03E-09
1609	5.78E-09
1608	6.74E-09
1607	7.97E-09
1606	9.58E-09
1605	1.18E-08
1604	1.48E-08
1603	1.92E-08
1602	2.60E-08
1601	3.73E-08
1600	5.78E-08
1599	1.01E-07
1598	2.21E-07
1597	7.67E-07
1596	2.68E-06
1595	1.10E-06
1594	2.80E-07
1593	1.19E-07
1592	6.63E-08
1591	4.23E-08
1590	2.95E-08
1589	2.18E-08
1588	1.68E-08
1587	1.34E-08
1586	1.10E-08
1585	9.22E-09
1584	7.86E-09
1583	6.81E-09
1582	5.98E-09
1581	5.31E-09
1580	4.76E-09
1579	4.31E-09
1578	3.93E-09
1577	3.61E-09
1576	3.34E-09
1575	3.11E-09
1574	2.91E-09
1573	2.74E-09
1572	2.60E-09
1571	2.47E-09
1570	2.36E-09
1569	2.26E-09
1568	2.18E-09
1567	2.10E-09
1566	2.04E-09
1565	1.99E-09
1564	1.94E-09
1563	1.90E-09
1562	1.87E-09
1561	1.84E-09
1560	1.82E-09
1559	1.80E-09
1558	1.79E-09
1557	1.78E-09
1556	1.78E-09
1555	1.78E-09
1554	1.79E-09
1553	1.80E-09
1552	1.81E-09
1551	1.83E-09
1550	1.85E-09
1549	1.88E-09
1548	1.91E-09
1547	1.95E-09
1546	1.99E-09
1545	2.03E-09
1544	2.08E-09
1543	2.14E-09
1542	2.20E-09
1541	2.26E-09
1540	2.34E-09
1539	2.42E-09
1538	2.51E-09
1537	2.60E-09
1536	2.71E-09
1535	2.82E-09
1534	2.95E-09
1533	3.09E-09
1532	3.24E-09
1531	3.40E-09
1530	3.58E-09
1529	3.78E-09
1528	4.00E-09
1527	4.24E-09
1526	4.51E-09
1525	4.80E-09
1524	5.13E-09
1523	5.49E-09
1522	5.90E-09
1521	6.35E-09
1520	6.86E-09
1519	7.43E-09
1518	8.08E-09
1517	8.81E-09
1516	9.64E-09
1515	1.06E-08
1514	1.17E-08
1513	1.30E-08
1512	1.44E-08
1511	1.61E-08
1510	1.81E-08
1509	2.05E-08
1508	2.33E-08
1507	2.66E-08
1506	3.07E-08
1505	3.56E-08
1504	4.16E-08
1503	4.91E-08
1502	5.84E-08
1501	7.04E-08
1500	8.57E-08
1499	1.06E-07
1498	1.33E-07
1497	1.70E-07
1496	2.22E-07
1495	2.97E-07
1494	4.12E-07
1493	5.94E-07
1492	9.07E-07
1491	1.50E-06
1490	2.78E-06
1489	6.29E-06
1488	2.09E-05
1487	7.65E-05
1486	3.64E-05
1485	1.13E-05
1484	5.41E-06
1483	3.30E-06
1482	2.31E-06
1481	1.76E-06
1480	1.42E-06
1479	1.21E-06
1478	1.06E-06
1477	9.63E-07
1476	8.95E-07
1475	8.49E-07
1474	8.21E-07
1473	8.08E-07
1472	8.08E-07
1471	8.21E-07
1470	8.46E-07
1469	8.84E-07
1468	9.38E-07
1467	1.01E-06
1466	1.10E-06
1465	1.23E-06
1464	1.38E-06
1463	1.59E-06
1462	1.87E-06
1461	2.25E-06
1460	2.79E-06
1459	3.56E-06
1458	4.71E-06
1457	6.51E-06
1456	9.41E-06
1455	1.41E-05
1454	2.10E-05
1453	2.70E-05
1452	2.60E-05
1451	1.94E-05
1450	1.31E-05
1449	8.98E-06
1448	6.41E-06
1447	4.78E-06
1446	3.72E-06
1445	2.99E-06
1444	2.48E-06
1443	2.11E-06
1442	1.83E-06
1441	1.62E-06
1440	1.46E-06
1439	1.33E-06
1438	1.24E-06
1437	1.16E-06
1436	1.10E-06
1435	1.06E-06
1434	1.03E-06
1433	1.01E-06
1432	9.94E-07
1431	9.92E-07
1430	9.99E-07
1429	1.01E-06
1428	1.04E-06
1427	1.07E-06
1426	1.12E-06
1425	1.17E-06
1424	1.25E-06
1423	1.33E-06
1422	1.44E-06
1421	1.56E-06
1420	1.72E-06
1419	1.91E-06
1418	2.15E-06
1417	2.43E-06
1416	2.79E-06
1415	3.23E-06
1414	3.79E-06
1413	4.47E-06
1412	5.30E-06
1411	6.29E-06
1410	7.40E-06
1409	8.52E-06
1408	9.45E-06
1407	9.97E-06
1406	9.91E-06
1405	9.32E-06
1404	8.39E-06
1403	7.34E-06
1402	6.33E-06
1401	5.45E-06
1400	4.70E-06
1399	4.09E-06
1398	3.59E-06
1397	3.18E-06
1396	2.85E-06
1395	2.59E-06
1394	2.37E-06
1393	2.19E-06
1392	2.04E-06
1391	1.92E-06
1390	1.82E-06
1389	1.74E-06
1388	1.68E-06
1387	1.62E-06
1386	1.58E-06
1385	1.54E-06
1384	1.52E-06
1383	1.50E-06
1382	1.48E-06
1381	1.47E-06
1380	1.46E-06
1379	1.45E-06
1378	1.45E-06
1377	1.44E-06
1376	1.44E-06
1375	1.44E-06
1374	1.44E-06
1373	1.44E-06
1372	1.44E-06
1371	1.45E-06
1370	1.45E-06
1369	1.46E-06
1368	1.47E-06
1367	1.48E-06
1366	1.50E-06
1365	1.52E-06
1364	1.55E-06
1363	1.58E-06
1362	1.62E-06
1361	1.67E-06
1360	1.72E-06
1359	1.79E-06
1358	1.86E-06
1357	1.94E-06
1356	2.03E-06
1355	2.13E-06
1354	2.25E-06
1353	2.37E-06
1352	2.50E-06
1351	2.65E-06
1350	2.80E-06
1349	2.94E-06
1348	3.08E-06
1347	3.19E-06
1346	3.27E-06
1345	3.30E-06
1344	3.27E-06
1343	3.18E-06
1342	3.03E-06
1341	2.83E-06
1340	2.59E-06
1339	2.35E-06
1338	2.10E-06
1337	1.87E-06
1336	1.65E-06
1335	1.46E-06
1334	1.30E-06
1333	1.16E-06
1332	1.03E-06
1331	9.29E-07
1330	8.41E-07
1329	7.66E-07
1328	7.03E-07
1327	6.49E-07
1326	6.05E-07
1325	5.67E-07
1324	5.36E-07
1323	5.09E-07
1322	4.88E-07
1321	4.70E-07
1320	4.55E-07
1319	4.44E-07
1318	4.35E-07
1317	4.28E-07
1316	4.24E-07
1315	4.21E-07
1314	4.20E-07
1313	4.20E-07
1312	4.22E-07
1311	4.26E-07
1310	4.30E-07
1309	4.36E-07
1308	4.44E-07
1307	4.53E-07
1306	4.63E-07
1305	4.76E-07
1304	4.91E-07
1303	5.08E-07
1302	5.28E-07
1301	5.52E-07
1300	5.78E-07
1299	6.08E-07
1298	6.42E-07
1297	6.80E-07
1296	7.21E-07
1295	7.65E-07
1294	8.11E-07
1293	8.56E-07
1292	8.99E-07
1291	9.36E-07
1290	9.63E-07
1289	9.79E-07
1288	9.79E-07
1287	9.65E-07
1286	9.36E-07
1285	8.95E-07
1284	8.45E-07
1283	7.88E-07
1282	7.29E-07
1281	6.69E-07
1280	6.10E-07
1279	5.54E-07
1278	5.02E-07
1277	4.55E-07
1276	4.12E-07
1275	3.73E-07
1274	3.39E-07
1273	3.09E-07
1272	2.82E-07
1271	2.59E-07
1270	2.40E-07
1269	2.23E-07
1268	2.09E-07
1267	1.97E-07
1266	1.88E-07
1265	1.81E-07
1264	1.76E-07
1263	1.72E-07
1262	1.71E-07
1261	1.71E-07
1260	1.73E-07
1259	1.77E-07
1258	1.84E-07
1257	1.94E-07
1256	2.06E-07
1255	2.23E-07
1254	2.45E-07
1253	2.74E-07
1252	3.12E-07
1251	3.62E-07
1250	4.29E-07
1249	5.21E-07
1248	6.51E-07
1247	8.36E-07
1246	1.11E-06
1245	1.50E-06
1244	2.05E-06
1243	2.64E-06
1242	2.98E-06
1241	2.77E-06
1240	2.21E-06
1239	1.64E-06
1238	1.21E-06
1237	9.12E-07
1236	7.10E-07
1235	5.72E-07
1234	4.75E-07
1233	4.06E-07
1232	3.57E-07
1231	3.21E-07
1230	2.95E-07
1229	2.77E-07
1228	2.65E-07
1227	2.58E-07
1226	2.54E-07
1225	2.51E-07
1224	2.49E-07
1223	2.44E-07
1222	2.36E-07
1221	2.23E-07
1220	2.04E-07
1219	1.82E-07
1218	1.58E-07
1217	1.35E-07
1216	1.14E-07
1215	9.63E-08
1214	8.21E-08
1213	7.07E-08
1212	6.20E-08
1211	5.53E-08
1210	5.06E-08
1209	4.73E-08
1208	4.55E-08
1207	4.51E-08
1206	4.61E-08
1205	4.88E-08
1204	5.29E-08
1203	5.74E-08
1202	5.92E-08
1201	5.35E-08
1200	4.02E-08
1199	2.60E-08
1198	1.57E-08
1197	9.49E-09
1196	5.85E-09
1195	3.71E-09
1194	2.44E-09
1193	1.64E-09
1192	1.14E-09
1191	8.10E-10
1190	5.88E-10
1189	4.36E-10
1188	3.28E-10
1187	2.52E-10
1186	1.96E-10
1185	1.55E-10
1184	1.24E-10
1183	1.01E-10
1182	8.26E-11
1181	6.86E-11
1180	5.75E-11
1179	4.87E-11
1178	4.16E-11
1177	3.58E-11
1176	3.11E-11
1175	2.71E-11
1174	2.37E-11
1173	2.08E-11
1172	1.83E-11
1171	1.61E-11
1170	1.41E-11
1169	1.23E-11
1168	1.07E-11
1167	9.22E-12
1166	7.88E-12
1165	6.70E-12
1164	5.66E-12
1163	4.75E-12
1162	3.97E-12
1161	3.31E-12
1160	2.76E-12
1159	2.30E-12
1158	1.92E-12
1157	1.61E-12
1156	1.36E-12
1155	1.15E-12
1154	9.76E-13
1153	8.37E-13
1152	7.22E-13
1151	6.27E-13
1150	5.49E-13
1149	4.84E-13
1148	4.29E-13
1147	3.84E-13
1146	3.45E-13
1145	3.12E-13
1144	2.85E-13
1143	2.60E-13
1142	2.39E-13
1141	2.21E-13
1140	2.04E-13
1139	1.89E-13
1138	1.74E-13
1137	1.61E-13
1136	1.48E-13
1135	1.36E-13
1134	1.24E-13
1133	1.13E-13
1132	1.02E-13
1131	9.14E-14
1130	8.18E-14
1129	7.28E-14
1128	6.47E-14
1127	5.75E-14
1126	5.10E-14
1125	4.54E-14
1124	4.05E-14
1123	3.62E-14
1122	3.26E-14
1121	2.95E-14
1120	2.68E-14
1119	2.45E-14
1118	2.26E-14
1117	2.10E-14
1116	1.96E-14
1115	1.85E-14
1114	1.75E-14
1113	1.68E-14
1112	1.62E-14
1111	1.57E-14
1110	1.54E-14
1109	1.52E-14
1108	1.50E-14
1107	1.50E-14
1106	1.51E-14
1105	1.52E-14
1104	1.54E-14
1103	1.56E-14
1102	1.59E-14
1101	1.62E-14
1100	1.65E-14
1099	1.68E-14
1098	1.70E-14
1097	1.72E-14
1096	1.73E-14
1095	1.73E-14
1094	1.72E-14
1093	1.70E-14
1092	1.68E-14
1091	1.65E-14
1090	1.62E-14
1089	1.59E-14
1088	1.56E-14
1087	1.54E-14
1086	1.52E-14
1085	1.51E-14
1084	1.51E-14
1083	1.51E-14
1082	1.53E-14
1081	1.56E-14
1080	1.60E-14
1079	1.65E-14
1078	1.72E-14
1077	1.81E-14
1076	1.92E-14
1075	2.06E-14
1074	2.22E-14
1073	2.42E-14
1072	2.65E-14
1071	2.93E-14
1070	3.27E-14
1069	3.67E-14
1068	4.14E-14
1067	4.70E-14
1066	5.37E-14
1065	6.16E-14
1064	7.09E-14
1063	8.17E-14
1062	9.41E-14
1061	1.08E-13
1060	1.24E-13
1059	1.42E-13
1058	1.61E-13
1057	1.82E-13
1056	2.05E-13
1055	2.29E-13
1054	2.55E-13
1053	2.83E-13
1052	3.14E-13
1051	3.48E-13
1050	3.86E-13
1049	4.29E-13
1048	4.79E-13
1047	5.37E-13
1046	6.06E-13
1045	6.90E-13
1044	7.91E-13
1043	9.15E-13
1042	1.07E-12
1041	1.26E-12
1040	1.50E-12
1039	1.80E-12
1038	2.19E-12
1037	2.69E-12
1036	3.34E-12
1035	4.19E-12
1034	5.31E-12
1033	6.81E-12
1032	8.80E-12
1031	1.15E-11
1030	1.51E-11
1029	2.00E-11
1028	2.67E-11
1027	3.59E-11
1026	4.83E-11
1025	6.53E-11
1024	8.86E-11
1023	1.20E-10
1022	1.65E-10
1021	2.26E-10
1020	3.13E-10
1019	4.38E-10
1018	6.21E-10
1017	8.97E-10
1016	1.32E-09
1015	2.01E-09
1014	3.15E-09
1013	5.12E-09
1012	8.71E-09
1011	1.57E-08
1010	3.01E-08
1009	6.30E-08
1008	1.46E-07
1007	3.78E-07
1006	9.95E-07
1005	1.82E-06
1004	1.89E-06
1003	1.67E-06
1002	1.59E-06
1001	1.69E-06
1000	1.95E-06
999	2.38E-06
998	3.02E-06
997	3.93E-06
996	5.22E-06
995	7.11E-06
994	1.00E-05
993	1.47E-05
992	2.24E-05
991	3.35E-05
990	4.40E-05
989	4.61E-05
988	4.06E-05
987	3.43E-05
986	3.02E-05
985	2.84E-05
984	2.87E-05
983	3.10E-05
982	3.57E-05
981	4.35E-05
980	5.58E-05
979	7.46E-05
978	1.03E-04
977	1.44E-04
976	2.00E-04
975	2.70E-04
974	3.46E-04
973	4.13E-04
972	4.64E-04
971	5.00E-04
970	5.31E-04
969	5.69E-04
968	6.28E-04
967	7.25E-04
966	8.84E-04
965	1.15E-03
964	1.59E-03
963	2.36E-03
962	3.71E-03
961	6.02E-03
960	9.56E-03
959	1.37E-02
958	1.65E-02
957	1.59E-02
956	1.23E-02
955	8.10E-03
954	5.01E-03
953	3.10E-03
952	1.98E-03
951	1.32E-03
950	9.12E-04
949	6.57E-04
948	4.93E-04
947	3.84E-04
946	3.12E-04
945	2.63E-04
944	2.31E-04
943	2.12E-04
942	2.02E-04
941	2.02E-04
940	2.10E-04
939	2.28E-04
938	2.59E-04
937	3.07E-04
936	3.80E-04
935	4.88E-04
934	6.33E-04
933	7.85E-04
932	8.48E-04
931	7.51E-04
930	5.70E-04
929	4.08E-04
928	2.94E-04
927	2.19E-04
926	1.72E-04
925	1.41E-04
924	1.21E-04
923	1.09E-04
922	1.02E-04
921	1.00E-04
920	1.02E-04
919	1.08E-04
918	1.19E-04
917	1.35E-04
916	1.60E-04
915	1.97E-04
914	2.53E-04
913	3.38E-04
912	4.74E-04
911	6.96E-04
910	1.07E-03
909	1.68E-03
908	2.53E-03
907	3.34E-03
906	3.62E-03
905	3.46E-03
904	3.22E-03
903	3.14E-03
902	3.31E-03
901	3.81E-03
900	4.85E-03
899	6.84E-03
898	1.06E-02
897	1.58E-02
896	1.73E-02
895	1.24E-02
894	7.68E-03
893	4.97E-03
892	3.51E-03
891	2.69E-03
890	2.23E-03
889	1.97E-03
888	1.86E-03
887	1.87E-03
886	2.00E-03
885	2.28E-03
884	2.74E-03
883	3.45E-03
882	4.40E-03
881	5.41E-03
880	6.02E-03
879	5.87E-03
878	5.20E-03
877	4.43E-03
876	3.79E-03
875	3.33E-03
874	3.03E-03
873	2.86E-03
872	2.81E-03
871	2.88E-03
870	3.11E-03
869	3.55E-03
868	4.30E-03
867	5.49E-03
866	7.27E-03
865	9.48E-03
864	1.13E-02
863	1.17E-02
862	1.09E-02
861	1.00E-02
860	9.58E-03
859	9.80E-03
858	1.07E-02
857	1.21E-02
856	1.30E-02
855	1.22E-02
854	9.82E-03
853	7.33E-03
852	5.51E-03
851	4.37E-03
850	3.72E-03
849	3.40E-03
848	3.32E-03
847	3.43E-03
846	3.70E-03
845	4.02E-03
844	4.22E-03
843	4.07E-03
842	3.52E-03
841	2.77E-03
840	2.07E-03
839	1.52E-03
838	1.13E-03
837	8.74E-04
836	7.06E-04
835	6.02E-04
834	5.45E-04
833	5.23E-04
832	5.32E-04
831	5.72E-04
830	6.41E-04
829	7.32E-04
828	8.28E-04
827	8.95E-04
826	9.03E-04
825	8.55E-04
824	7.80E-04
823	7.07E-04
822	6.53E-04
821	6.28E-04
820	6.34E-04
819	6.76E-04
818	7.64E-04
817	9.03E-04
816	1.08E-03
815	1.24E-03
814	1.29E-03
813	1.18E-03
812	9.86E-04
811	7.78E-04
810	5.85E-04
809	4.20E-04
808	2.91E-04
807	2.00E-04
806	1.38E-04
805	9.84E-05
804	7.28E-05
803	5.63E-05
802	4.56E-05
801	3.87E-05
800	3.40E-05