1.000000000000000000e+00 5.790000000000000572e-13
1.004999999999999893e+00 4.250000000000000187e-11
1.010000000000000009e+00 1.089999999999999920e-11
1.014999999999999902e+00 1.159999999999999904e-11
1.020000000000000018e+00 1.450000000000000001e-11
1.024999999999999911e+00 4.349999999999999842e-11
1.030000000000000027e+00 4.580000000000000211e-10
1.034999999999999920e+00 6.969999999999999712e-10
1.040000000000000036e+00 2.279999999999999881e-10
1.044999999999999929e+00 1.619999999999999834e-10
1.050000000000000044e+00 1.289999999999999940e-10
1.054999999999999938e+00 7.219999999999999528e-12
1.060000000000000053e+00 1.049999999999999969e-12
1.064999999999999947e+00 1.400000000000000030e-14
1.070000000000000062e+00 1.079999999999999997e-15
1.074999999999999956e+00 8.900000000000000652e-16
1.080000000000000071e+00 4.740000000000000200e-18
1.084999999999999964e+00 4.010000000000000233e-19
1.090000000000000080e+00 1.190000000000000024e-19
1.094999999999999973e+00 2.350000000000000014e-19
1.100000000000000089e+00 2.899999999999999976e-20
1.104999999999999982e+00 1.570000000000000060e-21
1.110000000000000098e+00 2.960000000000000200e-22
1.114999999999999991e+00 9.890000000000000577e-23
1.120000000000000107e+00 5.030000000000000378e-23
1.125000000000000000e+00 3.619999999999999889e-23
1.129999999999999893e+00 3.630000000000000522e-23
1.135000000000000009e+00 5.150000000000000333e-23
1.140000000000000124e+00 1.110000000000059908e-22
1.145000000000000018e+00 4.589999999999999920e-22
1.149999999999999911e+00 9.839999999999999858e-21
1.155000000000000027e+00 3.409999999999999905e-21
1.159999999999999920e+00 1.980000000000000054e-21
1.165000000000000036e+00 3.309999999999999970e-21
1.169999999999999929e+00 1.360000000000000010e-20
1.175000000000000044e+00 2.820000000000000209e-19
1.179999999999999938e+00 2.010000000000000042e-19
1.185000000000000053e+00 2.380000000000000047e-19
1.189999999999999947e+00 1.000000000000000072e-18
1.195000000000000062e+00 4.709999999999999397e-19
1.199999999999999956e+00 3.920000000000000134e-19
1.205000000000000071e+00 7.320000000000000339e-19
1.209999999999999964e+00 7.820000000000000567e-19
1.215000000000000080e+00 5.830000000000000949e-19
1.219999999999999973e+00 7.309999999999999044e-19
1.225000000000000089e+00 9.329999999999999658e-19
1.229999999999999982e+00 7.799999999999999903e-19
1.235000000000000098e+00 8.110000000000000565e-19
1.239999999999999991e+00 1.089999999999999978e-18
1.245000000000000107e+00 1.049999999999999998e-18
1.250000000000000000e+00 8.919999999999999529e-19
1.254999999999999893e+00 1.059999999999999945e-18
1.260000000000000009e+00 1.359999999999999889e-18
1.265000000000000124e+00 1.169999999999988960e-18
1.270000000000000018e+00 1.049999999999999998e-18
1.274999999999999911e+00 1.310000000000000155e-18
1.280000000000000027e+00 1.649999999999999887e-18
1.285000000000000142e+00 1.469999999999991022e-18
1.290000000000000036e+00 1.400000000000000062e-18
1.294999999999999929e+00 1.809999999999999999e-18
1.300000000000000044e+00 2.320000000000000366e-18
1.304999999999999938e+00 2.240000000000000022e-18
1.310000000000000053e+00 2.479999999999999900e-18
1.314999999999999947e+00 2.460000000000000007e-18
1.320000000000000062e+00 9.619999999999999656e-19
1.324999999999999956e+00 3.839999999999999886e-19
1.330000000000000071e+00 2.250000000000000065e-19
1.334999999999999964e+00 1.869999999999999968e-19
1.340000000000000080e+00 2.099999999999999900e-19
1.344999999999999973e+00 3.260000000000000372e-19
1.350000000000000089e+00 7.890000000000000002e-19
1.354999999999999982e+00 5.550000000000000513e-18
1.359999999999999876e+00 8.960000000002762640e-18
1.364999999999999991e+00 1.089999999999999978e-18
1.370000000000000107e+00 4.600000000000000560e-19
1.375000000000000000e+00 2.990000000000000075e-19
1.379999999999999893e+00 2.540000000000000062e-19
1.385000000000000009e+00 2.660000000000000194e-19
1.390000000000000124e+00 3.400000000000055094e-19
1.395000000000000018e+00 5.299999999999999724e-19
1.399999999999999911e+00 1.040000000000000051e-18
1.405000000000000027e+00 2.670000000000000045e-18
1.410000000000000142e+00 9.670000000000716606e-18
1.415000000000000036e+00 3.310000000000000414e-17
1.419999999999999929e+00 3.430000000000000392e-17
1.425000000000000044e+00 3.099999999999999837e-17
1.429999999999999938e+00 4.199999999999999838e-17
1.435000000000000053e+00 8.529999999999998831e-17
1.439999999999999947e+00 2.520000000000000026e-16
1.445000000000000062e+00 5.960000000000000211e-16
1.449999999999999956e+00 5.179999999999999369e-16
1.455000000000000071e+00 4.669999999999999957e-16
1.459999999999999964e+00 6.279999999999999494e-16
1.465000000000000080e+00 1.300000000000000022e-15
1.469999999999999973e+00 4.520000000000000083e-15
1.475000000000000089e+00 1.410000000000000114e-14
1.479999999999999982e+00 8.129999999999999184e-15
1.484999999999999876e+00 5.900000000000026451e-15
1.489999999999999991e+00 7.260000000000000430e-15
1.495000000000000107e+00 1.489999999999999836e-14
1.500000000000000000e+00 6.549999999999999858e-14
1.504999999999999893e+00 3.719999999999999800e-13
1.510000000000000009e+00 7.889999999999999702e-14
1.515000000000000124e+00 4.609999999999977959e-14
1.520000000000000018e+00 5.109999999999999809e-14
1.524999999999999911e+00 9.509999999999999362e-14
1.530000000000000027e+00 3.519999999999999642e-13
1.535000000000000142e+00 1.939999999999931149e-12
1.540000000000000036e+00 5.080000000000000568e-13
1.544999999999999929e+00 2.669999999999999730e-13
1.550000000000000044e+00 2.619999999999999943e-13
1.555000000000000160e+00 4.070000000000139672e-13
1.560000000000000053e+00 1.049999999999999969e-12
1.564999999999999947e+00 5.130000000000000153e-12
1.570000000000000062e+00 4.809999999999999901e-12
1.575000000000000178e+00 2.009999999999962153e-12
1.580000000000000071e+00 1.589999999999999889e-12
1.584999999999999964e+00 1.999999999999999960e-12
1.589999999999999858e+00 3.859999999999866826e-12
1.594999999999999973e+00 1.269999999999999880e-11
1.600000000000000089e+00 3.909999999999999940e-11
1.604999999999999982e+00 1.770000000000000092e-11
1.609999999999999876e+00 1.040000000000015440e-11
1.614999999999999991e+00 9.879999999999999098e-12
1.620000000000000107e+00 1.380000000000000017e-11
1.625000000000000000e+00 2.840000000000000016e-11
1.629999999999999893e+00 9.219999999999998922e-11
1.635000000000000009e+00 2.190000000000000192e-10
1.640000000000000124e+00 1.129999999999969473e-10
1.645000000000000018e+00 7.169999999999999539e-11
1.649999999999999911e+00 6.899999999999999437e-11
1.655000000000000027e+00 9.339999999999999542e-11
1.660000000000000142e+00 1.760000000000073021e-10
1.665000000000000036e+00 4.819999999999999899e-10
1.669999999999999929e+00 1.420000000000000059e-09
1.675000000000000044e+00 1.139999999999999992e-09
1.680000000000000160e+00 6.829999999999913342e-10
1.685000000000000053e+00 5.870000000000000409e-10
1.689999999999999947e+00 6.919999999999999885e-10
1.695000000000000062e+00 1.079999999999999993e-09
1.700000000000000178e+00 2.280000000000104210e-09
1.705000000000000071e+00 6.409999999999999992e-09
1.709999999999999964e+00 1.350000000000000012e-08
1.714999999999999858e+00 9.890000000000224548e-09
1.719999999999999973e+00 6.929999999999999851e-09
1.725000000000000089e+00 6.510000000000000060e-09
1.729999999999999982e+00 7.959999999999999809e-09
1.734999999999999876e+00 1.229999999999973460e-08
1.739999999999999991e+00 2.330000000000000019e-08
1.745000000000000107e+00 4.529999999999999536e-08
1.750000000000000000e+00 5.679999999999999907e-08
1.754999999999999893e+00 4.539999999999999625e-08
1.760000000000000009e+00 3.679999999999999865e-08
1.765000000000000124e+00 3.550000000000013260e-08
1.770000000000000018e+00 4.130000000000000586e-08
1.774999999999999911e+00 5.810000000000000409e-08
1.780000000000000027e+00 1.000000000000000087e-07
1.785000000000000142e+00 2.150000000000095617e-07
1.790000000000000036e+00 5.339999999999999907e-07
1.794999999999999929e+00 7.940000000000000424e-07
1.800000000000000044e+00 5.600000000000000382e-07
1.805000000000000160e+00 4.039999999999966825e-07
1.810000000000000053e+00 3.649999999999999994e-07
1.814999999999999947e+00 4.059999999999999562e-07
1.820000000000000062e+00 5.470000000000000144e-07
1.825000000000000178e+00 8.800000000000239736e-07
1.830000000000000071e+00 1.659999999999999988e-06
1.834999999999999964e+00 3.289999999999999841e-06
1.839999999999999858e+00 4.859999999999960245e-06
1.844999999999999973e+00 4.660000000000000276e-06
1.850000000000000089e+00 4.119999999999999517e-06
1.854999999999999982e+00 4.140000000000000173e-06
1.859999999999999876e+00 4.939999999999946773e-06
1.864999999999999991e+00 6.999999999999999895e-06
1.870000000000000107e+00 1.190000000000000126e-05
1.875000000000000000e+00 2.390000000000000157e-05
1.879999999999999893e+00 5.209999999999999923e-05
1.885000000000000009e+00 8.559999999999999359e-05
1.890000000000000124e+00 8.449999999999945185e-05
1.895000000000000018e+00 7.449999999999999483e-05
1.899999999999999911e+00 7.509999999999999586e-05
1.905000000000000027e+00 9.029999999999999941e-05
1.910000000000000142e+00 1.290000000000026748e-04
1.915000000000000036e+00 2.170000000000000162e-04
1.919999999999999929e+00 4.250000000000000305e-04
1.925000000000000044e+00 8.730000000000000780e-04
1.930000000000000160e+00 1.440000000000015486e-03
1.935000000000000053e+00 1.610000000000000103e-03
1.939999999999999947e+00 1.600000000000000077e-03
1.945000000000000062e+00 1.719999999999999958e-03
1.950000000000000178e+00 2.160000000000028651e-03
1.955000000000000071e+00 3.119999999999999944e-03
1.959999999999999964e+00 5.219999999999999814e-03
1.964999999999999858e+00 9.959999999999713874e-03
1.969999999999999973e+00 2.100000000000000130e-02
1.975000000000000089e+00 4.510000000000000120e-02
1.979999999999999982e+00 8.580000000000000127e-02
1.984999999999999876e+00 1.359999999999977893e-01
1.989999999999999991e+00 2.019999999999999851e-01
1.995000000000000107e+00 3.119999999999999996e-01
2.000000000000000000e+00 5.000000000000000000e-01
2.004999999999999893e+00 7.419999999999999929e-01
2.009999999999999787e+00 9.059999999999999165e-01
2.015000000000000124e+00 9.429999999999999494e-01
2.020000000000000018e+00 9.390000000000000568e-01
2.024999999999999911e+00 9.429999999999999494e-01
2.030000000000000249e+00 9.540000000000005143e-01
2.035000000000000142e+00 9.590000000000000746e-01
2.040000000000000036e+00 9.570000000000000728e-01
2.044999999999999929e+00 9.540000000000000702e-01
2.049999999999999822e+00 9.559999999999999609e-01
2.054999999999999716e+00 9.599999999999995204e-01
2.060000000000000053e+00 9.609999999999999654e-01
2.064999999999999947e+00 9.599999999999999645e-01
2.070000000000000284e+00 9.559999999999999609e-01
2.075000000000000178e+00 9.549999999999999600e-01
2.080000000000000071e+00 9.570000000000000728e-01
2.084999999999999964e+00 9.609999999999999654e-01
2.089999999999999858e+00 9.640000000000000790e-01
2.094999999999999751e+00 9.649999999999999689e-01
2.100000000000000089e+00 9.620000000000000773e-01
2.104999999999999982e+00 9.599999999999999645e-01
2.110000000000000320e+00 9.590000000000005187e-01
2.115000000000000213e+00 9.620000000000000773e-01
2.120000000000000107e+00 9.659999999999999698e-01
2.125000000000000000e+00 9.690000000000000835e-01
2.129999999999999893e+00 9.699999999999999734e-01
2.134999999999999787e+00 9.690000000000000835e-01
2.140000000000000124e+00 9.670000000000000817e-01
2.145000000000000018e+00 9.659999999999999698e-01
2.150000000000000355e+00 9.670000000000004148e-01
2.155000000000000249e+00 9.700000000000004174e-01
2.160000000000000142e+00 9.740000000000000879e-01
2.165000000000000036e+00 9.749999999999999778e-01
2.169999999999999929e+00 9.749999999999999778e-01
2.174999999999999822e+00 9.729999999999999760e-01
2.179999999999999716e+00 9.699999999999999734e-01
2.185000000000000053e+00 9.690000000000000835e-01
2.189999999999999947e+00 9.699999999999999734e-01
2.195000000000000284e+00 9.729999999999999760e-01
2.200000000000000178e+00 9.759999999999999787e-01
2.205000000000000071e+00 9.790000000000000924e-01
2.209999999999999964e+00 9.799999999999999822e-01
2.214999999999999858e+00 9.790000000000000924e-01
2.219999999999999751e+00 9.769999999999999796e-01
2.225000000000000089e+00 9.749999999999999778e-01
2.229999999999999982e+00 9.740000000000000879e-01
2.235000000000000320e+00 9.759999999999999787e-01
2.240000000000000213e+00 9.779999999999999805e-01
2.245000000000000107e+00 9.809999999999999831e-01
2.250000000000000000e+00 9.819999999999999840e-01
2.254999999999999893e+00 9.819999999999999840e-01
2.259999999999999787e+00 9.809999999999999831e-01
2.265000000000000124e+00 9.779999999999999805e-01
2.270000000000000018e+00 9.759999999999999787e-01
2.275000000000000355e+00 9.749999999999999778e-01
2.280000000000000249e+00 9.759999999999999787e-01
2.285000000000000142e+00 9.779999999999999805e-01
2.290000000000000036e+00 9.799999999999999822e-01
2.294999999999999929e+00 9.819999999999999840e-01
2.299999999999999822e+00 9.829999999999999849e-01
2.304999999999999716e+00 9.819999999999999840e-01
2.310000000000000053e+00 9.790000000000000924e-01
2.314999999999999947e+00 9.769999999999999796e-01
2.320000000000000284e+00 9.749999999999999778e-01
2.325000000000000178e+00 9.740000000000000879e-01
2.330000000000000071e+00 9.749999999999999778e-01
2.334999999999999964e+00 9.769999999999999796e-01
2.339999999999999858e+00 9.799999999999999822e-01
2.344999999999999751e+00 9.819999999999996509e-01
2.350000000000000089e+00 9.829999999999999849e-01
2.354999999999999982e+00 9.819999999999999840e-01
2.360000000000000320e+00 9.809999999999999831e-01
2.365000000000000213e+00 9.790000000000000924e-01
2.370000000000000107e+00 9.769999999999999796e-01
2.375000000000000000e+00 9.759999999999999787e-01
2.379999999999999893e+00 9.769999999999999796e-01
2.384999999999999787e+00 9.779999999999999805e-01
2.390000000000000124e+00 9.799999999999999822e-01
2.395000000000000018e+00 9.819999999999999840e-01
2.400000000000000355e+00 9.840000000000000968e-01
2.405000000000000249e+00 9.840000000000000968e-01
2.410000000000000142e+00 9.829999999999999849e-01
2.415000000000000036e+00 9.809999999999999831e-01
2.419999999999999929e+00 9.799999999999999822e-01
2.424999999999999822e+00 9.779999999999999805e-01
2.429999999999999716e+00 9.779999999999999805e-01
2.435000000000000053e+00 9.790000000000000924e-01
2.439999999999999947e+00 9.799999999999999822e-01
2.445000000000000284e+00 9.820000000000004281e-01
2.450000000000000178e+00 9.840000000000000968e-01
2.455000000000000071e+00 9.859999999999999876e-01
2.459999999999999964e+00 9.859999999999999876e-01
2.464999999999999858e+00 9.859999999999999876e-01
2.469999999999999751e+00 9.840000000000000968e-01
2.475000000000000089e+00 9.819999999999999840e-01
2.479999999999999982e+00 9.809999999999999831e-01
2.485000000000000320e+00 9.799999999999999822e-01
2.490000000000000213e+00 9.799999999999999822e-01
2.495000000000000107e+00 9.819999999999999840e-01
2.500000000000000000e+00 9.829999999999999849e-01
2.504999999999999893e+00 9.859999999999999876e-01
2.509999999999999787e+00 9.869999999999999885e-01
2.515000000000000124e+00 9.890000000000001013e-01
2.520000000000000018e+00 9.890000000000001013e-01
2.525000000000000355e+00 9.889999999999996572e-01
2.530000000000000249e+00 9.869999999999999885e-01
2.535000000000000142e+00 9.859999999999999876e-01
2.540000000000000036e+00 9.849999999999999867e-01
2.544999999999999929e+00 9.840000000000000968e-01
2.549999999999999822e+00 9.840000000000000968e-01
2.554999999999999716e+00 9.849999999999999867e-01
2.560000000000000053e+00 9.869999999999999885e-01
2.564999999999999947e+00 9.879999999999999893e-01
2.570000000000000284e+00 9.899999999999999911e-01
2.575000000000000178e+00 9.909999999999999920e-01
2.580000000000000071e+00 9.919999999999999929e-01
2.584999999999999964e+00 9.919999999999999929e-01
2.589999999999999858e+00 9.909999999999999920e-01
2.594999999999999751e+00 9.890000000000001013e-01
2.600000000000000089e+00 9.879999999999999893e-01
2.604999999999999982e+00 9.859999999999999876e-01
2.610000000000000320e+00 9.859999999999999876e-01
2.615000000000000213e+00 9.859999999999999876e-01
2.620000000000000107e+00 9.869999999999999885e-01
2.625000000000000000e+00 9.879999999999999893e-01
2.629999999999999893e+00 9.899999999999999911e-01
2.634999999999999787e+00 9.919999999999999929e-01
2.640000000000000124e+00 9.929999999999999938e-01
2.645000000000000018e+00 9.929999999999999938e-01
2.650000000000000355e+00 9.929999999999995497e-01
2.655000000000000249e+00 9.909999999999999920e-01
2.660000000000000142e+00 9.899999999999999911e-01
2.665000000000000036e+00 9.879999999999999893e-01
2.669999999999999929e+00 9.869999999999999885e-01
2.674999999999999822e+00 9.859999999999999876e-01
2.679999999999999716e+00 9.859999999999999876e-01
2.685000000000000053e+00 9.859999999999999876e-01
2.689999999999999947e+00 9.869999999999999885e-01
2.695000000000000284e+00 9.880000000000004334e-01
2.700000000000000178e+00 9.899999999999999911e-01
2.705000000000000071e+00 9.909999999999999920e-01
2.709999999999999964e+00 9.919999999999999929e-01
2.714999999999999858e+00 9.919999999999999929e-01
2.719999999999999751e+00 9.919999999999999929e-01
2.725000000000000089e+00 9.909999999999999920e-01
2.729999999999999982e+00 9.890000000000001013e-01
2.735000000000000320e+00 9.879999999999999893e-01
2.740000000000000213e+00 9.859999999999999876e-01
2.745000000000000107e+00 9.849999999999999867e-01
2.750000000000000000e+00 9.849999999999999867e-01
2.754999999999999893e+00 9.849999999999999867e-01
2.759999999999999787e+00 9.859999999999999876e-01
2.765000000000000124e+00 9.869999999999999885e-01
2.770000000000000018e+00 9.890000000000001013e-01
2.775000000000000355e+00 9.899999999999999911e-01
2.780000000000000249e+00 9.909999999999999920e-01
2.785000000000000142e+00 9.919999999999999929e-01
2.790000000000000036e+00 9.919999999999999929e-01
2.794999999999999929e+00 9.909999999999999920e-01
2.799999999999999822e+00 9.899999999999999911e-01
2.804999999999999716e+00 9.890000000000001013e-01
2.810000000000000053e+00 9.869999999999999885e-01
2.814999999999999947e+00 9.859999999999999876e-01
2.820000000000000284e+00 9.849999999999999867e-01
2.825000000000000178e+00 9.849999999999999867e-01
2.830000000000000071e+00 9.849999999999999867e-01
2.834999999999999964e+00 9.859999999999999876e-01
2.839999999999999858e+00 9.869999999999999885e-01
2.844999999999999751e+00 9.879999999999999893e-01
2.850000000000000089e+00 9.899999999999999911e-01
2.854999999999999982e+00 9.909999999999999920e-01
2.860000000000000320e+00 9.919999999999999929e-01
2.865000000000000213e+00 9.919999999999999929e-01
2.870000000000000107e+00 9.919999999999999929e-01
2.875000000000000000e+00 9.909999999999999920e-01
2.879999999999999893e+00 9.899999999999999911e-01
2.884999999999999787e+00 9.879999999999999893e-01
2.890000000000000124e+00 9.869999999999999885e-01
2.895000000000000018e+00 9.859999999999999876e-01
2.900000000000000355e+00 9.859999999999999876e-01
2.905000000000000249e+00 9.859999999999999876e-01
2.910000000000000142e+00 9.859999999999999876e-01
2.915000000000000036e+00 9.869999999999999885e-01
2.919999999999999929e+00 9.879999999999999893e-01
2.924999999999999822e+00 9.899999999999999911e-01
2.929999999999999716e+00 9.909999999999999920e-01
2.935000000000000053e+00 9.919999999999999929e-01
2.939999999999999947e+00 9.929999999999999938e-01
2.945000000000000284e+00 9.929999999999999938e-01
2.950000000000000178e+00 9.929999999999999938e-01
2.955000000000000071e+00 9.929999999999999938e-01
2.959999999999999964e+00 9.919999999999999929e-01
2.964999999999999858e+00 9.909999999999999920e-01
2.969999999999999751e+00 9.890000000000004343e-01
2.975000000000000089e+00 9.879999999999999893e-01
2.979999999999999982e+00 9.879999999999999893e-01
2.985000000000000320e+00 9.869999999999999885e-01
2.990000000000000213e+00 9.869999999999999885e-01
2.995000000000000107e+00 9.879999999999999893e-01
3.000000000000000000e+00 9.890000000000001013e-01
3.004999999999999893e+00 9.899999999999999911e-01
3.010000000000000231e+00 9.919999999999999929e-01
3.015000000000000124e+00 9.929999999999999938e-01
3.020000000000000018e+00 9.940000000000001057e-01
3.024999999999999911e+00 9.949999999999999956e-01
3.030000000000000249e+00 9.959999999999999964e-01
3.035000000000000142e+00 9.959999999999999964e-01
3.040000000000000036e+00 9.949999999999999956e-01
3.044999999999999929e+00 9.940000000000001057e-01
3.049999999999999822e+00 9.929999999999999938e-01
3.055000000000000160e+00 9.919999999999999929e-01
3.060000000000000053e+00 9.909999999999999920e-01
3.064999999999999947e+00 9.899999999999999911e-01
3.069999999999999840e+00 9.890000000000001013e-01
3.075000000000000178e+00 9.890000000000001013e-01
3.080000000000000071e+00 9.890000000000001013e-01
3.084999999999999964e+00 9.899999999999999911e-01
3.089999999999999858e+00 9.909999999999999920e-01
3.095000000000000195e+00 9.919999999999999929e-01
3.100000000000000089e+00 9.940000000000001057e-01
3.104999999999999982e+00 9.949999999999999956e-01
3.109999999999999876e+00 9.959999999999999964e-01
3.115000000000000213e+00 9.969999999999999973e-01
3.120000000000000107e+00 9.969999999999999973e-01
3.125000000000000000e+00 9.969999999999999973e-01
3.129999999999999893e+00 9.969999999999999973e-01
3.135000000000000231e+00 9.959999999999995524e-01
3.140000000000000124e+00 9.949999999999999956e-01
3.145000000000000018e+00 9.929999999999999938e-01
3.149999999999999911e+00 9.919999999999999929e-01
3.155000000000000249e+00 9.909999999999999920e-01
3.160000000000000142e+00 9.899999999999999911e-01
3.165000000000000036e+00 9.890000000000001013e-01
3.169999999999999929e+00 9.890000000000001013e-01
3.175000000000000266e+00 9.890000000000004343e-01
3.180000000000000160e+00 9.899999999999999911e-01
3.185000000000000053e+00 9.909999999999999920e-01
3.189999999999999947e+00 9.919999999999999929e-01
3.194999999999999840e+00 9.929999999999999938e-01
3.200000000000000178e+00 9.940000000000001057e-01
3.205000000000000071e+00 9.949999999999999956e-01
3.209999999999999964e+00 9.949999999999999956e-01
3.214999999999999858e+00 9.949999999999999956e-01
3.220000000000000195e+00 9.949999999999999956e-01
3.225000000000000089e+00 9.940000000000001057e-01
3.229999999999999982e+00 9.929999999999999938e-01
3.234999999999999876e+00 9.919999999999999929e-01
3.240000000000000213e+00 9.899999999999999911e-01
3.245000000000000107e+00 9.890000000000001013e-01
3.250000000000000000e+00 9.879999999999999893e-01
3.254999999999999893e+00 9.869999999999999885e-01
3.260000000000000231e+00 9.859999999999999876e-01
3.265000000000000124e+00 9.859999999999999876e-01
3.270000000000000018e+00 9.859999999999999876e-01
3.274999999999999911e+00 9.859999999999999876e-01
3.280000000000000249e+00 9.869999999999999885e-01
3.285000000000000142e+00 9.879999999999999893e-01
3.290000000000000036e+00 9.890000000000001013e-01
3.294999999999999929e+00 9.899999999999999911e-01
3.300000000000000266e+00 9.909999999999999920e-01
3.305000000000000160e+00 9.909999999999999920e-01
3.310000000000000053e+00 9.909999999999999920e-01
3.314999999999999947e+00 9.909999999999999920e-01
3.319999999999999840e+00 9.909999999999999920e-01
3.325000000000000178e+00 9.899999999999999911e-01
3.330000000000000071e+00 9.890000000000001013e-01
3.334999999999999964e+00 9.879999999999999893e-01
3.339999999999999858e+00 9.869999999999999885e-01
3.345000000000000195e+00 9.859999999999999876e-01
3.350000000000000089e+00 9.849999999999999867e-01
3.354999999999999982e+00 9.840000000000000968e-01
3.359999999999999876e+00 9.829999999999999849e-01
3.365000000000000213e+00 9.829999999999999849e-01
3.370000000000000107e+00 9.829999999999999849e-01
3.375000000000000000e+00 9.829999999999999849e-01
3.379999999999999893e+00 9.829999999999999849e-01
3.385000000000000231e+00 9.840000000000000968e-01
3.390000000000000124e+00 9.849999999999999867e-01
3.395000000000000018e+00 9.859999999999999876e-01
3.399999999999999911e+00 9.859999999999999876e-01
3.405000000000000249e+00 9.869999999999999885e-01
3.410000000000000142e+00 9.869999999999999885e-01
3.415000000000000036e+00 9.869999999999999885e-01
3.419999999999999929e+00 9.869999999999999885e-01
3.425000000000000266e+00 9.859999999999999876e-01
3.430000000000000160e+00 9.849999999999999867e-01
3.435000000000000053e+00 9.840000000000000968e-01
3.439999999999999947e+00 9.829999999999999849e-01
3.444999999999999840e+00 9.819999999999999840e-01
3.450000000000000178e+00 9.809999999999999831e-01
3.455000000000000071e+00 9.799999999999999822e-01
3.459999999999999964e+00 9.799999999999999822e-01
3.464999999999999858e+00 9.790000000000000924e-01
3.470000000000000195e+00 9.790000000000000924e-01
3.475000000000000089e+00 9.799999999999999822e-01
3.479999999999999982e+00 9.799999999999999822e-01
3.484999999999999876e+00 9.809999999999999831e-01
3.490000000000000213e+00 9.819999999999999840e-01
3.495000000000000107e+00 9.819999999999999840e-01
3.500000000000000000e+00 9.829999999999999849e-01
3.504999999999999893e+00 9.840000000000000968e-01
3.510000000000000231e+00 9.849999999999999867e-01
3.515000000000000124e+00 9.849999999999999867e-01
3.520000000000000018e+00 9.849999999999999867e-01
3.524999999999999911e+00 9.849999999999999867e-01
3.530000000000000249e+00 9.840000000000000968e-01
3.535000000000000142e+00 9.840000000000000968e-01
3.540000000000000036e+00 9.829999999999999849e-01
3.544999999999999929e+00 9.819999999999999840e-01
3.550000000000000266e+00 9.809999999999995390e-01
3.555000000000000160e+00 9.799999999999999822e-01
3.560000000000000053e+00 9.790000000000000924e-01
3.564999999999999947e+00 9.790000000000000924e-01
3.569999999999999840e+00 9.779999999999999805e-01
3.575000000000000178e+00 9.790000000000000924e-01
3.580000000000000071e+00 9.790000000000000924e-01
3.584999999999999964e+00 9.799999999999999822e-01
3.589999999999999858e+00 9.809999999999999831e-01
3.595000000000000195e+00 9.819999999999999840e-01
3.600000000000000089e+00 9.829999999999999849e-01
3.604999999999999982e+00 9.840000000000000968e-01
3.609999999999999876e+00 9.849999999999999867e-01
3.615000000000000213e+00 9.859999999999999876e-01
3.620000000000000107e+00 9.859999999999999876e-01
3.625000000000000000e+00 9.859999999999999876e-01
3.629999999999999893e+00 9.859999999999999876e-01
3.635000000000000231e+00 9.859999999999999876e-01
3.640000000000000124e+00 9.849999999999999867e-01
3.645000000000000018e+00 9.840000000000000968e-01
3.649999999999999911e+00 9.840000000000000968e-01
3.655000000000000249e+00 9.829999999999995408e-01
3.660000000000000142e+00 9.819999999999999840e-01
3.665000000000000036e+00 9.809999999999999831e-01
3.669999999999999929e+00 9.799999999999999822e-01
3.675000000000000266e+00 9.799999999999999822e-01
3.680000000000000160e+00 9.799999999999999822e-01
3.685000000000000053e+00 9.809999999999999831e-01
3.689999999999999947e+00 9.809999999999999831e-01
3.694999999999999840e+00 9.819999999999999840e-01
3.700000000000000178e+00 9.829999999999999849e-01
3.705000000000000071e+00 9.849999999999999867e-01
3.709999999999999964e+00 9.859999999999999876e-01
3.714999999999999858e+00 9.869999999999999885e-01
3.720000000000000195e+00 9.879999999999999893e-01
3.725000000000000089e+00 9.879999999999999893e-01
3.729999999999999982e+00 9.879999999999999893e-01
3.734999999999999876e+00 9.879999999999999893e-01
3.740000000000000213e+00 9.869999999999999885e-01
3.745000000000000107e+00 9.869999999999999885e-01
3.750000000000000000e+00 9.859999999999999876e-01
3.754999999999999893e+00 9.840000000000000968e-01
3.760000000000000231e+00 9.829999999999999849e-01
3.765000000000000124e+00 9.819999999999999840e-01
3.770000000000000018e+00 9.809999999999999831e-01
3.774999999999999911e+00 9.809999999999999831e-01
3.780000000000000249e+00 9.809999999999999831e-01
3.785000000000000142e+00 9.809999999999999831e-01
3.790000000000000036e+00 9.819999999999999840e-01
3.794999999999999929e+00 9.829999999999999849e-01
3.800000000000000266e+00 9.840000000000000968e-01
3.805000000000000160e+00 9.849999999999999867e-01
3.810000000000000053e+00 9.859999999999999876e-01
3.814999999999999947e+00 9.869999999999999885e-01
3.819999999999999840e+00 9.879999999999999893e-01
3.825000000000000178e+00 9.879999999999999893e-01
3.830000000000000071e+00 9.879999999999999893e-01
3.834999999999999964e+00 9.879999999999999893e-01
3.839999999999999858e+00 9.859999999999999876e-01
3.845000000000000195e+00 9.849999999999999867e-01
3.850000000000000089e+00 9.829999999999999849e-01
3.854999999999999982e+00 9.809999999999999831e-01
3.859999999999999876e+00 9.799999999999999822e-01
3.865000000000000213e+00 9.790000000000000924e-01
3.870000000000000107e+00 9.779999999999999805e-01
3.875000000000000000e+00 9.779999999999999805e-01
3.879999999999999893e+00 9.779999999999999805e-01
3.885000000000000231e+00 9.790000000000000924e-01
3.890000000000000124e+00 9.799999999999999822e-01
3.895000000000000018e+00 9.819999999999999840e-01
3.899999999999999911e+00 9.829999999999999849e-01
3.905000000000000249e+00 9.840000000000004299e-01
3.910000000000000142e+00 9.849999999999999867e-01
3.915000000000000036e+00 9.849999999999999867e-01
3.919999999999999929e+00 9.829999999999999849e-01
3.925000000000000266e+00 9.809999999999995390e-01
3.930000000000000160e+00 9.779999999999999805e-01
3.935000000000000053e+00 9.749999999999999778e-01
3.939999999999999947e+00 9.729999999999999760e-01
3.944999999999999840e+00 9.719999999999999751e-01
3.950000000000000178e+00 9.719999999999999751e-01
3.955000000000000071e+00 9.740000000000000879e-01
3.959999999999999964e+00 9.769999999999999796e-01
3.964999999999999858e+00 9.779999999999999805e-01
3.970000000000000195e+00 9.719999999999999751e-01
3.975000000000000089e+00 9.540000000000000702e-01
3.979999999999999982e+00 9.129999999999999227e-01
3.984999999999999876e+00 8.440000000000000835e-01
3.990000000000000213e+00 7.440000000000001057e-01
3.995000000000000107e+00 6.239999999999999991e-01
4.000000000000000000e+00 4.989999999999999991e-01
4.004999999999999893e+00 3.829999999999999516e-01
4.009999999999999787e+00 2.860000000000000320e-01
4.015000000000000568e+00 2.109999999999893627e-01
4.019999999999999574e+00 1.549999999999999989e-01
4.025000000000000355e+00 1.140000000000000041e-01
4.030000000000000249e+00 8.500000000000000611e-02
4.035000000000000142e+00 6.360000000000000375e-02
4.040000000000000036e+00 4.809999999999999692e-02
4.044999999999999929e+00 3.669999999999999651e-02
4.050000000000000711e+00 2.839999999999866589e-02
4.054999999999999716e+00 2.209999999999999812e-02
4.060000000000000497e+00 1.739999999999929103e-02
4.064999999999999503e+00 1.380000000000053233e-02
4.070000000000000284e+00 1.100000000000000110e-02
4.075000000000000178e+00 8.819999999999999715e-03
4.080000000000000071e+00 7.130000000000000053e-03
4.084999999999999964e+00 5.790000000000000008e-03
4.089999999999999858e+00 4.719999999999999370e-03
4.095000000000000639e+00 3.859999999999867010e-03
4.099999999999999645e+00 3.160000000000000048e-03
4.105000000000000426e+00 2.599999999999999881e-03
4.109999999999999432e+00 2.130000000000079746e-03
4.115000000000000213e+00 1.749999999999999820e-03
4.120000000000000107e+00 1.439999999999999874e-03
4.125000000000000000e+00 1.179999999999999842e-03
4.129999999999999893e+00 9.719999999999999907e-04
4.134999999999999787e+00 7.969999999999999654e-04
4.140000000000000568e+00 6.529999999999769496e-04
4.144999999999999574e+00 5.340000000000000779e-04
4.150000000000000355e+00 4.370000000000000512e-04
4.155000000000000249e+00 3.570000000000000040e-04
4.160000000000000142e+00 2.919999999999999961e-04
4.165000000000000036e+00 2.390000000000000089e-04
4.169999999999999929e+00 1.949999999999999965e-04
4.175000000000000711e+00 1.599999999999938060e-04
4.179999999999999716e+00 1.310000000000000129e-04
4.185000000000000497e+00 1.069999999999964344e-04
4.189999999999999503e+00 8.800000000000311479e-05
4.195000000000000284e+00 7.239999999999999799e-05
4.200000000000000178e+00 5.969999999999999423e-05
4.205000000000000071e+00 4.940000000000000136e-05
4.209999999999999964e+00 4.089999999999999804e-05
4.214999999999999858e+00 3.399999999999999973e-05
4.220000000000000639e+00 2.829999999999911241e-05
4.224999999999999645e+00 2.370000000000000009e-05
4.230000000000000426e+00 1.989999999999999921e-05
4.234999999999999432e+00 1.670000000000053467e-05
4.240000000000000213e+00 1.410000000000000053e-05
4.245000000000000107e+00 1.190000000000000126e-05
4.250000000000000000e+00 1.009999999999999986e-05
4.254999999999999893e+00 8.589999999999999071e-06
4.259999999999999787e+00 7.330000000000000124e-06
4.265000000000000568e+00 6.279999999999830606e-06
4.269999999999999574e+00 5.390000000000000063e-06
4.275000000000000355e+00 4.650000000000000372e-06
4.280000000000000249e+00 4.009999999999999723e-06
4.285000000000000142e+00 3.480000000000000139e-06
4.290000000000000036e+00 3.020000000000000308e-06
4.294999999999999929e+00 2.629999999999999807e-06
4.300000000000000711e+00 2.299999999999946639e-06
4.304999999999999716e+00 2.020000000000000142e-06
4.310000000000000497e+00 1.769999999999964419e-06
4.314999999999999503e+00 1.560000000000035462e-06
4.320000000000000284e+00 1.379999999999999916e-06
4.325000000000000178e+00 1.219999999999999966e-06
4.330000000000000071e+00 1.080000000000000036e-06
4.334999999999999964e+00 9.650000000000000781e-07
4.339999999999999858e+00 8.610000000000000997e-07
4.345000000000000639e+00 7.709999999999849737e-07
4.349999999999999645e+00 6.910000000000000333e-07
4.355000000000000426e+00 6.210000000000000682e-07
4.359999999999999432e+00 5.600000000000097791e-07
4.365000000000000213e+00 5.050000000000000354e-07
4.370000000000000107e+00 4.569999999999999761e-07
4.375000000000000000e+00 4.149999999999999971e-07
4.379999999999999893e+00 3.770000000000000009e-07
4.384999999999999787e+00 3.429999999999999877e-07
4.390000000000000568e+00 3.139999999999946325e-07
4.394999999999999574e+00 2.870000000000000156e-07
4.400000000000000355e+00 2.630000000000000125e-07
4.405000000000000249e+00 2.419999999999999700e-07
4.410000000000000142e+00 2.220000000000000027e-07
4.415000000000000036e+00 2.049999999999999960e-07
4.419999999999999929e+00 1.889999999999999851e-07
4.425000000000000711e+00 1.749999999999982186e-07
4.429999999999999716e+00 1.629999999999999905e-07
4.435000000000000497e+00 1.509999999999982155e-07
4.439999999999999503e+00 1.410000000000017787e-07
4.445000000000000284e+00 1.309999999999999951e-07
4.450000000000000178e+00 1.230000000000000029e-07
4.455000000000000071e+00 1.149999999999999974e-07
4.459999999999999964e+00 1.080000000000000009e-07
4.464999999999999858e+00 1.010000000000000044e-07
4.470000000000000639e+00 9.519999999999893341e-08
4.474999999999999645e+00 8.970000000000000251e-08
4.480000000000000426e+00 8.469999999999999744e-08
4.484999999999999432e+00 8.000000000000079577e-08
4.490000000000000213e+00 7.580000000000000377e-08
4.495000000000000107e+00 7.190000000000000193e-08
4.500000000000000000e+00 6.829999999999999617e-08
4.504999999999999893e+00 6.489999999999999219e-08
4.509999999999999787e+00 6.179999999999999752e-08
4.515000000000000568e+00 5.889999999999946863e-08
4.519999999999999574e+00 5.620000000000000693e-08
4.525000000000000355e+00 5.370000000000000440e-08
4.530000000000000249e+00 5.139999999999999704e-08
4.535000000000000142e+00 4.930000000000000470e-08
4.540000000000000036e+00 4.729999999999999341e-08
4.544999999999999929e+00 4.539999999999999625e-08
4.550000000000000711e+00 4.369999999999973618e-08
4.554999999999999716e+00 4.210000000000000641e-08
4.560000000000000497e+00 4.059999999999982092e-08
4.564999999999999503e+00 3.930000000000017324e-08
4.570000000000000284e+00 3.800000000000000278e-08
4.575000000000000178e+00 3.679999999999999865e-08
4.580000000000000071e+00 3.560000000000000114e-08
4.584999999999999964e+00 3.449999999999999791e-08
4.589999999999999858e+00 3.350000000000000219e-08
4.595000000000000639e+00 3.259999999999982208e-08
4.599999999999999645e+00 3.169999999999999931e-08
4.605000000000000426e+00 3.080000000000000448e-08
4.609999999999999432e+00 3.000000000000017599e-08
4.615000000000000213e+00 2.929999999999999767e-08
4.620000000000000107e+00 2.849999999999999712e-08
4.625000000000000000e+00 2.780000000000000078e-08
4.629999999999999893e+00 2.719999999999999872e-08
4.634999999999999787e+00 2.649999999999999907e-08
4.640000000000000568e+00 2.589999999999991428e-08
4.644999999999999574e+00 2.529999999999999825e-08
4.650000000000000355e+00 2.469999999999999949e-08
4.655000000000000249e+00 2.409999999999999743e-08
4.660000000000000142e+00 2.349999999999999867e-08
4.665000000000000036e+00 2.300000000000000081e-08
4.669999999999999929e+00 2.240000000000000206e-08
4.675000000000000711e+00 2.189999999999991155e-08
4.679999999999999716e+00 2.129999999999999882e-08
4.685000000000000497e+00 2.079999999999991163e-08
4.689999999999999503e+00 2.020000000000009154e-08
4.695000000000000284e+00 1.970000000000000104e-08
4.700000000000000178e+00 1.909999999999999898e-08
4.705000000000000071e+00 1.860000000000000112e-08
4.709999999999999964e+00 1.799999999999999905e-08
4.714999999999999858e+00 1.740000000000000030e-08
4.720000000000000639e+00 1.689999999999990979e-08
4.724999999999999645e+00 1.630000000000000037e-08
4.730000000000000426e+00 1.579999999999999921e-08
4.734999999999999432e+00 1.520000000000008979e-08
4.740000000000000213e+00 1.460000000000000004e-08
4.745000000000000107e+00 1.410000000000000053e-08
4.750000000000000000e+00 1.350000000000000012e-08
4.754999999999999893e+00 1.300000000000000060e-08
4.759999999999999787e+00 1.250000000000000109e-08
4.765000000000000568e+00 1.189999999999991134e-08
4.769999999999999574e+00 1.140000000000000116e-08
4.775000000000000355e+00 1.090000000000000000e-08
4.780000000000000249e+00 1.049999999999999972e-08
4.785000000000000142e+00 9.990000000000000451e-09
4.790000000000000036e+00 9.540000000000001384e-09
4.794999999999999929e+00 9.110000000000000181e-09
4.800000000000000711e+00 8.689999999999929253e-09
4.804999999999999716e+00 8.290000000000000117e-09
4.810000000000000497e+00 7.909999999999929878e-09
4.814999999999999503e+00 7.540000000000062885e-09
4.820000000000000284e+00 7.180000000000000435e-09
4.825000000000000178e+00 6.850000000000000127e-09
4.830000000000000071e+00 6.530000000000000405e-09
4.834999999999999964e+00 6.220000000000000441e-09
4.839999999999999858e+00 5.940000000000000581e-09
4.845000000000000639e+00 5.659999999999955226e-09
4.849999999999999645e+00 5.410000000000000136e-09
4.855000000000000426e+00 5.160000000000000379e-09
4.859999999999999432e+00 4.930000000000035708e-09
4.865000000000000213e+00 4.710000000000000486e-09
4.870000000000000107e+00 4.499999999999999763e-09
4.875000000000000000e+00 4.310000000000000213e-09
4.879999999999999893e+00 4.119999999999999835e-09
4.884999999999999787e+00 3.949999999999999801e-09
4.890000000000000568e+00 3.779999999999974125e-09
4.894999999999999574e+00 3.630000000000000079e-09
4.900000000000000355e+00 3.479999999999999977e-09
4.905000000000000249e+00 3.340000000000000047e-09
4.910000000000000142e+00 3.209999999999999875e-09
4.915000000000000036e+00 3.080000000000000117e-09
4.919999999999999929e+00 2.970000000000000290e-09
4.925000000000000711e+00 2.849999999999982093e-09
4.929999999999999716e+00 2.750000000000000223e-09
4.935000000000000497e+00 2.649999999999981957e-09
4.939999999999999503e+00 2.560000000000018043e-09
4.945000000000000284e+00 2.469999999999999949e-09
4.950000000000000178e+00 2.390000000000000225e-09
4.955000000000000071e+00 2.310000000000000088e-09
4.959999999999999964e+00 2.229999999999999951e-09
4.964999999999999858e+00 2.159999999999999986e-09
4.970000000000000639e+00 2.099999999999991094e-09
4.974999999999999645e+00 2.039999999999999986e-09
4.980000000000000426e+00 1.980000000000000194e-09
4.984999999999999432e+00 1.920000000000009086e-09
4.990000000000000213e+00 1.869999999999999953e-09
4.995000000000000107e+00 1.819999999999999919e-09
5.000000000000000000e+00 1.770000000000000092e-09
5.004999999999999893e+00 1.730000000000000023e-09
5.009999999999999787e+00 1.689999999999999954e-09
5.014999999999999680e+00 1.650000000000000092e-09
5.020000000000000462e+00 1.609999999999990925e-09
5.025000000000000355e+00 1.569999999999999955e-09
5.030000000000000249e+00 1.540000000000000059e-09
5.035000000000000142e+00 1.509999999999999955e-09
5.040000000000000036e+00 1.480000000000000059e-09
5.044999999999999929e+00 1.449999999999999956e-09
5.049999999999999822e+00 1.430000000000000025e-09
5.054999999999999716e+00 1.400000000000000129e-09
5.060000000000000497e+00 1.379999999999990892e-09
5.065000000000000391e+00 1.360000000000000060e-09
5.070000000000000284e+00 1.340000000000000129e-09
5.075000000000000178e+00 1.319999999999999991e-09
5.080000000000000071e+00 1.300000000000000060e-09
5.084999999999999964e+00 1.280000000000000129e-09
5.089999999999999858e+00 1.270000000000000164e-09
5.094999999999999751e+00 1.250000000000000026e-09
5.099999999999999645e+00 1.240000000000000061e-09
5.105000000000000426e+00 1.230000000000000095e-09
5.110000000000000320e+00 1.220000000000000130e-09
5.115000000000000213e+00 1.210000000000000164e-09
5.120000000000000107e+00 1.199999999999999992e-09
5.125000000000000000e+00 1.190000000000000027e-09
5.129999999999999893e+00 1.190000000000000027e-09
5.134999999999999787e+00 1.180000000000000061e-09
5.139999999999999680e+00 1.180000000000000061e-09
5.145000000000000462e+00 1.170000000000000096e-09
5.150000000000000355e+00 1.170000000000000096e-09
5.155000000000000249e+00 1.170000000000000096e-09
5.160000000000000142e+00 1.160000000000000130e-09
5.165000000000000036e+00 1.160000000000000130e-09
5.169999999999999929e+00 1.160000000000000130e-09
5.174999999999999822e+00 1.160000000000000130e-09
5.179999999999999716e+00 1.170000000000000096e-09
5.185000000000000497e+00 1.170000000000000096e-09
5.190000000000000391e+00 1.170000000000000096e-09
5.195000000000000284e+00 1.180000000000000061e-09
5.200000000000000178e+00 1.180000000000000061e-09
5.205000000000000071e+00 1.190000000000000027e-09
5.209999999999999964e+00 1.190000000000000027e-09
5.214999999999999858e+00 1.199999999999999992e-09
5.219999999999999751e+00 1.210000000000000164e-09
5.224999999999999645e+00 1.220000000000000130e-09
5.230000000000000426e+00 1.230000000000000095e-09
5.235000000000000320e+00 1.240000000000000061e-09
5.240000000000000213e+00 1.250000000000000026e-09
5.245000000000000107e+00 1.259999999999999992e-09
5.250000000000000000e+00 1.280000000000000129e-09
5.254999999999999893e+00 1.290000000000000095e-09
5.259999999999999787e+00 1.310000000000000026e-09
5.264999999999999680e+00 1.330000000000000163e-09
5.270000000000000462e+00 1.340000000000009021e-09
5.275000000000000355e+00 1.360000000000000060e-09
5.280000000000000249e+00 1.379999999999999991e-09
5.285000000000000142e+00 1.410000000000000094e-09
5.290000000000000036e+00 1.430000000000000025e-09
5.294999999999999929e+00 1.449999999999999956e-09
5.299999999999999822e+00 1.480000000000000059e-09
5.304999999999999716e+00 1.509999999999999955e-09
5.310000000000000497e+00 1.530000000000008985e-09
5.315000000000000391e+00 1.559999999999999990e-09
5.320000000000000284e+00 1.600000000000000058e-09
5.325000000000000178e+00 1.629999999999999955e-09
5.330000000000000071e+00 1.660000000000000058e-09
5.334999999999999964e+00 1.699999999999999920e-09
5.339999999999999858e+00 1.739999999999999988e-09
5.344999999999999751e+00 1.780000000000000057e-09
5.350000000000000533e+00 1.820000000000008811e-09
5.355000000000000426e+00 1.869999999999999953e-09
5.360000000000000320e+00 1.910000000000000229e-09
5.365000000000000213e+00 1.960000000000000263e-09
5.370000000000000107e+00 2.010000000000000297e-09
5.375000000000000000e+00 2.069999999999999676e-09
5.379999999999999893e+00 2.120000000000000124e-09
5.384999999999999787e+00 2.179999999999999917e-09
5.389999999999999680e+00 2.240000000000000123e-09
5.395000000000000462e+00 2.310000000000008773e-09
5.400000000000000355e+00 2.380000000000000053e-09
