1.000000000000000000e+00 2.059999999999999866e-11
1.004999999999999893e+00 2.679999999999999728e-11
1.010000000000000009e+00 8.739999999999999029e-11
1.014999999999999902e+00 2.059999999999999866e-10
1.020000000000000018e+00 2.020000000000000004e-10
1.024999999999999911e+00 7.080000000000000367e-10
1.030000000000000027e+00 5.740000000000000444e-09
1.034999999999999920e+00 5.540000000000000308e-09
1.040000000000000036e+00 1.090000000000000000e-08
1.044999999999999929e+00 8.470000000000000736e-09
1.050000000000000044e+00 6.649999999999999990e-09
1.054999999999999938e+00 3.540000000000000183e-09
1.060000000000000053e+00 5.340000000000000171e-09
1.064999999999999947e+00 6.570000000000000267e-09
1.070000000000000062e+00 4.669999999999999797e-09
1.074999999999999956e+00 3.639999999999999838e-09
1.080000000000000071e+00 2.360000000000000122e-09
1.084999999999999964e+00 2.469999999999999949e-09
1.090000000000000080e+00 2.779999999999999913e-09
1.094999999999999973e+00 2.170000000000000158e-09
1.100000000000000089e+00 1.759999999999999919e-09
1.104999999999999982e+00 1.230000000000000095e-09
1.110000000000000098e+00 9.659999999999999729e-10
1.114999999999999991e+00 1.019999999999999993e-09
1.120000000000000107e+00 1.060000000000000062e-09
1.125000000000000000e+00 1.019999999999999993e-09
1.129999999999999893e+00 1.089999999999999958e-09
1.135000000000000009e+00 1.070000000000000027e-09
1.140000000000000124e+00 9.239999999999917427e-10
1.145000000000000018e+00 7.129999999999999160e-10
1.149999999999999911e+00 5.119999999999999897e-10
1.155000000000000027e+00 4.380000000000000384e-10
1.159999999999999920e+00 4.770000000000000072e-10
1.165000000000000036e+00 5.560000000000000446e-10
1.169999999999999929e+00 6.120000000000000580e-10
1.175000000000000044e+00 6.400000000000000647e-10
1.179999999999999938e+00 5.610000000000000273e-10
1.185000000000000053e+00 4.549999999999999797e-10
1.189999999999999947e+00 4.179999999999999524e-10
1.195000000000000062e+00 3.929999999999999870e-10
1.199999999999999956e+00 3.439999999999999495e-10
1.205000000000000071e+00 3.459999999999999943e-10
1.209999999999999964e+00 4.509999999999999936e-10
1.215000000000000080e+00 5.689999999999999997e-10
1.219999999999999973e+00 4.740000000000000175e-10
1.225000000000000089e+00 3.679999999999999700e-10
1.229999999999999982e+00 3.270000000000000082e-10
1.235000000000000098e+00 3.029999999999999876e-10
1.239999999999999991e+00 2.930000000000000222e-10
1.245000000000000107e+00 3.319999999999999909e-10
1.250000000000000000e+00 4.590000000000000176e-10
1.254999999999999893e+00 6.550000000000000129e-10
1.260000000000000009e+00 6.959999999999999747e-10
1.265000000000000124e+00 5.499999999999927240e-10
1.270000000000000018e+00 4.040000000000000008e-10
1.274999999999999911e+00 3.120000000000000083e-10
1.280000000000000027e+00 2.729999999999999878e-10
1.285000000000000142e+00 2.800000000000017731e-10
1.290000000000000036e+00 3.389999999999999667e-10
1.294999999999999929e+00 4.750000000000000141e-10
1.300000000000000044e+00 7.519999999999999881e-10
1.304999999999999938e+00 1.210000000000000164e-09
1.310000000000000053e+00 1.460000000000000128e-09
1.314999999999999947e+00 1.160000000000000130e-09
1.320000000000000062e+00 8.410000000000000944e-10
1.324999999999999956e+00 6.779999999999999335e-10
1.330000000000000071e+00 6.240000000000000165e-10
1.334999999999999964e+00 6.439999999999999475e-10
1.340000000000000080e+00 7.409999999999999227e-10
1.344999999999999973e+00 9.529999999999999144e-10
1.350000000000000089e+00 1.370000000000000025e-09
1.354999999999999982e+00 2.140000000000000055e-09
1.359999999999999876e+00 3.349999999999940248e-09
1.364999999999999991e+00 4.620000000000000176e-09
1.370000000000000107e+00 5.249999999999999862e-09
1.375000000000000000e+00 5.200000000000000241e-09
1.379999999999999893e+00 4.850000000000000416e-09
1.385000000000000009e+00 4.550000000000000211e-09
1.390000000000000124e+00 4.490000000000004141e-09
1.395000000000000018e+00 4.760000000000000106e-09
1.399999999999999911e+00 5.330000000000000413e-09
1.405000000000000027e+00 5.899999999999999892e-09
1.410000000000000142e+00 6.190000000000008610e-09
1.415000000000000036e+00 6.600000000000000370e-09
1.419999999999999929e+00 8.480000000000000495e-09
1.425000000000000044e+00 1.560000000000000072e-08
1.429999999999999938e+00 2.349999999999999867e-08
1.435000000000000053e+00 7.730000000000000397e-09
1.439999999999999947e+00 2.980000000000000049e-09
1.445000000000000062e+00 1.879999999999999712e-09
1.449999999999999956e+00 1.989999999999999952e-09
1.455000000000000071e+00 4.640000000000000521e-09
1.459999999999999964e+00 1.410000000000000053e-08
1.465000000000000080e+00 1.149999999999999958e-09
1.469999999999999973e+00 3.019999999999999911e-10
1.475000000000000089e+00 1.400000000000000077e-10
1.479999999999999982e+00 9.230000000000000697e-11
1.484999999999999876e+00 8.179999999999999153e-11
1.489999999999999991e+00 9.980000000000000692e-11
1.495000000000000107e+00 1.879999999999999970e-10
1.500000000000000000e+00 5.509999999999999584e-10
1.504999999999999893e+00 2.530000000000000052e-10
1.510000000000000009e+00 7.020000000000000057e-11
1.515000000000000124e+00 3.229999999999923835e-11
1.520000000000000018e+00 2.070000000000000025e-11
1.524999999999999911e+00 1.690000000000000109e-11
1.530000000000000027e+00 1.699999999999999946e-11
1.535000000000000142e+00 2.130000000000035555e-11
1.540000000000000036e+00 3.449999999999999719e-11
1.544999999999999929e+00 8.210000000000000600e-11
1.550000000000000044e+00 3.589999999999999494e-10
1.555000000000000160e+00 3.559999999999795387e-10
1.560000000000000053e+00 1.020000000000000097e-10
1.564999999999999947e+00 5.379999999999999775e-11
1.570000000000000062e+00 4.149999999999999886e-11
1.575000000000000178e+00 4.190000000000031543e-11
1.580000000000000071e+00 5.419999999999999766e-11
1.584999999999999964e+00 9.279999999999999232e-11
1.589999999999999858e+00 2.419999999999884627e-10
1.594999999999999973e+00 1.600000000000000058e-09
1.600000000000000089e+00 2.020000000000000055e-09
1.604999999999999982e+00 3.990000000000000180e-10
1.609999999999999876e+00 2.050000000000044620e-10
1.614999999999999991e+00 1.619999999999999834e-10
1.620000000000000107e+00 1.680000000000000144e-10
1.625000000000000000e+00 2.220000000000000089e-10
1.629999999999999893e+00 3.779999999999999871e-10
1.635000000000000009e+00 9.230000000000000180e-10
1.640000000000000124e+00 4.760000000000745396e-09
1.645000000000000018e+00 5.730000000000000355e-08
1.649999999999999911e+00 4.300000000000000454e-09
1.655000000000000027e+00 1.859999999999999988e-09
1.660000000000000142e+00 1.409999999999995545e-09
1.665000000000000036e+00 1.460000000000000128e-09
1.669999999999999929e+00 1.980000000000000194e-09
1.675000000000000044e+00 3.519999999999999839e-09
1.680000000000000160e+00 9.500000000000688909e-09
1.685000000000000053e+00 7.600000000000000556e-08
1.689999999999999947e+00 1.840000000000000065e-07
1.695000000000000062e+00 1.860000000000000112e-08
1.700000000000000178e+00 7.999999999999816864e-09
1.705000000000000071e+00 5.230000000000000344e-09
1.709999999999999964e+00 4.250000000000000006e-09
1.714999999999999858e+00 4.040000000000000111e-09
1.719999999999999973e+00 4.420000000000000040e-09
1.725000000000000089e+00 5.670000000000000479e-09
1.729999999999999982e+00 9.030000000000000457e-09
1.734999999999999876e+00 2.079999999999911092e-08
1.739999999999999991e+00 1.239999999999999986e-07
1.745000000000000107e+00 1.940000000000000166e-07
1.750000000000000000e+00 2.370000000000000046e-08
1.754999999999999893e+00 9.269999999999999628e-09
1.760000000000000009e+00 5.559999999999999825e-09
1.765000000000000124e+00 4.299999999999975639e-09
1.770000000000000018e+00 4.090000000000000559e-09
1.774999999999999911e+00 4.770000000000000692e-09
1.780000000000000027e+00 7.129999999999999987e-09
1.785000000000000142e+00 1.580000000000093227e-08
1.790000000000000036e+00 7.009999999999999905e-08
1.794999999999999929e+00 4.040000000000000442e-08
1.800000000000000044e+00 8.900000000000000285e-09
1.805000000000000160e+00 3.669999999999899852e-09
1.810000000000000053e+00 2.100000000000000193e-09
1.814999999999999947e+00 1.470000000000000094e-09
1.820000000000000062e+00 1.199999999999999992e-09
1.825000000000000178e+00 1.130000000000000027e-09
1.830000000000000071e+00 1.210000000000000164e-09
1.834999999999999964e+00 1.490000000000000025e-09
1.839999999999999858e+00 2.209999999999955766e-09
1.844999999999999973e+00 4.139999999999999352e-09
1.850000000000000089e+00 9.170000000000000387e-09
1.854999999999999982e+00 8.589999999999999495e-09
1.859999999999999876e+00 3.380000000000153351e-09
1.864999999999999991e+00 1.559999999999999990e-09
1.870000000000000107e+00 9.130000000000000525e-10
1.875000000000000000e+00 6.319999999999999889e-10
1.879999999999999893e+00 5.010000000000000277e-10
1.885000000000000009e+00 4.440000000000000177e-10
1.890000000000000124e+00 4.380000000000008656e-10
1.895000000000000018e+00 4.799999999999999968e-10
1.899999999999999911e+00 5.889999999999999306e-10
1.905000000000000027e+00 8.200000000000000635e-10
1.910000000000000142e+00 1.290000000000028839e-09
1.915000000000000036e+00 1.980000000000000194e-09
1.919999999999999929e+00 1.950000000000000090e-09
1.925000000000000044e+00 1.160000000000000130e-09
1.930000000000000160e+00 6.489999999999856613e-10
1.935000000000000053e+00 4.029999999999999525e-10
1.939999999999999947e+00 2.820000000000000085e-10
1.945000000000000062e+00 2.190000000000000192e-10
1.950000000000000178e+00 1.859999999999991251e-10
1.955000000000000071e+00 1.719999999999999747e-10
1.959999999999999964e+00 1.710000000000000040e-10
1.964999999999999858e+00 1.849999999999991027e-10
1.969999999999999973e+00 2.160000000000000037e-10
1.975000000000000089e+00 2.709999999999999948e-10
1.979999999999999982e+00 3.619999999999999907e-10
1.984999999999999876e+00 4.769999999999950441e-10
1.989999999999999991e+00 5.300000000000000309e-10
1.995000000000000107e+00 4.409999999999999764e-10
2.000000000000000000e+00 3.039999999999999842e-10
2.004999999999999893e+00 2.050000000000000159e-10
2.009999999999999787e+00 1.439999999999999939e-10
2.015000000000000124e+00 1.089999999999999984e-10
2.020000000000000018e+00 8.810000000000001113e-11
2.024999999999999911e+00 7.590000000000000415e-11
2.030000000000000249e+00 6.929999999999964695e-11
2.035000000000000142e+00 6.689999999999999645e-11
2.040000000000000036e+00 6.819999999999999455e-11
2.044999999999999929e+00 7.339999999999999986e-11
2.049999999999999822e+00 8.319999999999999445e-11
2.054999999999999716e+00 9.919999999999836238e-11
2.060000000000000053e+00 1.229999999999999888e-10
2.064999999999999947e+00 1.560000000000000041e-10
2.070000000000000284e+00 1.900000000000027043e-10
2.075000000000000178e+00 2.059999999999999866e-10
2.080000000000000071e+00 1.889999999999999936e-10
2.084999999999999964e+00 1.519999999999999921e-10
2.089999999999999858e+00 1.160000000000000001e-10
2.094999999999999751e+00 8.990000000000199790e-11
2.100000000000000089e+00 7.190000000000000504e-11
2.104999999999999982e+00 6.009999999999999150e-11
2.110000000000000320e+00 5.259999999999946810e-11
2.115000000000000213e+00 4.800000000000000227e-11
2.120000000000000107e+00 4.580000000000000599e-11
2.125000000000000000e+00 4.560000000000000280e-11
2.129999999999999893e+00 4.720000000000000244e-11
2.134999999999999787e+00 5.079999999999999518e-11
2.140000000000000124e+00 5.689999999999999867e-11
2.145000000000000018e+00 6.629999999999999336e-11
2.150000000000000355e+00 8.010000000000156387e-11
2.155000000000000249e+00 9.990000000000227357e-11
2.160000000000000142e+00 1.270000000000000009e-10
2.165000000000000036e+00 1.579999999999999972e-10
2.169999999999999929e+00 1.850000000000000074e-10
2.174999999999999822e+00 1.949999999999999987e-10
2.179999999999999716e+00 1.820000000000018014e-10
2.185000000000000053e+00 1.560000000000000041e-10
2.189999999999999947e+00 1.300000000000000164e-10
2.195000000000000284e+00 1.079999999999986706e-10
2.200000000000000178e+00 9.270000000000000042e-11
2.205000000000000071e+00 8.189999999999999635e-11
2.209999999999999964e+00 7.489999999999999468e-11
2.214999999999999858e+00 7.089999999999999556e-11
2.219999999999999751e+00 6.950000000000004434e-11
2.225000000000000089e+00 7.030000000000000539e-11
2.229999999999999982e+00 7.349999999999999176e-11
2.235000000000000320e+00 7.940000000000066415e-11
2.240000000000000213e+00 8.839999999999999976e-11
2.245000000000000107e+00 1.020000000000000097e-10
2.250000000000000000e+00 1.209999999999999957e-10
2.254999999999999893e+00 1.469999999999999835e-10
2.259999999999999787e+00 1.850000000000000074e-10
2.265000000000000124e+00 2.370000000000000088e-10
2.270000000000000018e+00 3.050000000000000324e-10
2.275000000000000355e+00 3.840000000000066873e-10
2.280000000000000249e+00 4.540000000000049463e-10
2.285000000000000142e+00 4.910000000000000622e-10
2.290000000000000036e+00 4.819999999999999899e-10
2.294999999999999929e+00 4.409999999999999764e-10
2.299999999999999822e+00 3.909999999999999940e-10
2.304999999999999716e+00 3.450000000000039268e-10
2.310000000000000053e+00 3.100000000000000152e-10
2.314999999999999947e+00 2.840000000000000016e-10
2.320000000000000284e+00 2.669999999999991297e-10
2.325000000000000178e+00 2.579999999999999879e-10
2.330000000000000071e+00 2.559999999999999949e-10
2.334999999999999964e+00 2.600000000000000327e-10
2.339999999999999858e+00 2.709999999999999948e-10
2.344999999999999751e+00 2.879999999999982300e-10
2.350000000000000089e+00 3.120000000000000083e-10
2.354999999999999982e+00 3.449999999999999977e-10
2.360000000000000320e+00 3.850000000000044608e-10
2.365000000000000213e+00 4.359999999999999937e-10
2.370000000000000107e+00 4.960000000000000450e-10
2.375000000000000000e+00 5.640000000000000169e-10
2.379999999999999893e+00 6.389999999999999647e-10
2.384999999999999787e+00 7.150000000000000125e-10
2.390000000000000124e+00 7.869999999999999706e-10
2.395000000000000018e+00 8.499999999999999599e-10
2.400000000000000355e+00 9.010000000000040231e-10
2.405000000000000249e+00 9.400000000000025442e-10
2.410000000000000142e+00 9.690000000000000659e-10
2.415000000000000036e+00 9.929999999999999831e-10
2.419999999999999929e+00 1.019999999999999993e-09
2.424999999999999822e+00 1.050000000000000096e-09
2.429999999999999716e+00 1.079999999999999993e-09
2.435000000000000053e+00 1.139999999999999992e-09
2.439999999999999947e+00 1.199999999999999992e-09
2.445000000000000284e+00 1.290000000000008987e-09
2.450000000000000178e+00 1.410000000000000094e-09
2.455000000000000071e+00 1.550000000000000024e-09
2.459999999999999964e+00 1.730000000000000023e-09
2.464999999999999858e+00 1.950000000000000090e-09
2.469999999999999751e+00 2.229999999999973067e-09
2.475000000000000089e+00 2.550000000000000086e-09
2.479999999999999982e+00 2.930000000000000015e-09
2.485000000000000320e+00 3.370000000000039855e-09
2.490000000000000213e+00 3.829999999999999389e-09
2.495000000000000107e+00 4.319999999999999971e-09
2.500000000000000000e+00 4.790000000000000209e-09
2.504999999999999893e+00 5.230000000000000344e-09
2.509999999999999787e+00 5.600000000000000514e-09
2.515000000000000124e+00 5.910000000000000478e-09
2.520000000000000018e+00 6.160000000000000235e-09
2.525000000000000355e+00 6.390000000000018672e-09
2.530000000000000249e+00 6.600000000000022704e-09
2.535000000000000142e+00 6.840000000000000368e-09
2.540000000000000036e+00 7.129999999999999987e-09
2.544999999999999929e+00 7.500000000000000984e-09
2.549999999999999822e+00 7.959999999999999809e-09
2.554999999999999716e+00 8.549999999999940903e-09
2.560000000000000053e+00 9.290000000000000800e-09
2.564999999999999947e+00 1.020000000000000035e-08
2.570000000000000284e+00 1.140000000000013517e-08
2.575000000000000178e+00 1.289999999999999971e-08
2.580000000000000071e+00 1.480000000000000018e-08
2.584999999999999964e+00 1.710000000000000092e-08
2.589999999999999858e+00 2.000000000000000042e-08
2.594999999999999751e+00 2.349999999999969096e-08
2.600000000000000089e+00 2.780000000000000078e-08
2.604999999999999982e+00 3.280000000000000254e-08
2.610000000000000320e+00 3.860000000000057725e-08
2.615000000000000213e+00 4.499999999999999929e-08
2.620000000000000107e+00 5.149999999999999793e-08
2.625000000000000000e+00 5.789999999999999569e-08
2.629999999999999893e+00 6.369999999999999468e-08
2.634999999999999787e+00 6.860000000000000547e-08
2.640000000000000124e+00 7.269999999999999586e-08
2.645000000000000018e+00 7.600000000000000556e-08
2.650000000000000355e+00 7.890000000000027637e-08
2.655000000000000249e+00 8.170000000000026174e-08
2.660000000000000142e+00 8.469999999999999744e-08
2.665000000000000036e+00 8.839999999999999748e-08
2.669999999999999929e+00 9.290000000000000469e-08
2.674999999999999822e+00 9.860000000000000941e-08
2.679999999999999716e+00 1.059999999999991228e-07
2.685000000000000053e+00 1.149999999999999974e-07
2.689999999999999947e+00 1.259999999999999901e-07
2.695000000000000284e+00 1.400000000000013330e-07
2.700000000000000178e+00 1.580000000000000119e-07
2.705000000000000071e+00 1.790000000000000014e-07
2.709999999999999964e+00 2.069999999999999875e-07
2.714999999999999858e+00 2.400000000000000315e-07
2.719999999999999751e+00 2.829999999999955858e-07
2.725000000000000089e+00 3.350000000000000219e-07
2.729999999999999982e+00 3.990000000000000126e-07
2.735000000000000320e+00 4.780000000000080654e-07
2.740000000000000213e+00 5.729999999999999561e-07
2.745000000000000107e+00 6.850000000000000061e-07
2.750000000000000000e+00 8.129999999999999876e-07
2.754999999999999893e+00 9.549999999999999621e-07
2.759999999999999787e+00 1.109999999999999960e-06
2.765000000000000124e+00 1.260000000000000007e-06
2.770000000000000018e+00 1.420000000000000169e-06
2.775000000000000355e+00 1.570000000000013132e-06
2.780000000000000249e+00 1.710000000000013274e-06
2.785000000000000142e+00 1.850000000000000075e-06
2.790000000000000036e+00 1.990000000000000005e-06
2.794999999999999929e+00 2.139999999999999840e-06
2.799999999999999822e+00 2.300000000000000002e-06
2.804999999999999716e+00 2.479999999999982185e-06
2.810000000000000053e+00 2.689999999999999656e-06
2.814999999999999947e+00 2.939999999999999803e-06
2.820000000000000284e+00 3.240000000000031236e-06
2.825000000000000178e+00 3.609999999999999741e-06
2.830000000000000071e+00 4.060000000000000092e-06
2.834999999999999964e+00 4.609999999999999908e-06
2.839999999999999858e+00 5.289999999999999327e-06
2.844999999999999751e+00 6.129999999999920133e-06
2.850000000000000089e+00 7.179999999999999866e-06
2.854999999999999982e+00 8.490000000000000029e-06
2.860000000000000320e+00 1.010000000000017774e-05
2.865000000000000213e+00 1.220000000000000008e-05
2.870000000000000107e+00 1.480000000000000060e-05
2.875000000000000000e+00 1.809999999999999950e-05
2.879999999999999893e+00 2.220000000000000090e-05
2.884999999999999787e+00 2.729999999999999951e-05
2.890000000000000124e+00 3.369999999999999922e-05
2.895000000000000018e+00 4.159999999999999473e-05
2.900000000000000355e+00 5.130000000000098267e-05
2.905000000000000249e+00 6.300000000000115187e-05
2.910000000000000142e+00 7.679999999999999652e-05
2.915000000000000036e+00 9.309999999999999970e-05
2.919999999999999929e+00 1.119999999999999983e-04
2.924999999999999822e+00 1.329999999999999802e-04
2.929999999999999716e+00 1.579999999999977961e-04
2.935000000000000053e+00 1.859999999999999945e-04
2.939999999999999947e+00 2.170000000000000162e-04
2.945000000000000284e+00 2.540000000000035177e-04
2.950000000000000178e+00 2.979999999999999793e-04
2.955000000000000071e+00 3.490000000000000263e-04
2.959999999999999964e+00 4.109999999999999613e-04
2.964999999999999858e+00 4.870000000000000197e-04
2.969999999999999751e+00 5.809999999999911372e-04
2.975000000000000089e+00 6.990000000000000770e-04
2.979999999999999982e+00 8.490000000000000368e-04
2.985000000000000320e+00 1.040000000000017690e-03
2.990000000000000213e+00 1.290000000000000131e-03
2.995000000000000107e+00 1.610000000000000103e-03
3.000000000000000000e+00 2.039999999999999713e-03
3.004999999999999893e+00 2.609999999999999907e-03
3.010000000000000231e+00 3.370000000000084733e-03
3.015000000000000124e+00 4.409999999999999858e-03
3.020000000000000018e+00 5.809999999999999193e-03
3.024999999999999911e+00 7.729999999999999892e-03
3.030000000000000249e+00 1.040000000000026667e-02
3.035000000000000142e+00 1.399999999999999856e-02
3.040000000000000036e+00 1.899999999999999953e-02
3.044999999999999929e+00 2.589999999999999941e-02
3.049999999999999822e+00 3.529999999999999805e-02
3.055000000000000160e+00 4.800000000000000100e-02
3.060000000000000053e+00 6.509999999999999121e-02
3.064999999999999947e+00 8.770000000000000018e-02
3.069999999999999840e+00 1.169999999999999929e-01
3.075000000000000178e+00 1.549999999999999989e-01
3.080000000000000071e+00 2.019999999999999851e-01
3.084999999999999964e+00 2.610000000000000098e-01
3.089999999999999858e+00 3.310000000000000164e-01
3.095000000000000195e+00 4.129999999999999782e-01
3.100000000000000089e+00 5.040000000000000036e-01
3.104999999999999982e+00 5.999999999999999778e-01
3.109999999999999876e+00 6.940000000000000613e-01
3.115000000000000213e+00 7.800000000000000266e-01
3.120000000000000107e+00 8.529999999999999805e-01
3.125000000000000000e+00 9.079999999999999183e-01
3.129999999999999893e+00 9.459999999999999520e-01
3.135000000000000231e+00 9.710000000000016396e-01
3.140000000000000124e+00 9.849999999999999867e-01
3.145000000000000018e+00 9.919999999999999929e-01
3.149999999999999911e+00 9.940000000000001057e-01
3.155000000000000249e+00 9.949999999999999956e-01
3.160000000000000142e+00 9.949999999999999956e-01
3.165000000000000036e+00 9.949999999999999956e-01
3.169999999999999929e+00 9.940000000000001057e-01
3.175000000000000266e+00 9.940000000000001057e-01
3.180000000000000160e+00 9.940000000000001057e-01
3.185000000000000053e+00 9.949999999999999956e-01
3.189999999999999947e+00 9.949999999999999956e-01
3.194999999999999840e+00 9.949999999999999956e-01
3.200000000000000178e+00 9.949999999999999956e-01
3.205000000000000071e+00 9.949999999999999956e-01
3.209999999999999964e+00 9.949999999999999956e-01
3.214999999999999858e+00 9.949999999999999956e-01
3.220000000000000195e+00 9.940000000000001057e-01
3.225000000000000089e+00 9.940000000000001057e-01
3.229999999999999982e+00 9.940000000000001057e-01
3.234999999999999876e+00 9.940000000000001057e-01
3.240000000000000213e+00 9.940000000000001057e-01
3.245000000000000107e+00 9.940000000000001057e-01
3.250000000000000000e+00 9.940000000000001057e-01
3.254999999999999893e+00 9.940000000000001057e-01
3.260000000000000231e+00 9.940000000000001057e-01
3.265000000000000124e+00 9.940000000000001057e-01
3.270000000000000018e+00 9.940000000000001057e-01
3.274999999999999911e+00 9.929999999999999938e-01
3.280000000000000249e+00 9.929999999999999938e-01
3.285000000000000142e+00 9.929999999999999938e-01
3.290000000000000036e+00 9.929999999999999938e-01
3.294999999999999929e+00 9.929999999999999938e-01
3.300000000000000266e+00 9.929999999999999938e-01
3.305000000000000160e+00 9.919999999999999929e-01
3.310000000000000053e+00 9.919999999999999929e-01
3.314999999999999947e+00 9.919999999999999929e-01
3.319999999999999840e+00 9.919999999999999929e-01
3.325000000000000178e+00 9.919999999999999929e-01
3.330000000000000071e+00 9.919999999999999929e-01
3.334999999999999964e+00 9.909999999999999920e-01
3.339999999999999858e+00 9.909999999999999920e-01
3.345000000000000195e+00 9.909999999999999920e-01
3.350000000000000089e+00 9.909999999999999920e-01
3.354999999999999982e+00 9.899999999999999911e-01
3.359999999999999876e+00 9.899999999999999911e-01
3.365000000000000213e+00 9.899999999999999911e-01
3.370000000000000107e+00 9.899999999999999911e-01
3.375000000000000000e+00 9.890000000000001013e-01
3.379999999999999893e+00 9.890000000000001013e-01
3.385000000000000231e+00 9.890000000000001013e-01
3.390000000000000124e+00 9.890000000000001013e-01
3.395000000000000018e+00 9.890000000000001013e-01
3.399999999999999911e+00 9.879999999999999893e-01
3.405000000000000249e+00 9.879999999999999893e-01
3.410000000000000142e+00 9.869999999999999885e-01
3.415000000000000036e+00 9.869999999999999885e-01
3.419999999999999929e+00 9.859999999999999876e-01
3.425000000000000266e+00 9.859999999999999876e-01
3.430000000000000160e+00 9.859999999999999876e-01
3.435000000000000053e+00 9.849999999999999867e-01
3.439999999999999947e+00 9.849999999999999867e-01
3.444999999999999840e+00 9.840000000000000968e-01
3.450000000000000178e+00 9.829999999999999849e-01
3.455000000000000071e+00 9.799999999999999822e-01
3.459999999999999964e+00 9.729999999999999760e-01
3.464999999999999858e+00 9.599999999999999645e-01
3.470000000000000195e+00 9.379999999999999449e-01
3.475000000000000089e+00 9.020000000000000240e-01
3.479999999999999982e+00 8.499999999999999778e-01
3.484999999999999876e+00 7.800000000000000266e-01
3.490000000000000213e+00 6.929999999999999494e-01
3.495000000000000107e+00 5.969999999999999751e-01
3.500000000000000000e+00 4.979999999999999982e-01
3.504999999999999893e+00 4.039999999999999702e-01
3.510000000000000231e+00 3.209999999999933462e-01
3.515000000000000124e+00 2.520000000000000018e-01
3.520000000000000018e+00 1.960000000000000075e-01
3.524999999999999911e+00 1.519999999999999962e-01
3.530000000000000249e+00 1.179999999999973431e-01
3.535000000000000142e+00 9.189999999999999558e-02
3.540000000000000036e+00 7.209999999999999742e-02
3.544999999999999929e+00 5.679999999999999633e-02
3.550000000000000266e+00 4.509999999999911302e-02
3.555000000000000160e+00 3.610000000000000014e-02
3.560000000000000053e+00 2.910000000000000087e-02
3.564999999999999947e+00 2.359999999999999945e-02
3.569999999999999840e+00 1.929999999999999771e-02
3.575000000000000178e+00 1.590000000000000094e-02
3.580000000000000071e+00 1.310000000000000053e-02
3.584999999999999964e+00 1.089999999999999997e-02
3.589999999999999858e+00 9.090000000000000857e-03
3.595000000000000195e+00 7.620000000000000037e-03
3.600000000000000089e+00 6.409999999999999899e-03
3.604999999999999982e+00 5.410000000000000746e-03
3.609999999999999876e+00 4.570000000000000277e-03
3.615000000000000213e+00 3.870000000000000176e-03
3.620000000000000107e+00 3.279999999999999930e-03
3.625000000000000000e+00 2.780000000000000353e-03
3.629999999999999893e+00 2.359999999999999685e-03
3.635000000000000231e+00 1.999999999999973587e-03
3.640000000000000124e+00 1.700000000000000122e-03
3.645000000000000018e+00 1.439999999999999874e-03
3.649999999999999911e+00 1.219999999999999947e-03
3.655000000000000249e+00 1.039999999999982128e-03
3.660000000000000142e+00 8.799999999999999229e-04
3.665000000000000036e+00 7.460000000000000268e-04
3.669999999999999929e+00 6.329999999999999906e-04
3.675000000000000266e+00 5.369999999999924530e-04
3.680000000000000160e+00 4.560000000000000251e-04
3.685000000000000053e+00 3.869999999999999742e-04
3.689999999999999947e+00 3.299999999999999982e-04
3.694999999999999840e+00 2.809999999999999998e-04
3.700000000000000178e+00 2.400000000000000061e-04
3.705000000000000071e+00 2.049999999999999956e-04
3.709999999999999964e+00 1.760000000000000225e-04
3.714999999999999858e+00 1.510000000000000112e-04
3.720000000000000195e+00 1.310000000000000129e-04
3.725000000000000089e+00 1.129999999999999955e-04
3.729999999999999982e+00 9.789999999999999441e-05
3.734999999999999876e+00 8.510000000000000854e-05
3.740000000000000213e+00 7.420000000000000109e-05
3.745000000000000107e+00 6.499999999999999431e-05
3.750000000000000000e+00 5.709999999999999879e-05
3.754999999999999893e+00 5.029999999999999614e-05
3.760000000000000231e+00 4.439999999999952069e-05
3.765000000000000124e+00 3.940000000000000224e-05
3.770000000000000018e+00 3.500000000000000371e-05
3.774999999999999911e+00 3.119999999999999944e-05
3.780000000000000249e+00 2.799999999999973531e-05
3.785000000000000142e+00 2.510000000000000024e-05
3.790000000000000036e+00 2.259999999999999707e-05
3.794999999999999929e+00 2.040000000000000119e-05
3.800000000000000266e+00 1.849999999999986692e-05
3.805000000000000160e+00 1.680000000000000178e-05
3.810000000000000053e+00 1.539999999999999824e-05
3.814999999999999947e+00 1.399999999999999979e-05
3.819999999999999840e+00 1.289999999999999846e-05
3.825000000000000178e+00 1.180000000000000052e-05
3.830000000000000071e+00 1.090000000000000067e-05
3.834999999999999964e+00 1.009999999999999986e-05
3.839999999999999858e+00 9.360000000000000169e-06
3.845000000000000195e+00 8.699999999999999712e-06
3.850000000000000089e+00 8.110000000000000279e-06
3.854999999999999982e+00 7.569999999999999520e-06
3.859999999999999876e+00 7.079999999999999976e-06
3.865000000000000213e+00 6.639999999999999954e-06
3.870000000000000107e+00 6.239999999999999548e-06
3.875000000000000000e+00 5.879999999999999607e-06
3.879999999999999893e+00 5.540000000000000321e-06
3.885000000000000231e+00 5.239999999999973547e-06
3.890000000000000124e+00 4.959999999999999945e-06
3.895000000000000018e+00 4.699999999999999893e-06
3.899999999999999911e+00 4.459999999999999650e-06
3.905000000000000249e+00 4.229999999999981523e-06
3.910000000000000142e+00 4.020000000000000475e-06
3.915000000000000036e+00 3.829999999999999753e-06
3.919999999999999929e+00 3.640000000000000301e-06
3.925000000000000266e+00 3.469999999999982024e-06
3.930000000000000160e+00 3.300000000000000168e-06
3.935000000000000053e+00 3.140000000000000006e-06
3.939999999999999947e+00 2.990000000000000172e-06
3.944999999999999840e+00 2.849999999999999818e-06
3.950000000000000178e+00 2.709999999999999888e-06
3.955000000000000071e+00 2.579999999999999862e-06
3.959999999999999964e+00 2.449999999999999836e-06
3.964999999999999858e+00 2.319999999999999810e-06
3.970000000000000195e+00 2.200000000000000112e-06
3.975000000000000089e+00 2.090000000000000318e-06
3.979999999999999982e+00 1.969999999999999773e-06
3.984999999999999876e+00 1.869999999999999884e-06
3.990000000000000213e+00 1.759999999999999878e-06
3.995000000000000107e+00 1.659999999999999988e-06
4.000000000000000000e+00 1.559999999999999887e-06
4.004999999999999893e+00 1.469999999999999902e-06
4.009999999999999787e+00 1.379999999999999916e-06
4.015000000000000568e+00 1.289999999999991037e-06
4.019999999999999574e+00 1.210000000000000062e-06
4.025000000000000355e+00 1.129999999999999981e-06
4.030000000000000249e+00 1.060000000000000016e-06
4.035000000000000142e+00 9.930000000000000641e-07
4.040000000000000036e+00 9.280000000000000512e-07
4.044999999999999929e+00 8.679999999999999904e-07
4.050000000000000711e+00 8.109999999999903082e-07
4.054999999999999716e+00 7.579999999999999848e-07
4.060000000000000497e+00 7.089999999999920683e-07
4.064999999999999503e+00 6.630000000000079882e-07
4.070000000000000284e+00 6.210000000000000682e-07
4.075000000000000178e+00 5.810000000000000277e-07
4.080000000000000071e+00 5.450000000000000759e-07
4.084999999999999964e+00 5.110000000000000626e-07
4.089999999999999858e+00 4.789999999999999879e-07
4.095000000000000639e+00 4.499999999999955327e-07
4.099999999999999645e+00 4.229999999999999629e-07
4.105000000000000426e+00 3.979999999999999905e-07
4.109999999999999432e+00 3.750000000000044564e-07
4.115000000000000213e+00 3.540000000000000200e-07
4.120000000000000107e+00 3.339999999999999997e-07
4.125000000000000000e+00 3.160000000000000238e-07
4.129999999999999893e+00 2.989999999999999642e-07
4.134999999999999787e+00 2.829999999999999798e-07
4.140000000000000568e+00 2.689999999999973398e-07
4.144999999999999574e+00 2.559999999999999630e-07
4.150000000000000355e+00 2.429999999999999922e-07
4.155000000000000249e+00 2.320000000000000128e-07
4.160000000000000142e+00 2.209999999999999805e-07
4.165000000000000036e+00 2.110000000000000233e-07
4.169999999999999929e+00 2.020000000000000089e-07
4.175000000000000711e+00 1.929999999999991474e-07
4.179999999999999716e+00 1.850000000000000022e-07
4.185000000000000497e+00 1.779999999999991057e-07
4.189999999999999503e+00 1.710000000000017562e-07
4.195000000000000284e+00 1.650000000000000084e-07
4.200000000000000178e+00 1.590000000000000076e-07
4.205000000000000071e+00 1.529999999999999804e-07
4.209999999999999964e+00 1.480000000000000018e-07
4.214999999999999858e+00 1.439999999999999924e-07
4.220000000000000639e+00 1.389999999999991139e-07
4.224999999999999645e+00 1.350000000000000045e-07
4.230000000000000426e+00 1.309999999999999951e-07
4.234999999999999432e+00 1.270000000000008858e-07
4.240000000000000213e+00 1.239999999999999986e-07
4.245000000000000107e+00 1.209999999999999850e-07
4.250000000000000000e+00 1.180000000000000111e-07
4.254999999999999893e+00 1.149999999999999974e-07
4.259999999999999787e+00 1.130000000000000060e-07
4.265000000000000568e+00 1.099999999999999924e-07
4.269999999999999574e+00 1.080000000000000009e-07
4.275000000000000355e+00 1.059999999999999963e-07
4.280000000000000249e+00 1.040000000000000048e-07
4.285000000000000142e+00 1.020000000000000001e-07
4.290000000000000036e+00 1.010000000000000044e-07
4.294999999999999929e+00 9.929999999999999582e-08
4.300000000000000711e+00 9.789999999999971859e-08
4.304999999999999716e+00 9.660000000000000473e-08
4.310000000000000497e+00 9.539999999999972929e-08
4.314999999999999503e+00 9.430000000000016281e-08
4.320000000000000284e+00 9.320000000000000076e-08
4.325000000000000178e+00 9.229999999999999932e-08
4.330000000000000071e+00 9.140000000000001111e-08
4.334999999999999964e+00 9.059999999999999071e-08
4.339999999999999858e+00 8.980000000000001002e-08
4.345000000000000639e+00 8.919999999999981936e-08
4.349999999999999645e+00 8.850000000000000499e-08
4.355000000000000426e+00 8.800000000000000714e-08
4.359999999999999432e+00 8.740000000000008117e-08
4.365000000000000213e+00 8.699999999999999818e-08
4.370000000000000107e+00 8.650000000000000032e-08
4.375000000000000000e+00 8.610000000000000997e-08
4.379999999999999893e+00 8.569999999999999316e-08
4.384999999999999787e+00 8.539999999999999709e-08
4.390000000000000568e+00 8.510000000000000102e-08
4.394999999999999574e+00 8.480000000000000495e-08
4.400000000000000355e+00 8.450000000000000888e-08
4.405000000000000249e+00 8.430000000000000709e-08
4.410000000000000142e+00 8.410000000000000530e-08
4.415000000000000036e+00 8.379999999999999600e-08
4.419999999999999929e+00 8.359999999999999421e-08
4.425000000000000711e+00 8.339999999999999241e-08
4.429999999999999716e+00 8.320000000000000386e-08
4.435000000000000497e+00 8.299999999999992266e-08
4.439999999999999503e+00 8.280000000000000028e-08
4.445000000000000284e+00 8.250000000000000421e-08
4.450000000000000178e+00 8.230000000000000242e-08
4.455000000000000071e+00 8.209999999999998739e-08
4.459999999999999964e+00 8.179999999999999132e-08
4.464999999999999858e+00 8.160000000000000277e-08
4.470000000000000639e+00 8.129999999999991405e-08
4.474999999999999645e+00 8.099999999999999739e-08
4.480000000000000426e+00 8.070000000000000132e-08
4.484999999999999432e+00 8.030000000000007715e-08
4.490000000000000213e+00 8.000000000000000167e-08
4.495000000000000107e+00 7.959999999999999809e-08
4.500000000000000000e+00 7.920000000000000775e-08
4.504999999999999893e+00 7.869999999999999665e-08
4.509999999999999787e+00 7.829999999999999307e-08
4.515000000000000568e+00 7.769999999999992152e-08
4.519999999999999574e+00 7.720000000000000307e-08
4.525000000000000355e+00 7.669999999999999198e-08
4.530000000000000249e+00 7.609999999999999984e-08
4.535000000000000142e+00 7.560000000000000198e-08
4.540000000000000036e+00 7.499999999999999661e-08
4.544999999999999929e+00 7.440000000000000447e-08
4.550000000000000711e+00 7.379999999999990645e-08
4.554999999999999716e+00 7.320000000000000696e-08
4.560000000000000497e+00 7.259999999999990894e-08
4.564999999999999503e+00 7.200000000000007562e-08
4.570000000000000284e+00 7.140000000000000407e-08
4.575000000000000178e+00 7.070000000000000442e-08
4.580000000000000071e+00 7.009999999999999905e-08
4.584999999999999964e+00 6.950000000000000691e-08
4.589999999999999858e+00 6.890000000000000154e-08
4.595000000000000639e+00 6.819999999999990925e-08
4.599999999999999645e+00 6.759999999999999652e-08
4.605000000000000426e+00 6.700000000000000438e-08
4.609999999999999432e+00 6.640000000000007842e-08
4.615000000000000213e+00 6.579999999999999363e-08
4.620000000000000107e+00 6.529999999999999577e-08
4.625000000000000000e+00 6.470000000000000364e-08
4.629999999999999893e+00 6.420000000000000578e-08
4.634999999999999787e+00 6.369999999999999468e-08
4.640000000000000568e+00 6.309999999999990990e-08
4.644999999999999574e+00 6.260000000000000468e-08
4.650000000000000355e+00 6.209999999999999359e-08
4.655000000000000249e+00 6.170000000000000324e-08
4.660000000000000142e+00 6.119999999999999215e-08
4.665000000000000036e+00 6.080000000000000180e-08
4.669999999999999929e+00 6.039999999999999822e-08
4.675000000000000711e+00 5.999999999999991523e-08
4.679999999999999716e+00 5.959999999999999767e-08
4.685000000000000497e+00 5.919999999999991468e-08
4.689999999999999503e+00 5.880000000000008315e-08
4.695000000000000284e+00 5.850000000000000106e-08
4.700000000000000178e+00 5.820000000000000499e-08
4.705000000000000071e+00 5.789999999999999569e-08
4.709999999999999964e+00 5.759999999999999962e-08
4.714999999999999858e+00 5.730000000000000355e-08
4.720000000000000639e+00 5.709999999999992235e-08
4.724999999999999645e+00 5.689999999999999997e-08
4.730000000000000426e+00 5.669999999999999818e-08
4.734999999999999432e+00 5.650000000000000300e-08
4.740000000000000213e+00 5.630000000000000121e-08
4.745000000000000107e+00 5.609999999999999942e-08
4.750000000000000000e+00 5.589999999999999763e-08
4.754999999999999893e+00 5.579999999999999673e-08
4.759999999999999787e+00 5.560000000000000156e-08
4.765000000000000568e+00 5.550000000000000066e-08
4.769999999999999574e+00 5.540000000000000639e-08
4.775000000000000355e+00 5.530000000000000549e-08
4.780000000000000249e+00 5.530000000000000549e-08
4.785000000000000142e+00 5.519999999999999798e-08
4.790000000000000036e+00 5.519999999999999798e-08
4.794999999999999929e+00 5.519999999999999798e-08
4.800000000000000711e+00 5.519999999999999798e-08
4.804999999999999716e+00 5.519999999999999798e-08
4.810000000000000497e+00 5.530000000000000549e-08
4.814999999999999503e+00 5.530000000000000549e-08
4.820000000000000284e+00 5.530000000000000549e-08
4.825000000000000178e+00 5.540000000000000639e-08
4.830000000000000071e+00 5.550000000000000066e-08
4.834999999999999964e+00 5.560000000000000156e-08
4.839999999999999858e+00 5.579999999999999673e-08
4.845000000000000639e+00 5.589999999999999763e-08
4.849999999999999645e+00 5.609999999999999942e-08
4.855000000000000426e+00 5.620000000000000693e-08
4.859999999999999432e+00 5.640000000000000211e-08
4.865000000000000213e+00 5.659999999999999728e-08
4.870000000000000107e+00 5.689999999999999997e-08
4.875000000000000000e+00 5.710000000000000176e-08
4.879999999999999893e+00 5.739999999999999783e-08
4.884999999999999787e+00 5.770000000000000051e-08
4.890000000000000568e+00 5.800000000000000320e-08
4.894999999999999574e+00 5.829999999999999927e-08
4.900000000000000355e+00 5.869999999999999623e-08
4.905000000000000249e+00 5.900000000000000554e-08
4.910000000000000142e+00 5.939999999999999588e-08
4.915000000000000036e+00 5.969999999999999857e-08
4.919999999999999929e+00 6.019999999999999643e-08
4.925000000000000711e+00 6.060000000000007942e-08
4.929999999999999716e+00 6.100000000000000359e-08
4.935000000000000497e+00 6.150000000000009410e-08
4.939999999999999503e+00 6.199999999999991990e-08
4.945000000000000284e+00 6.249999999999999717e-08
4.950000000000000178e+00 6.310000000000000254e-08
4.955000000000000071e+00 6.360000000000000040e-08
4.959999999999999964e+00 6.420000000000000578e-08
4.964999999999999858e+00 6.479999999999999791e-08
4.970000000000000639e+00 6.550000000000009021e-08
4.974999999999999645e+00 6.610000000000000294e-08
4.980000000000000426e+00 6.680000000000000259e-08
4.984999999999999432e+00 6.759999999999982446e-08
4.990000000000000213e+00 6.829999999999999617e-08
4.995000000000000107e+00 6.910000000000000333e-08
5.000000000000000000e+00 6.989999999999999726e-08
5.004999999999999893e+00 7.079999999999999870e-08
5.009999999999999787e+00 7.170000000000000014e-08
5.014999999999999680e+00 7.260000000000000159e-08
5.020000000000000462e+00 7.360000000000018259e-08
5.025000000000000355e+00 7.459999999999999302e-08
5.030000000000000249e+00 7.570000000000000949e-08
5.035000000000000142e+00 7.679999999999999949e-08
5.040000000000000036e+00 7.790000000000000272e-08
5.044999999999999929e+00 7.910000000000000023e-08
5.049999999999999822e+00 8.029999999999999774e-08
5.054999999999999716e+00 8.160000000000000277e-08
5.060000000000000497e+00 8.290000000000027249e-08
5.065000000000000391e+00 8.430000000000000709e-08
5.070000000000000284e+00 8.569999999999999316e-08
5.075000000000000178e+00 8.719999999999999997e-08
5.080000000000000071e+00 8.869999999999999355e-08
5.084999999999999964e+00 9.029999999999999464e-08
5.089999999999999858e+00 9.189999999999999574e-08
5.094999999999999751e+00 9.360000000000000434e-08
5.099999999999999645e+00 9.540000000000000722e-08
5.105000000000000426e+00 9.730000000000000438e-08
5.110000000000000320e+00 9.920000000000000155e-08
5.115000000000000213e+00 1.010000000000000044e-07
5.120000000000000107e+00 1.029999999999999959e-07
5.125000000000000000e+00 1.050000000000000005e-07
5.129999999999999893e+00 1.080000000000000009e-07
5.134999999999999787e+00 1.099999999999999924e-07
5.139999999999999680e+00 1.119999999999999970e-07
5.145000000000000462e+00 1.149999999999999974e-07
5.150000000000000355e+00 1.170000000000000021e-07
5.155000000000000249e+00 1.200000000000000157e-07
5.160000000000000142e+00 1.230000000000000029e-07
5.165000000000000036e+00 1.259999999999999901e-07
5.169999999999999929e+00 1.290000000000000037e-07
5.174999999999999822e+00 1.320000000000000173e-07
5.179999999999999716e+00 1.350000000000000045e-07
5.185000000000000497e+00 1.390000000000000138e-07
5.190000000000000391e+00 1.420000000000000010e-07
5.195000000000000284e+00 1.460000000000000103e-07
5.200000000000000178e+00 1.499999999999999932e-07
5.205000000000000071e+00 1.540000000000000290e-07
5.209999999999999964e+00 1.580000000000000119e-07
5.214999999999999858e+00 1.619999999999999948e-07
5.219999999999999751e+00 1.669999999999999999e-07
5.224999999999999645e+00 1.709999999999999827e-07
5.230000000000000426e+00 1.760000000000000143e-07
5.235000000000000320e+00 1.809999999999999929e-07
5.240000000000000213e+00 1.860000000000000244e-07
5.245000000000000107e+00 1.919999999999999987e-07
5.250000000000000000e+00 1.970000000000000038e-07
5.254999999999999893e+00 2.029999999999999781e-07
5.259999999999999787e+00 2.090000000000000054e-07
5.264999999999999680e+00 2.160000000000000019e-07
5.270000000000000462e+00 2.220000000000017761e-07
5.275000000000000355e+00 2.289999999999999992e-07
5.280000000000000249e+00 2.360000000000000221e-07
5.285000000000000142e+00 2.440000000000000144e-07
5.290000000000000036e+00 2.510000000000000109e-07
5.294999999999999929e+00 2.589999999999999766e-07
5.299999999999999822e+00 2.669999999999999953e-07
5.304999999999999716e+00 2.759999999999999833e-07
5.310000000000000497e+00 2.850000000000017712e-07
5.315000000000000391e+00 2.940000000000000121e-07
5.320000000000000284e+00 3.040000000000000222e-07
5.325000000000000178e+00 3.139999999999999794e-07
5.330000000000000071e+00 3.239999999999999896e-07
5.334999999999999964e+00 3.350000000000000219e-07
5.339999999999999858e+00 3.460000000000000013e-07
5.344999999999999751e+00 3.580000000000000029e-07
5.350000000000000533e+00 3.690000000000026822e-07
5.355000000000000426e+00 3.820000000000000060e-07
5.360000000000000320e+00 3.940000000000000076e-07
5.365000000000000213e+00 4.080000000000000006e-07
5.370000000000000107e+00 4.210000000000000244e-07
5.375000000000000000e+00 4.350000000000000174e-07
5.379999999999999893e+00 4.500000000000000326e-07
5.384999999999999787e+00 4.649999999999999948e-07
5.389999999999999680e+00 4.800000000000000630e-07
5.395000000000000462e+00 4.960000000000026415e-07
5.400000000000000355e+00 5.119999999999999260e-07
