5400	5.12E-05
5399	5.09E-05
5398	5.05E-05
5397	5.02E-05
5396	4.99E-05
5395	4.96E-05
5394	4.93E-05
5393	4.89E-05
5392	4.86E-05
5391	4.83E-05
5390	4.80E-05
5389	4.77E-05
5388	4.74E-05
5387	4.71E-05
5386	4.68E-05
5385	4.65E-05
5384	4.62E-05
5383	4.59E-05
5382	4.56E-05
5381	4.53E-05
5380	4.50E-05
5379	4.47E-05
5378	4.44E-05
5377	4.41E-05
5376	4.38E-05
5375	4.35E-05
5374	4.32E-05
5373	4.30E-05
5372	4.27E-05
5371	4.24E-05
5370	4.21E-05
5369	4.18E-05
5368	4.16E-05
5367	4.13E-05
5366	4.10E-05
5365	4.08E-05
5364	4.05E-05
5363	4.02E-05
5362	4.00E-05
5361	3.97E-05
5360	3.94E-05
5359	3.92E-05
5358	3.89E-05
5357	3.87E-05
5356	3.84E-05
5355	3.82E-05
5354	3.79E-05
5353	3.77E-05
5352	3.74E-05
5351	3.72E-05
5350	3.69E-05
5349	3.67E-05
5348	3.65E-05
5347	3.62E-05
5346	3.60E-05
5345	3.58E-05
5344	3.55E-05
5343	3.53E-05
5342	3.51E-05
5341	3.48E-05
5340	3.46E-05
5339	3.44E-05
5338	3.42E-05
5337	3.39E-05
5336	3.37E-05
5335	3.35E-05
5334	3.33E-05
5333	3.31E-05
5332	3.28E-05
5331	3.26E-05
5330	3.24E-05
5329	3.22E-05
5328	3.20E-05
5327	3.18E-05
5326	3.16E-05
5325	3.14E-05
5324	3.12E-05
5323	3.10E-05
5322	3.08E-05
5321	3.06E-05
5320	3.04E-05
5319	3.02E-05
5318	3.00E-05
5317	2.98E-05
5316	2.96E-05
5315	2.94E-05
5314	2.92E-05
5313	2.91E-05
5312	2.89E-05
5311	2.87E-05
5310	2.85E-05
5309	2.83E-05
5308	2.81E-05
5307	2.80E-05
5306	2.78E-05
5305	2.76E-05
5304	2.74E-05
5303	2.73E-05
5302	2.71E-05
5301	2.69E-05
5300	2.67E-05
5299	2.66E-05
5298	2.64E-05
5297	2.62E-05
5296	2.61E-05
5295	2.59E-05
5294	2.58E-05
5293	2.56E-05
5292	2.54E-05
5291	2.53E-05
5290	2.51E-05
5289	2.50E-05
5288	2.48E-05
5287	2.47E-05
5286	2.45E-05
5285	2.44E-05
5284	2.42E-05
5283	2.41E-05
5282	2.39E-05
5281	2.38E-05
5280	2.36E-05
5279	2.35E-05
5278	2.33E-05
5277	2.32E-05
5276	2.30E-05
5275	2.29E-05
5274	2.28E-05
5273	2.26E-05
5272	2.25E-05
5271	2.24E-05
5270	2.22E-05
5269	2.21E-05
5268	2.20E-05
5267	2.18E-05
5266	2.17E-05
5265	2.16E-05
5264	2.14E-05
5263	2.13E-05
5262	2.12E-05
5261	2.11E-05
5260	2.09E-05
5259	2.08E-05
5258	2.07E-05
5257	2.06E-05
5256	2.04E-05
5255	2.03E-05
5254	2.02E-05
5253	2.01E-05
5252	2.00E-05
5251	1.98E-05
5250	1.97E-05
5249	1.96E-05
5248	1.95E-05
5247	1.94E-05
5246	1.93E-05
5245	1.92E-05
5244	1.91E-05
5243	1.89E-05
5242	1.88E-05
5241	1.87E-05
5240	1.86E-05
5239	1.85E-05
5238	1.84E-05
5237	1.83E-05
5236	1.82E-05
5235	1.81E-05
5234	1.80E-05
5233	1.79E-05
5232	1.78E-05
5231	1.77E-05
5230	1.76E-05
5229	1.75E-05
5228	1.74E-05
5227	1.73E-05
5226	1.72E-05
5225	1.71E-05
5224	1.70E-05
5223	1.69E-05
5222	1.68E-05
5221	1.67E-05
5220	1.67E-05
5219	1.66E-05
5218	1.65E-05
5217	1.64E-05
5216	1.63E-05
5215	1.62E-05
5214	1.61E-05
5213	1.60E-05
5212	1.59E-05
5211	1.59E-05
5210	1.58E-05
5209	1.57E-05
5208	1.56E-05
5207	1.55E-05
5206	1.54E-05
5205	1.54E-05
5204	1.53E-05
5203	1.52E-05
5202	1.51E-05
5201	1.50E-05
5200	1.50E-05
5199	1.49E-05
5198	1.48E-05
5197	1.47E-05
5196	1.47E-05
5195	1.46E-05
5194	1.45E-05
5193	1.44E-05
5192	1.44E-05
5191	1.43E-05
5190	1.42E-05
5189	1.41E-05
5188	1.41E-05
5187	1.40E-05
5186	1.39E-05
5185	1.39E-05
5184	1.38E-05
5183	1.37E-05
5182	1.37E-05
5181	1.36E-05
5180	1.35E-05
5179	1.35E-05
5178	1.34E-05
5177	1.33E-05
5176	1.33E-05
5175	1.32E-05
5174	1.31E-05
5173	1.31E-05
5172	1.30E-05
5171	1.29E-05
5170	1.29E-05
5169	1.28E-05
5168	1.28E-05
5167	1.27E-05
5166	1.26E-05
5165	1.26E-05
5164	1.25E-05
5163	1.25E-05
5162	1.24E-05
5161	1.23E-05
5160	1.23E-05
5159	1.22E-05
5158	1.22E-05
5157	1.21E-05
5156	1.21E-05
5155	1.20E-05
5154	1.20E-05
5153	1.19E-05
5152	1.18E-05
5151	1.18E-05
5150	1.17E-05
5149	1.17E-05
5148	1.16E-05
5147	1.16E-05
5146	1.15E-05
5145	1.15E-05
5144	1.14E-05
5143	1.14E-05
5142	1.13E-05
5141	1.13E-05
5140	1.12E-05
5139	1.12E-05
5138	1.11E-05
5137	1.11E-05
5136	1.10E-05
5135	1.10E-05
5134	1.09E-05
5133	1.09E-05
5132	1.09E-05
5131	1.08E-05
5130	1.08E-05
5129	1.07E-05
5128	1.07E-05
5127	1.06E-05
5126	1.06E-05
5125	1.05E-05
5124	1.05E-05
5123	1.04E-05
5122	1.04E-05
5121	1.04E-05
5120	1.03E-05
5119	1.03E-05
5118	1.02E-05
5117	1.02E-05
5116	1.02E-05
5115	1.01E-05
5114	1.01E-05
5113	1.00E-05
5112	1.00E-05
5111	9.96E-06
5110	9.92E-06
5109	9.88E-06
5108	9.84E-06
5107	9.80E-06
5106	9.76E-06
5105	9.73E-06
5104	9.69E-06
5103	9.65E-06
5102	9.61E-06
5101	9.58E-06
5100	9.54E-06
5099	9.50E-06
5098	9.47E-06
5097	9.43E-06
5096	9.40E-06
5095	9.36E-06
5094	9.33E-06
5093	9.29E-06
5092	9.26E-06
5091	9.23E-06
5090	9.19E-06
5089	9.16E-06
5088	9.12E-06
5087	9.09E-06
5086	9.06E-06
5085	9.03E-06
5084	8.99E-06
5083	8.96E-06
5082	8.93E-06
5081	8.90E-06
5080	8.87E-06
5079	8.84E-06
5078	8.81E-06
5077	8.78E-06
5076	8.75E-06
5075	8.72E-06
5074	8.69E-06
5073	8.66E-06
5072	8.63E-06
5071	8.60E-06
5070	8.57E-06
5069	8.54E-06
5068	8.51E-06
5067	8.48E-06
5066	8.45E-06
5065	8.43E-06
5064	8.40E-06
5063	8.37E-06
5062	8.34E-06
5061	8.32E-06
5060	8.29E-06
5059	8.26E-06
5058	8.24E-06
5057	8.21E-06
5056	8.18E-06
5055	8.16E-06
5054	8.13E-06
5053	8.11E-06
5052	8.08E-06
5051	8.06E-06
5050	8.03E-06
5049	8.01E-06
5048	7.98E-06
5047	7.96E-06
5046	7.93E-06
5045	7.91E-06
5044	7.88E-06
5043	7.86E-06
5042	7.84E-06
5041	7.81E-06
5040	7.79E-06
5039	7.77E-06
5038	7.74E-06
5037	7.72E-06
5036	7.70E-06
5035	7.68E-06
5034	7.66E-06
5033	7.63E-06
5032	7.61E-06
5031	7.59E-06
5030	7.57E-06
5029	7.55E-06
5028	7.53E-06
5027	7.51E-06
5026	7.48E-06
5025	7.46E-06
5024	7.44E-06
5023	7.42E-06
5022	7.40E-06
5021	7.38E-06
5020	7.36E-06
5019	7.34E-06
5018	7.32E-06
5017	7.30E-06
5016	7.28E-06
5015	7.26E-06
5014	7.25E-06
5013	7.23E-06
5012	7.21E-06
5011	7.19E-06
5010	7.17E-06
5009	7.15E-06
5008	7.14E-06
5007	7.12E-06
5006	7.10E-06
5005	7.08E-06
5004	7.06E-06
5003	7.05E-06
5002	7.03E-06
5001	7.01E-06
5000	6.99E-06
4999	6.98E-06
4998	6.96E-06
4997	6.94E-06
4996	6.93E-06
4995	6.91E-06
4994	6.90E-06
4993	6.88E-06
4992	6.86E-06
4991	6.85E-06
4990	6.83E-06
4989	6.82E-06
4988	6.80E-06
4987	6.79E-06
4986	6.77E-06
4985	6.76E-06
4984	6.74E-06
4983	6.73E-06
4982	6.71E-06
4981	6.70E-06
4980	6.68E-06
4979	6.67E-06
4978	6.66E-06
4977	6.64E-06
4976	6.63E-06
4975	6.61E-06
4974	6.60E-06
4973	6.59E-06
4972	6.57E-06
4971	6.56E-06
4970	6.55E-06
4969	6.53E-06
4968	6.52E-06
4967	6.51E-06
4966	6.50E-06
4965	6.48E-06
4964	6.47E-06
4963	6.46E-06
4962	6.45E-06
4961	6.43E-06
4960	6.42E-06
4959	6.41E-06
4958	6.40E-06
4957	6.39E-06
4956	6.37E-06
4955	6.36E-06
4954	6.35E-06
4953	6.34E-06
4952	6.33E-06
4951	6.32E-06
4950	6.31E-06
4949	6.30E-06
4948	6.28E-06
4947	6.27E-06
4946	6.26E-06
4945	6.25E-06
4944	6.24E-06
4943	6.23E-06
4942	6.22E-06
4941	6.21E-06
4940	6.20E-06
4939	6.19E-06
4938	6.18E-06
4937	6.17E-06
4936	6.16E-06
4935	6.15E-06
4934	6.14E-06
4933	6.13E-06
4932	6.12E-06
4931	6.11E-06
4930	6.10E-06
4929	6.09E-06
4928	6.09E-06
4927	6.08E-06
4926	6.07E-06
4925	6.06E-06
4924	6.05E-06
4923	6.04E-06
4922	6.03E-06
4921	6.02E-06
4920	6.02E-06
4919	6.01E-06
4918	6.00E-06
4917	5.99E-06
4916	5.98E-06
4915	5.97E-06
4914	5.97E-06
4913	5.96E-06
4912	5.95E-06
4911	5.94E-06
4910	5.94E-06
4909	5.93E-06
4908	5.92E-06
4907	5.91E-06
4906	5.91E-06
4905	5.90E-06
4904	5.89E-06
4903	5.89E-06
4902	5.88E-06
4901	5.87E-06
4900	5.87E-06
4899	5.86E-06
4898	5.85E-06
4897	5.84E-06
4896	5.84E-06
4895	5.83E-06
4894	5.82E-06
4893	5.82E-06
4892	5.81E-06
4891	5.80E-06
4890	5.80E-06
4889	5.79E-06
4888	5.79E-06
4887	5.78E-06
4886	5.77E-06
4885	5.77E-06
4884	5.76E-06
4883	5.76E-06
4882	5.75E-06
4881	5.75E-06
4880	5.74E-06
4879	5.73E-06
4878	5.73E-06
4877	5.72E-06
4876	5.72E-06
4875	5.71E-06
4874	5.71E-06
4873	5.70E-06
4872	5.70E-06
4871	5.69E-06
4870	5.69E-06
4869	5.68E-06
4868	5.68E-06
4867	5.67E-06
4866	5.67E-06
4865	5.66E-06
4864	5.66E-06
4863	5.66E-06
4862	5.65E-06
4861	5.65E-06
4860	5.64E-06
4859	5.64E-06
4858	5.64E-06
4857	5.63E-06
4856	5.63E-06
4855	5.62E-06
4854	5.62E-06
4853	5.62E-06
4852	5.61E-06
4851	5.61E-06
4850	5.61E-06
4849	5.60E-06
4848	5.60E-06
4847	5.60E-06
4846	5.59E-06
4845	5.59E-06
4844	5.59E-06
4843	5.58E-06
4842	5.58E-06
4841	5.58E-06
4840	5.58E-06
4839	5.57E-06
4838	5.57E-06
4837	5.57E-06
4836	5.57E-06
4835	5.56E-06
4834	5.56E-06
4833	5.56E-06
4832	5.56E-06
4831	5.55E-06
4830	5.55E-06
4829	5.55E-06
4828	5.55E-06
4827	5.55E-06
4826	5.54E-06
4825	5.54E-06
4824	5.54E-06
4823	5.54E-06
4822	5.54E-06
4821	5.54E-06
4820	5.53E-06
4819	5.53E-06
4818	5.53E-06
4817	5.53E-06
4816	5.53E-06
4815	5.53E-06
4814	5.53E-06
4813	5.53E-06
4812	5.53E-06
4811	5.53E-06
4810	5.53E-06
4809	5.52E-06
4808	5.52E-06
4807	5.52E-06
4806	5.52E-06
4805	5.52E-06
4804	5.52E-06
4803	5.52E-06
4802	5.52E-06
4801	5.52E-06
4800	5.52E-06
4799	5.52E-06
4798	5.52E-06
4797	5.52E-06
4796	5.52E-06
4795	5.52E-06
4794	5.52E-06
4793	5.52E-06
4792	5.52E-06
4791	5.52E-06
4790	5.52E-06
4789	5.52E-06
4788	5.52E-06
4787	5.52E-06
4786	5.52E-06
4785	5.52E-06
4784	5.52E-06
4783	5.52E-06
4782	5.52E-06
4781	5.53E-06
4780	5.53E-06
4779	5.53E-06
4778	5.53E-06
4777	5.53E-06
4776	5.53E-06
4775	5.53E-06
4774	5.53E-06
4773	5.54E-06
4772	5.54E-06
4771	5.54E-06
4770	5.54E-06
4769	5.54E-06
4768	5.54E-06
4767	5.55E-06
4766	5.55E-06
4765	5.55E-06
4764	5.55E-06
4763	5.56E-06
4762	5.56E-06
4761	5.56E-06
4760	5.56E-06
4759	5.57E-06
4758	5.57E-06
4757	5.57E-06
4756	5.57E-06
4755	5.58E-06
4754	5.58E-06
4753	5.58E-06
4752	5.59E-06
4751	5.59E-06
4750	5.59E-06
4749	5.59E-06
4748	5.60E-06
4747	5.60E-06
4746	5.61E-06
4745	5.61E-06
4744	5.61E-06
4743	5.62E-06
4742	5.62E-06
4741	5.62E-06
4740	5.63E-06
4739	5.63E-06
4738	5.64E-06
4737	5.64E-06
4736	5.64E-06
4735	5.65E-06
4734	5.65E-06
4733	5.65E-06
4732	5.66E-06
4731	5.66E-06
4730	5.67E-06
4729	5.67E-06
4728	5.67E-06
4727	5.68E-06
4726	5.68E-06
4725	5.69E-06
4724	5.69E-06
4723	5.70E-06
4722	5.70E-06
4721	5.70E-06
4720	5.71E-06
4719	5.71E-06
4718	5.72E-06
4717	5.72E-06
4716	5.73E-06
4715	5.73E-06
4714	5.74E-06
4713	5.75E-06
4712	5.75E-06
4711	5.76E-06
4710	5.76E-06
4709	5.77E-06
4708	5.77E-06
4707	5.78E-06
4706	5.78E-06
4705	5.79E-06
4704	5.80E-06
4703	5.80E-06
4702	5.81E-06
4701	5.81E-06
4700	5.82E-06
4699	5.83E-06
4698	5.83E-06
4697	5.84E-06
4696	5.85E-06
4695	5.85E-06
4694	5.86E-06
4693	5.86E-06
4692	5.87E-06
4691	5.88E-06
4690	5.88E-06
4689	5.89E-06
4688	5.90E-06
4687	5.91E-06
4686	5.91E-06
4685	5.92E-06
4684	5.93E-06
4683	5.93E-06
4682	5.94E-06
4681	5.95E-06
4680	5.96E-06
4679	5.96E-06
4678	5.97E-06
4677	5.98E-06
4676	5.99E-06
4675	6.00E-06
4674	6.00E-06
4673	6.01E-06
4672	6.02E-06
4671	6.03E-06
4670	6.04E-06
4669	6.04E-06
4668	6.05E-06
4667	6.06E-06
4666	6.07E-06
4665	6.08E-06
4664	6.09E-06
4663	6.09E-06
4662	6.10E-06
4661	6.11E-06
4660	6.12E-06
4659	6.13E-06
4658	6.14E-06
4657	6.15E-06
4656	6.16E-06
4655	6.17E-06
4654	6.18E-06
4653	6.19E-06
4652	6.19E-06
4651	6.20E-06
4650	6.21E-06
4649	6.22E-06
4648	6.23E-06
4647	6.24E-06
4646	6.25E-06
4645	6.26E-06
4644	6.27E-06
4643	6.28E-06
4642	6.29E-06
4641	6.30E-06
4640	6.31E-06
4639	6.32E-06
4638	6.33E-06
4637	6.34E-06
4636	6.35E-06
4635	6.37E-06
4634	6.38E-06
4633	6.39E-06
4632	6.40E-06
4631	6.41E-06
4630	6.42E-06
4629	6.43E-06
4628	6.44E-06
4627	6.45E-06
4626	6.46E-06
4625	6.47E-06
4624	6.48E-06
4623	6.49E-06
4622	6.51E-06
4621	6.52E-06
4620	6.53E-06
4619	6.54E-06
4618	6.55E-06
4617	6.56E-06
4616	6.57E-06
4615	6.58E-06
4614	6.60E-06
4613	6.61E-06
4612	6.62E-06
4611	6.63E-06
4610	6.64E-06
4609	6.65E-06
4608	6.67E-06
4607	6.68E-06
4606	6.69E-06
4605	6.70E-06
4604	6.71E-06
4603	6.73E-06
4602	6.74E-06
4601	6.75E-06
4600	6.76E-06
4599	6.77E-06
4598	6.79E-06
4597	6.80E-06
4596	6.81E-06
4595	6.82E-06
4594	6.84E-06
4593	6.85E-06
4592	6.86E-06
4591	6.88E-06
4590	6.89E-06
4589	6.90E-06
4588	6.91E-06
4587	6.92E-06
4586	6.94E-06
4585	6.95E-06
4584	6.96E-06
4583	6.97E-06
4582	6.99E-06
4581	7.00E-06
4580	7.01E-06
4579	7.02E-06
4578	7.04E-06
4577	7.05E-06
4576	7.06E-06
4575	7.07E-06
4574	7.09E-06
4573	7.10E-06
4572	7.11E-06
4571	7.12E-06
4570	7.14E-06
4569	7.15E-06
4568	7.16E-06
4567	7.17E-06
4566	7.18E-06
4565	7.20E-06
4564	7.21E-06
4563	7.22E-06
4562	7.23E-06
4561	7.25E-06
4560	7.26E-06
4559	7.27E-06
4558	7.28E-06
4557	7.30E-06
4556	7.31E-06
4555	7.32E-06
4554	7.33E-06
4553	7.34E-06
4552	7.36E-06
4551	7.37E-06
4550	7.38E-06
4549	7.39E-06
4548	7.40E-06
4547	7.42E-06
4546	7.43E-06
4545	7.44E-06
4544	7.45E-06
4543	7.46E-06
4542	7.48E-06
4541	7.49E-06
4540	7.50E-06
4539	7.51E-06
4538	7.52E-06
4537	7.54E-06
4536	7.55E-06
4535	7.56E-06
4534	7.57E-06
4533	7.58E-06
4532	7.59E-06
4531	7.60E-06
4530	7.61E-06
4529	7.62E-06
4528	7.64E-06
4527	7.65E-06
4526	7.66E-06
4525	7.67E-06
4524	7.68E-06
4523	7.69E-06
4522	7.70E-06
4521	7.71E-06
4520	7.72E-06
4519	7.73E-06
4518	7.74E-06
4517	7.75E-06
4516	7.76E-06
4515	7.77E-06
4514	7.79E-06
4513	7.80E-06
4512	7.81E-06
4511	7.82E-06
4510	7.83E-06
4509	7.84E-06
4508	7.85E-06
4507	7.86E-06
4506	7.87E-06
4505	7.87E-06
4504	7.88E-06
4503	7.89E-06
4502	7.90E-06
4501	7.91E-06
4500	7.92E-06
4499	7.93E-06
4498	7.94E-06
4497	7.95E-06
4496	7.95E-06
4495	7.96E-06
4494	7.97E-06
4493	7.98E-06
4492	7.98E-06
4491	7.99E-06
4490	8.00E-06
4489	8.01E-06
4488	8.01E-06
4487	8.02E-06
4486	8.03E-06
4485	8.03E-06
4484	8.04E-06
4483	8.05E-06
4482	8.05E-06
4481	8.06E-06
4480	8.07E-06
4479	8.07E-06
4478	8.08E-06
4477	8.09E-06
4476	8.09E-06
4475	8.10E-06
4474	8.10E-06
4473	8.11E-06
4472	8.12E-06
4471	8.12E-06
4470	8.13E-06
4469	8.13E-06
4468	8.14E-06
4467	8.15E-06
4466	8.15E-06
4465	8.16E-06
4464	8.16E-06
4463	8.17E-06
4462	8.17E-06
4461	8.18E-06
4460	8.18E-06
4459	8.19E-06
4458	8.19E-06
4457	8.20E-06
4456	8.20E-06
4455	8.21E-06
4454	8.21E-06
4453	8.22E-06
4452	8.22E-06
4451	8.23E-06
4450	8.23E-06
4449	8.24E-06
4448	8.24E-06
4447	8.25E-06
4446	8.25E-06
4445	8.25E-06
4444	8.26E-06
4443	8.26E-06
4442	8.27E-06
4441	8.27E-06
4440	8.28E-06
4439	8.28E-06
4438	8.29E-06
4437	8.29E-06
4436	8.29E-06
4435	8.30E-06
4434	8.30E-06
4433	8.31E-06
4432	8.31E-06
4431	8.32E-06
4430	8.32E-06
4429	8.33E-06
4428	8.33E-06
4427	8.33E-06
4426	8.34E-06
4425	8.34E-06
4424	8.35E-06
4423	8.35E-06
4422	8.35E-06
4421	8.36E-06
4420	8.36E-06
4419	8.37E-06
4418	8.37E-06
4417	8.38E-06
4416	8.38E-06
4415	8.38E-06
4414	8.39E-06
4413	8.39E-06
4412	8.40E-06
4411	8.40E-06
4410	8.41E-06
4409	8.41E-06
4408	8.42E-06
4407	8.42E-06
4406	8.43E-06
4405	8.43E-06
4404	8.44E-06
4403	8.44E-06
4402	8.45E-06
4401	8.45E-06
4400	8.45E-06
4399	8.46E-06
4398	8.47E-06
4397	8.47E-06
4396	8.48E-06
4395	8.48E-06
4394	8.49E-06
4393	8.49E-06
4392	8.50E-06
4391	8.51E-06
4390	8.51E-06
4389	8.52E-06
4388	8.52E-06
4387	8.53E-06
4386	8.53E-06
4385	8.54E-06
4384	8.55E-06
4383	8.55E-06
4382	8.56E-06
4381	8.57E-06
4380	8.57E-06
4379	8.58E-06
4378	8.59E-06
4377	8.60E-06
4376	8.60E-06
4375	8.61E-06
4374	8.62E-06
4373	8.63E-06
4372	8.64E-06
4371	8.64E-06
4370	8.65E-06
4369	8.66E-06
4368	8.67E-06
4367	8.68E-06
4366	8.69E-06
4365	8.70E-06
4364	8.71E-06
4363	8.72E-06
4362	8.72E-06
4361	8.73E-06
4360	8.74E-06
4359	8.75E-06
4358	8.76E-06
4357	8.77E-06
4356	8.79E-06
4355	8.80E-06
4354	8.81E-06
4353	8.82E-06
4352	8.83E-06
4351	8.84E-06
4350	8.85E-06
4349	8.87E-06
4348	8.88E-06
4347	8.89E-06
4346	8.90E-06
4345	8.92E-06
4344	8.93E-06
4343	8.94E-06
4342	8.96E-06
4341	8.97E-06
4340	8.98E-06
4339	9.00E-06
4338	9.01E-06
4337	9.03E-06
4336	9.04E-06
4335	9.06E-06
4334	9.07E-06
4333	9.09E-06
4332	9.11E-06
4331	9.12E-06
4330	9.14E-06
4329	9.16E-06
4328	9.17E-06
4327	9.19E-06
4326	9.21E-06
4325	9.23E-06
4324	9.24E-06
4323	9.26E-06
4322	9.28E-06
4321	9.30E-06
4320	9.32E-06
4319	9.34E-06
4318	9.36E-06
4317	9.38E-06
4316	9.40E-06
4315	9.43E-06
4314	9.45E-06
4313	9.47E-06
4312	9.49E-06
4311	9.51E-06
4310	9.54E-06
4309	9.56E-06
4308	9.59E-06
4307	9.61E-06
4306	9.63E-06
4305	9.66E-06
4304	9.69E-06
4303	9.71E-06
4302	9.74E-06
4301	9.76E-06
4300	9.79E-06
4299	9.82E-06
4298	9.84E-06
4297	9.87E-06
4296	9.90E-06
4295	9.93E-06
4294	9.96E-06
4293	9.99E-06
4292	1.00E-05
4291	1.01E-05
4290	1.01E-05
4289	1.01E-05
4288	1.01E-05
4287	1.02E-05
4286	1.02E-05
4285	1.02E-05
4284	1.03E-05
4283	1.03E-05
4282	1.04E-05
4281	1.04E-05
4280	1.04E-05
4279	1.05E-05
4278	1.05E-05
4277	1.05E-05
4276	1.06E-05
4275	1.06E-05
4274	1.07E-05
4273	1.07E-05
4272	1.07E-05
4271	1.08E-05
4270	1.08E-05
4269	1.09E-05
4268	1.09E-05
4267	1.10E-05
4266	1.10E-05
4265	1.10E-05
4264	1.11E-05
4263	1.11E-05
4262	1.12E-05
4261	1.12E-05
4260	1.13E-05
4259	1.13E-05
4258	1.14E-05
4257	1.14E-05
4256	1.15E-05
4255	1.15E-05
4254	1.16E-05
4253	1.16E-05
4252	1.17E-05
4251	1.17E-05
4250	1.18E-05
4249	1.19E-05
4248	1.19E-05
4247	1.20E-05
4246	1.20E-05
4245	1.21E-05
4244	1.22E-05
4243	1.22E-05
4242	1.23E-05
4241	1.23E-05
4240	1.24E-05
4239	1.25E-05
4238	1.25E-05
4237	1.26E-05
4236	1.27E-05
4235	1.27E-05
4234	1.28E-05
4233	1.29E-05
4232	1.30E-05
4231	1.30E-05
4230	1.31E-05
4229	1.32E-05
4228	1.33E-05
4227	1.33E-05
4226	1.34E-05
4225	1.35E-05
4224	1.36E-05
4223	1.37E-05
4222	1.37E-05
4221	1.38E-05
4220	1.39E-05
4219	1.40E-05
4218	1.41E-05
4217	1.42E-05
4216	1.43E-05
4215	1.44E-05
4214	1.44E-05
4213	1.45E-05
4212	1.46E-05
4211	1.47E-05
4210	1.48E-05
4209	1.49E-05
4208	1.50E-05
4207	1.51E-05
4206	1.52E-05
4205	1.53E-05
4204	1.55E-05
4203	1.56E-05
4202	1.57E-05
4201	1.58E-05
4200	1.59E-05
4199	1.60E-05
4198	1.61E-05
4197	1.62E-05
4196	1.64E-05
4195	1.65E-05
4194	1.66E-05
4193	1.67E-05
4192	1.69E-05
4191	1.70E-05
4190	1.71E-05
4189	1.73E-05
4188	1.74E-05
4187	1.75E-05
4186	1.77E-05
4185	1.78E-05
4184	1.80E-05
4183	1.81E-05
4182	1.82E-05
4181	1.84E-05
4180	1.85E-05
4179	1.87E-05
4178	1.89E-05
4177	1.90E-05
4176	1.92E-05
4175	1.93E-05
4174	1.95E-05
4173	1.97E-05
4172	1.98E-05
4171	2.00E-05
4170	2.02E-05
4169	2.04E-05
4168	2.05E-05
4167	2.07E-05
4166	2.09E-05
4165	2.11E-05
4164	2.13E-05
4163	2.15E-05
4162	2.17E-05
4161	2.19E-05
4160	2.21E-05
4159	2.23E-05
4158	2.25E-05
4157	2.27E-05
4156	2.29E-05
4155	2.32E-05
4154	2.34E-05
4153	2.36E-05
4152	2.38E-05
4151	2.41E-05
4150	2.43E-05
4149	2.46E-05
4148	2.48E-05
4147	2.50E-05
4146	2.53E-05
4145	2.56E-05
4144	2.58E-05
4143	2.61E-05
4142	2.63E-05
4141	2.66E-05
4140	2.69E-05
4139	2.72E-05
4138	2.75E-05
4137	2.77E-05
4136	2.80E-05
4135	2.83E-05
4134	2.86E-05
4133	2.89E-05
4132	2.93E-05
4131	2.96E-05
4130	2.99E-05
4129	3.02E-05
4128	3.06E-05
4127	3.09E-05
4126	3.12E-05
4125	3.16E-05
4124	3.19E-05
4123	3.23E-05
4122	3.27E-05
4121	3.30E-05
4120	3.34E-05
4119	3.38E-05
4118	3.42E-05
4117	3.46E-05
4116	3.50E-05
4115	3.54E-05
4114	3.58E-05
4113	3.62E-05
4112	3.66E-05
4111	3.71E-05
4110	3.75E-05
4109	3.80E-05
4108	3.84E-05
4107	3.89E-05
4106	3.93E-05
4105	3.98E-05
4104	4.03E-05
4103	4.08E-05
4102	4.13E-05
4101	4.18E-05
4100	4.23E-05
4099	4.28E-05
4098	4.34E-05
4097	4.39E-05
4096	4.45E-05
4095	4.50E-05
4094	4.56E-05
4093	4.62E-05
4092	4.67E-05
4091	4.73E-05
4090	4.79E-05
4089	4.85E-05
4088	4.91E-05
4087	4.98E-05
4086	5.04E-05
4085	5.11E-05
4084	5.17E-05
4083	5.24E-05
4082	5.31E-05
4081	5.38E-05
4080	5.45E-05
4079	5.52E-05
4078	5.59E-05
4077	5.66E-05
4076	5.74E-05
4075	5.81E-05
4074	5.89E-05
4073	5.97E-05
4072	6.05E-05
4071	6.13E-05
4070	6.21E-05
4069	6.29E-05
4068	6.38E-05
4067	6.46E-05
4066	6.55E-05
4065	6.63E-05
4064	6.72E-05
4063	6.81E-05
4062	6.91E-05
4061	7.00E-05
4060	7.09E-05
4059	7.19E-05
4058	7.28E-05
4057	7.38E-05
4056	7.48E-05
4055	7.58E-05
4054	7.69E-05
4053	7.79E-05
4052	7.90E-05
4051	8.00E-05
4050	8.11E-05
4049	8.22E-05
4048	8.33E-05
4047	8.45E-05
4046	8.56E-05
4045	8.68E-05
4044	8.80E-05
4043	8.92E-05
4042	9.04E-05
4041	9.16E-05
4040	9.28E-05
4039	9.41E-05
4038	9.54E-05
4037	9.66E-05
4036	9.80E-05
4035	9.93E-05
4034	1.01E-04
4033	1.02E-04
4032	1.03E-04
4031	1.05E-04
4030	1.06E-04
4029	1.08E-04
4028	1.09E-04
4027	1.10E-04
4026	1.12E-04
4025	1.13E-04
4024	1.15E-04
4023	1.16E-04
4022	1.18E-04
4021	1.20E-04
4020	1.21E-04
4019	1.23E-04
4018	1.24E-04
4017	1.26E-04
4016	1.28E-04
4015	1.29E-04
4014	1.31E-04
4013	1.33E-04
4012	1.34E-04
4011	1.36E-04
4010	1.38E-04
4009	1.40E-04
4008	1.41E-04
4007	1.43E-04
4006	1.45E-04
4005	1.47E-04
4004	1.49E-04
4003	1.51E-04
4002	1.53E-04
4001	1.54E-04
4000	1.56E-04
3999	1.58E-04
3998	1.60E-04
3997	1.62E-04
3996	1.64E-04
3995	1.66E-04
3994	1.68E-04
3993	1.70E-04
3992	1.72E-04
3991	1.74E-04
3990	1.76E-04
3989	1.78E-04
3988	1.80E-04
3987	1.82E-04
3986	1.84E-04
3985	1.87E-04
3984	1.89E-04
3983	1.91E-04
3982	1.93E-04
3981	1.95E-04
3980	1.97E-04
3979	2.00E-04
3978	2.02E-04
3977	2.04E-04
3976	2.06E-04
3975	2.09E-04
3974	2.11E-04
3973	2.13E-04
3972	2.16E-04
3971	2.18E-04
3970	2.20E-04
3969	2.23E-04
3968	2.25E-04
3967	2.27E-04
3966	2.30E-04
3965	2.32E-04
3964	2.35E-04
3963	2.37E-04
3962	2.40E-04
3961	2.42E-04
3960	2.45E-04
3959	2.47E-04
3958	2.50E-04
3957	2.52E-04
3956	2.55E-04
3955	2.58E-04
3954	2.60E-04
3953	2.63E-04
3952	2.66E-04
3951	2.68E-04
3950	2.71E-04
3949	2.74E-04
3948	2.76E-04
3947	2.79E-04
3946	2.82E-04
3945	2.85E-04
3944	2.88E-04
3943	2.91E-04
3942	2.93E-04
3941	2.96E-04
3940	2.99E-04
3939	3.02E-04
3938	3.05E-04
3937	3.08E-04
3936	3.11E-04
3935	3.14E-04
3934	3.17E-04
3933	3.21E-04
3932	3.24E-04
3931	3.27E-04
3930	3.30E-04
3929	3.33E-04
3928	3.37E-04
3927	3.40E-04
3926	3.43E-04
3925	3.47E-04
3924	3.50E-04
3923	3.54E-04
3922	3.57E-04
3921	3.60E-04
3920	3.64E-04
3919	3.68E-04
3918	3.71E-04
3917	3.75E-04
3916	3.79E-04
3915	3.83E-04
3914	3.86E-04
3913	3.90E-04
3912	3.94E-04
3911	3.98E-04
3910	4.02E-04
3909	4.06E-04
3908	4.10E-04
3907	4.14E-04
3906	4.19E-04
3905	4.23E-04
3904	4.27E-04
3903	4.32E-04
3902	4.36E-04
3901	4.41E-04
3900	4.46E-04
3899	4.50E-04
3898	4.55E-04
3897	4.60E-04
3896	4.65E-04
3895	4.70E-04
3894	4.75E-04
3893	4.80E-04
3892	4.85E-04
3891	4.90E-04
3890	4.96E-04
3889	5.01E-04
3888	5.07E-04
3887	5.12E-04
3886	5.18E-04
3885	5.24E-04
3884	5.30E-04
3883	5.36E-04
3882	5.42E-04
3881	5.48E-04
3880	5.54E-04
3879	5.61E-04
3878	5.68E-04
3877	5.74E-04
3876	5.81E-04
3875	5.88E-04
3874	5.95E-04
3873	6.02E-04
3872	6.09E-04
3871	6.17E-04
3870	6.24E-04
3869	6.32E-04
3868	6.40E-04
3867	6.48E-04
3866	6.56E-04
3865	6.64E-04
3864	6.73E-04
3863	6.82E-04
3862	6.90E-04
3861	6.99E-04
3860	7.08E-04
3859	7.18E-04
3858	7.27E-04
3857	7.37E-04
3856	7.47E-04
3855	7.57E-04
3854	7.67E-04
3853	7.78E-04
3852	7.88E-04
3851	7.99E-04
3850	8.11E-04
3849	8.22E-04
3848	8.34E-04
3847	8.45E-04
3846	8.58E-04
3845	8.70E-04
3844	8.83E-04
3843	8.96E-04
3842	9.09E-04
3841	9.22E-04
3840	9.36E-04
3839	9.50E-04
3838	9.65E-04
3837	9.79E-04
3836	9.94E-04
3835	1.01E-03
3834	1.03E-03
3833	1.04E-03
3832	1.06E-03
3831	1.08E-03
3830	1.09E-03
3829	1.11E-03
3828	1.13E-03
3827	1.15E-03
3826	1.17E-03
3825	1.18E-03
3824	1.20E-03
3823	1.22E-03
3822	1.25E-03
3821	1.27E-03
3820	1.29E-03
3819	1.31E-03
3818	1.33E-03
3817	1.36E-03
3816	1.38E-03
3815	1.40E-03
3814	1.43E-03
3813	1.45E-03
3812	1.48E-03
3811	1.51E-03
3810	1.54E-03
3809	1.56E-03
3808	1.59E-03
3807	1.62E-03
3806	1.65E-03
3805	1.68E-03
3804	1.72E-03
3803	1.75E-03
3802	1.78E-03
3801	1.82E-03
3800	1.85E-03
3799	1.89E-03
3798	1.93E-03
3797	1.96E-03
3796	2.00E-03
3795	2.04E-03
3794	2.08E-03
3793	2.13E-03
3792	2.17E-03
3791	2.22E-03
3790	2.26E-03
3789	2.31E-03
3788	2.36E-03
3787	2.41E-03
3786	2.46E-03
3785	2.51E-03
3784	2.56E-03
3783	2.62E-03
3782	2.68E-03
3781	2.74E-03
3780	2.80E-03
3779	2.86E-03
3778	2.92E-03
3777	2.99E-03
3776	3.05E-03
3775	3.12E-03
3774	3.19E-03
3773	3.27E-03
3772	3.34E-03
3771	3.42E-03
3770	3.50E-03
3769	3.58E-03
3768	3.67E-03
3767	3.75E-03
3766	3.84E-03
3765	3.94E-03
3764	4.03E-03
3763	4.13E-03
3762	4.23E-03
3761	4.33E-03
3760	4.44E-03
3759	4.55E-03
3758	4.66E-03
3757	4.78E-03
3756	4.90E-03
3755	5.03E-03
3754	5.15E-03
3753	5.28E-03
3752	5.42E-03
3751	5.56E-03
3750	5.71E-03
3749	5.86E-03
3748	6.01E-03
3747	6.17E-03
3746	6.33E-03
3745	6.50E-03
3744	6.67E-03
3743	6.85E-03
3742	7.04E-03
3741	7.23E-03
3740	7.42E-03
3739	7.63E-03
3738	7.84E-03
3737	8.06E-03
3736	8.28E-03
3735	8.51E-03
3734	8.75E-03
3733	9.00E-03
3732	9.25E-03
3731	9.52E-03
3730	9.79E-03
3729	1.01E-02
3728	1.04E-02
3727	1.07E-02
3726	1.10E-02
3725	1.13E-02
3724	1.16E-02
3723	1.20E-02
3722	1.23E-02
3721	1.27E-02
3720	1.31E-02
3719	1.34E-02
3718	1.38E-02
3717	1.43E-02
3716	1.47E-02
3715	1.51E-02
3714	1.56E-02
3713	1.61E-02
3712	1.66E-02
3711	1.71E-02
3710	1.76E-02
3709	1.82E-02
3708	1.87E-02
3707	1.93E-02
3706	1.99E-02
3705	2.05E-02
3704	2.12E-02
3703	2.19E-02
3702	2.25E-02
3701	2.33E-02
3700	2.40E-02
3699	2.48E-02
3698	2.56E-02
3697	2.64E-02
3696	2.72E-02
3695	2.81E-02
3694	2.90E-02
3693	3.00E-02
3692	3.09E-02
3691	3.19E-02
3690	3.30E-02
3689	3.40E-02
3688	3.52E-02
3687	3.63E-02
3686	3.75E-02
3685	3.87E-02
3684	4.00E-02
3683	4.13E-02
3682	4.27E-02
3681	4.41E-02
3680	4.56E-02
3679	4.71E-02
3678	4.87E-02
3677	5.03E-02
3676	5.20E-02
3675	5.37E-02
3674	5.55E-02
3673	5.73E-02
3672	5.92E-02
3671	6.12E-02
3670	6.33E-02
3669	6.54E-02
3668	6.76E-02
3667	6.98E-02
3666	7.22E-02
3665	7.46E-02
3664	7.71E-02
3663	7.97E-02
3662	8.24E-02
3661	8.51E-02
3660	8.80E-02
3659	9.09E-02
3658	9.40E-02
3657	9.72E-02
3656	1.00E-01
3655	1.04E-01
3654	1.07E-01
3653	1.11E-01
3652	1.15E-01
3651	1.18E-01
3650	1.22E-01
3649	1.27E-01
3648	1.31E-01
3647	1.35E-01
3646	1.40E-01
3645	1.44E-01
3644	1.49E-01
3643	1.54E-01
3642	1.59E-01
3641	1.65E-01
3640	1.70E-01
3639	1.76E-01
3638	1.82E-01
3637	1.88E-01
3636	1.94E-01
3635	2.00E-01
3634	2.07E-01
3633	2.14E-01
3632	2.21E-01
3631	2.29E-01
3630	2.36E-01
3629	2.44E-01
3628	2.52E-01
3627	2.61E-01
3626	2.69E-01
3625	2.78E-01
3624	2.88E-01
3623	2.97E-01
3622	3.07E-01
3621	3.17E-01
3620	3.28E-01
3619	3.39E-01
3618	3.50E-01
3617	3.62E-01
3616	3.74E-01
3615	3.87E-01
3614	4.00E-01
3613	4.14E-01
3612	4.27E-01
3611	4.42E-01
3610	4.57E-01
3609	4.72E-01
3608	4.89E-01
3607	5.05E-01
3606	5.23E-01
3605	5.41E-01
3604	5.59E-01
3603	5.79E-01
3602	5.99E-01
3601	6.19E-01
3600	6.41E-01
3599	6.64E-01
3598	6.87E-01
3597	7.11E-01
3596	7.36E-01
3595	7.62E-01
3594	7.90E-01
3593	8.18E-01
3592	8.47E-01
3591	8.78E-01
3590	9.09E-01
3589	9.43E-01
3588	9.77E-01
3587	1.01E+00
3586	1.05E+00
3585	1.09E+00
3584	1.13E+00
3583	1.17E+00
3582	1.22E+00
3581	1.26E+00
3580	1.31E+00
3579	1.36E+00
3578	1.41E+00
3577	1.47E+00
3576	1.53E+00
3575	1.59E+00
3574	1.65E+00
3573	1.71E+00
3572	1.78E+00
3571	1.85E+00
3570	1.93E+00
3569	2.01E+00
3568	2.09E+00
3567	2.18E+00
3566	2.27E+00
3565	2.36E+00
3564	2.46E+00
3563	2.57E+00
3562	2.67E+00
3561	2.79E+00
3560	2.91E+00
3559	3.04E+00
3558	3.17E+00
3557	3.31E+00
3556	3.46E+00
3555	3.61E+00
3554	3.77E+00
3553	3.94E+00
3552	4.12E+00
3551	4.31E+00
3550	4.51E+00
3549	4.72E+00
3548	4.95E+00
3547	5.18E+00
3546	5.42E+00
3545	5.68E+00
3544	5.96E+00
3543	6.24E+00
3542	6.55E+00
3541	6.87E+00
3540	7.21E+00
3539	7.56E+00
3538	7.94E+00
3537	8.33E+00
3536	8.75E+00
3535	9.19E+00
3534	9.66E+00
3533	1.02E+01
3532	1.07E+01
3531	1.12E+01
3530	1.18E+01
3529	1.24E+01
3528	1.30E+01
3527	1.37E+01
3526	1.44E+01
3525	1.52E+01
3524	1.60E+01
3523	1.68E+01
3522	1.77E+01
3521	1.86E+01
3520	1.96E+01
3519	2.06E+01
3518	2.17E+01
3517	2.28E+01
3516	2.40E+01
3515	2.52E+01
3514	2.65E+01
3513	2.78E+01
3512	2.92E+01
3511	3.06E+01
3510	3.21E+01
3509	3.37E+01
3508	3.53E+01
3507	3.70E+01
3506	3.87E+01
3505	4.04E+01
3504	4.22E+01
3503	4.41E+01
3502	4.60E+01
3501	4.79E+01
3500	4.98E+01
3499	5.18E+01
3498	5.38E+01
3497	5.57E+01
3496	5.77E+01
3495	5.97E+01
3494	6.17E+01
3493	6.36E+01
3492	6.56E+01
3491	6.75E+01
3490	6.93E+01
3489	7.12E+01
3488	7.29E+01
3487	7.47E+01
3486	7.63E+01
3485	7.80E+01
3484	7.95E+01
3483	8.10E+01
3482	8.24E+01
3481	8.37E+01
3480	8.50E+01
3479	8.62E+01
3478	8.73E+01
3477	8.83E+01
3476	8.93E+01
3475	9.02E+01
3474	9.11E+01
3473	9.18E+01
3472	9.25E+01
3471	9.32E+01
3470	9.38E+01
3469	9.43E+01
3468	9.48E+01
3467	9.53E+01
3466	9.57E+01
3465	9.60E+01
3464	9.63E+01
3463	9.66E+01
3462	9.69E+01
3461	9.71E+01
3460	9.73E+01
3459	9.75E+01
3458	9.76E+01
3457	9.77E+01
3456	9.79E+01
3455	9.80E+01
3454	9.81E+01
3453	9.81E+01
3452	9.82E+01
3451	9.82E+01
3450	9.83E+01
3449	9.83E+01
3448	9.84E+01
3447	9.84E+01
3446	9.84E+01
3445	9.84E+01
3444	9.84E+01
3443	9.85E+01
3442	9.85E+01
3441	9.85E+01
3440	9.85E+01
3439	9.85E+01
3438	9.85E+01
3437	9.85E+01
3436	9.85E+01
3435	9.85E+01
3434	9.85E+01
3433	9.85E+01
3432	9.85E+01
3431	9.86E+01
3430	9.86E+01
3429	9.86E+01
3428	9.86E+01
3427	9.86E+01
3426	9.86E+01
3425	9.86E+01
3424	9.86E+01
3423	9.86E+01
3422	9.86E+01
3421	9.86E+01
3420	9.86E+01
3419	9.87E+01
3418	9.87E+01
3417	9.87E+01
3416	9.87E+01
3415	9.87E+01
3414	9.87E+01
3413	9.87E+01
3412	9.87E+01
3411	9.87E+01
3410	9.87E+01
3409	9.87E+01
3408	9.88E+01
3407	9.88E+01
3406	9.88E+01
3405	9.88E+01
3404	9.88E+01
3403	9.88E+01
3402	9.88E+01
3401	9.88E+01
3400	9.88E+01
3399	9.88E+01
3398	9.88E+01
3397	9.89E+01
3396	9.89E+01
3395	9.89E+01
3394	9.89E+01
3393	9.89E+01
3392	9.89E+01
3391	9.89E+01
3390	9.89E+01
3389	9.89E+01
3388	9.89E+01
3387	9.89E+01
3386	9.89E+01
3385	9.89E+01
3384	9.89E+01
3383	9.89E+01
3382	9.89E+01
3381	9.89E+01
3380	9.89E+01
3379	9.89E+01
3378	9.89E+01
3377	9.89E+01
3376	9.89E+01
3375	9.89E+01
3374	9.89E+01
3373	9.89E+01
3372	9.90E+01
3371	9.90E+01
3370	9.90E+01
3369	9.90E+01
3368	9.90E+01
3367	9.90E+01
3366	9.90E+01
3365	9.90E+01
3364	9.90E+01
3363	9.90E+01
3362	9.90E+01
3361	9.90E+01
3360	9.90E+01
3359	9.90E+01
3358	9.90E+01
3357	9.90E+01
3356	9.90E+01
3355	9.90E+01
3354	9.90E+01
3353	9.90E+01
3352	9.91E+01
3351	9.91E+01
3350	9.91E+01
3349	9.91E+01
3348	9.91E+01
3347	9.91E+01
3346	9.91E+01
3345	9.91E+01
3344	9.91E+01
3343	9.91E+01
3342	9.91E+01
3341	9.91E+01
3340	9.91E+01
3339	9.91E+01
3338	9.91E+01
3337	9.91E+01
3336	9.91E+01
3335	9.91E+01
3334	9.91E+01
3333	9.91E+01
3332	9.92E+01
3331	9.92E+01
3330	9.92E+01
3329	9.92E+01
3328	9.92E+01
3327	9.92E+01
3326	9.92E+01
3325	9.92E+01
3324	9.92E+01
3323	9.92E+01
3322	9.92E+01
3321	9.92E+01
3320	9.92E+01
3319	9.92E+01
3318	9.92E+01
3317	9.92E+01
3316	9.92E+01
3315	9.92E+01
3314	9.92E+01
3313	9.92E+01
3312	9.92E+01
3311	9.92E+01
3310	9.92E+01
3309	9.92E+01
3308	9.92E+01
3307	9.92E+01
3306	9.92E+01
3305	9.92E+01
3304	9.92E+01
3303	9.92E+01
3302	9.92E+01
3301	9.93E+01
3300	9.93E+01
3299	9.93E+01
3298	9.93E+01
3297	9.93E+01
3296	9.93E+01
3295	9.93E+01
3294	9.93E+01
3293	9.93E+01
3292	9.93E+01
3291	9.93E+01
3290	9.93E+01
3289	9.93E+01
3288	9.93E+01
3287	9.93E+01
3286	9.93E+01
3285	9.93E+01
3284	9.93E+01
3283	9.93E+01
3282	9.93E+01
3281	9.93E+01
3280	9.93E+01
3279	9.93E+01
3278	9.93E+01
3277	9.93E+01
3276	9.93E+01
3275	9.93E+01
3274	9.94E+01
3273	9.94E+01
3272	9.94E+01
3271	9.94E+01
3270	9.94E+01
3269	9.94E+01
3268	9.94E+01
3267	9.94E+01
3266	9.94E+01
3265	9.94E+01
3264	9.94E+01
3263	9.94E+01
3262	9.94E+01
3261	9.94E+01
3260	9.94E+01
3259	9.94E+01
3258	9.94E+01
3257	9.94E+01
3256	9.94E+01
3255	9.94E+01
3254	9.94E+01
3253	9.94E+01
3252	9.94E+01
3251	9.94E+01
3250	9.94E+01
3249	9.94E+01
3248	9.94E+01
3247	9.94E+01
3246	9.94E+01
3245	9.94E+01
3244	9.94E+01
3243	9.94E+01
3242	9.94E+01
3241	9.94E+01
3240	9.94E+01
3239	9.94E+01
3238	9.94E+01
3237	9.94E+01
3236	9.94E+01
3235	9.94E+01
3234	9.94E+01
3233	9.94E+01
3232	9.94E+01
3231	9.94E+01
3230	9.94E+01
3229	9.94E+01
3228	9.94E+01
3227	9.94E+01
3226	9.94E+01
3225	9.94E+01
3224	9.94E+01
3223	9.94E+01
3222	9.94E+01
3221	9.94E+01
3220	9.94E+01
3219	9.94E+01
3218	9.94E+01
3217	9.95E+01
3216	9.95E+01
3215	9.95E+01
3214	9.95E+01
3213	9.95E+01
3212	9.95E+01
3211	9.95E+01
3210	9.95E+01
3209	9.95E+01
3208	9.95E+01
3207	9.95E+01
3206	9.95E+01
3205	9.95E+01
3204	9.95E+01
3203	9.95E+01
3202	9.95E+01
3201	9.95E+01
3200	9.95E+01
3199	9.95E+01
3198	9.95E+01
3197	9.95E+01
3196	9.95E+01
3195	9.95E+01
3194	9.95E+01
3193	9.95E+01
3192	9.95E+01
3191	9.95E+01
3190	9.95E+01
3189	9.95E+01
3188	9.95E+01
3187	9.95E+01
3186	9.95E+01
3185	9.95E+01
3184	9.95E+01
3183	9.95E+01
3182	9.95E+01
3181	9.94E+01
3180	9.94E+01
3179	9.94E+01
3178	9.94E+01
3177	9.94E+01
3176	9.94E+01
3175	9.94E+01
3174	9.94E+01
3173	9.94E+01
3172	9.94E+01
3171	9.94E+01
3170	9.94E+01
3169	9.94E+01
3168	9.94E+01
3167	9.94E+01
3166	9.94E+01
3165	9.95E+01
3164	9.95E+01
3163	9.95E+01
3162	9.95E+01
3161	9.95E+01
3160	9.95E+01
3159	9.95E+01
3158	9.95E+01
3157	9.95E+01
3156	9.95E+01
3155	9.95E+01
3154	9.95E+01
3153	9.95E+01
3152	9.95E+01
3151	9.95E+01
3150	9.94E+01
3149	9.94E+01
3148	9.94E+01
3147	9.93E+01
3146	9.93E+01
3145	9.92E+01
3144	9.91E+01
3143	9.90E+01
3142	9.88E+01
3141	9.87E+01
3140	9.85E+01
3139	9.83E+01
3138	9.80E+01
3137	9.77E+01
3136	9.75E+01
3135	9.71E+01
3134	9.67E+01
3133	9.63E+01
3132	9.58E+01
3131	9.52E+01
3130	9.46E+01
3129	9.40E+01
3128	9.33E+01
3127	9.25E+01
3126	9.17E+01
3125	9.08E+01
3124	8.98E+01
3123	8.88E+01
3122	8.77E+01
3121	8.65E+01
3120	8.53E+01
3119	8.39E+01
3118	8.25E+01
3117	8.11E+01
3116	7.96E+01
3115	7.80E+01
3114	7.64E+01
3113	7.47E+01
3112	7.30E+01
3111	7.12E+01
3110	6.94E+01
3109	6.76E+01
3108	6.57E+01
3107	6.38E+01
3106	6.19E+01
3105	6.00E+01
3104	5.80E+01
3103	5.61E+01
3102	5.42E+01
3101	5.23E+01
3100	5.04E+01
3099	4.85E+01
3098	4.67E+01
3097	4.49E+01
3096	4.31E+01
3095	4.13E+01
3094	3.96E+01
3093	3.79E+01
3092	3.63E+01
3091	3.47E+01
3090	3.31E+01
3089	3.16E+01
3088	3.02E+01
3087	2.88E+01
3086	2.74E+01
3085	2.61E+01
3084	2.48E+01
3083	2.36E+01
3082	2.24E+01
3081	2.13E+01
3080	2.02E+01
3079	1.92E+01
3078	1.82E+01
3077	1.73E+01
3076	1.64E+01
3075	1.55E+01
3074	1.47E+01
3073	1.39E+01
3072	1.31E+01
3071	1.24E+01
3070	1.17E+01
3069	1.11E+01
3068	1.04E+01
3067	9.86E+00
3066	9.30E+00
3065	8.77E+00
3064	8.27E+00
3063	7.79E+00
3062	7.34E+00
3061	6.92E+00
3060	6.51E+00
3059	6.13E+00
3058	5.77E+00
3057	5.43E+00
3056	5.11E+00
3055	4.80E+00
3054	4.52E+00
3053	4.25E+00
3052	3.99E+00
3051	3.75E+00
3050	3.53E+00
3049	3.32E+00
3048	3.12E+00
3047	2.93E+00
3046	2.76E+00
3045	2.59E+00
3044	2.44E+00
3043	2.29E+00
3042	2.15E+00
3041	2.02E+00
3040	1.90E+00
3039	1.79E+00
3038	1.68E+00
3037	1.58E+00
3036	1.49E+00
3035	1.40E+00
3034	1.32E+00
3033	1.24E+00
3032	1.17E+00
3031	1.10E+00
3030	1.04E+00
3029	9.78E-01
3028	9.22E-01
3027	8.69E-01
3026	8.20E-01
3025	7.73E-01
3024	7.30E-01
3023	6.89E-01
3022	6.51E-01
3021	6.15E-01
3020	5.81E-01
3019	5.49E-01
3018	5.20E-01
3017	4.92E-01
3016	4.65E-01
3015	4.41E-01
3014	4.17E-01
3013	3.95E-01
3012	3.75E-01
3011	3.56E-01
3010	3.37E-01
3009	3.20E-01
3008	3.04E-01
3007	2.89E-01
3006	2.75E-01
3005	2.61E-01
3004	2.48E-01
3003	2.36E-01
3002	2.25E-01
3001	2.14E-01
3000	2.04E-01
2999	1.95E-01
2998	1.86E-01
2997	1.77E-01
2996	1.69E-01
2995	1.61E-01
2994	1.54E-01
2993	1.47E-01
2992	1.41E-01
2991	1.35E-01
2990	1.29E-01
2989	1.23E-01
2988	1.18E-01
2987	1.13E-01
2986	1.08E-01
2985	1.04E-01
2984	9.98E-02
2983	9.58E-02
2982	9.20E-02
2981	8.83E-02
2980	8.49E-02
2979	8.16E-02
2978	7.84E-02
2977	7.55E-02
2976	7.26E-02
2975	6.99E-02
2974	6.73E-02
2973	6.48E-02
2972	6.25E-02
2971	6.02E-02
2970	5.81E-02
2969	5.61E-02
2968	5.41E-02
2967	5.22E-02
2966	5.04E-02
2965	4.87E-02
2964	4.70E-02
2963	4.55E-02
2962	4.40E-02
2961	4.25E-02
2960	4.11E-02
2959	3.98E-02
2958	3.85E-02
2957	3.72E-02
2956	3.60E-02
2955	3.49E-02
2954	3.38E-02
2953	3.27E-02
2952	3.17E-02
2951	3.07E-02
2950	2.98E-02
2949	2.88E-02
2948	2.79E-02
2947	2.71E-02
2946	2.62E-02
2945	2.54E-02
2944	2.46E-02
2943	2.39E-02
2942	2.31E-02
2941	2.24E-02
2940	2.17E-02
2939	2.11E-02
2938	2.04E-02
2937	1.98E-02
2936	1.92E-02
2935	1.86E-02
2934	1.80E-02
2933	1.74E-02
2932	1.68E-02
2931	1.63E-02
2930	1.58E-02
2929	1.53E-02
2928	1.48E-02
2927	1.43E-02
2926	1.38E-02
2925	1.33E-02
2924	1.29E-02
2923	1.24E-02
2922	1.20E-02
2921	1.16E-02
2920	1.12E-02
2919	1.08E-02
2918	1.04E-02
2917	1.00E-02
2916	9.66E-03
2915	9.31E-03
2914	8.96E-03
2913	8.63E-03
2912	8.30E-03
2911	7.99E-03
2910	7.68E-03
2909	7.39E-03
2908	7.10E-03
2907	6.82E-03
2906	6.56E-03
2905	6.30E-03
2904	6.05E-03
2903	5.81E-03
2902	5.57E-03
2901	5.35E-03
2900	5.13E-03
2899	4.92E-03
2898	4.72E-03
2897	4.53E-03
2896	4.34E-03
2895	4.16E-03
2894	3.99E-03
2893	3.83E-03
2892	3.67E-03
2891	3.52E-03
2890	3.37E-03
2889	3.23E-03
2888	3.10E-03
2887	2.97E-03
2886	2.85E-03
2885	2.73E-03
2884	2.62E-03
2883	2.51E-03
2882	2.41E-03
2881	2.31E-03
2880	2.22E-03
2879	2.13E-03
2878	2.04E-03
2877	1.96E-03
2876	1.88E-03
2875	1.81E-03
2874	1.73E-03
2873	1.67E-03
2872	1.60E-03
2871	1.54E-03
2870	1.48E-03
2869	1.42E-03
2868	1.37E-03
2867	1.32E-03
2866	1.27E-03
2865	1.22E-03
2864	1.17E-03
2863	1.13E-03
2862	1.09E-03
2861	1.05E-03
2860	1.01E-03
2859	9.77E-04
2858	9.43E-04
2857	9.10E-04
2856	8.79E-04
2855	8.49E-04
2854	8.21E-04
2853	7.93E-04
2852	7.67E-04
2851	7.42E-04
2850	7.18E-04
2849	6.96E-04
2848	6.74E-04
2847	6.53E-04
2846	6.33E-04
2845	6.13E-04
2844	5.95E-04
2843	5.78E-04
2842	5.61E-04
2841	5.45E-04
2840	5.29E-04
2839	5.14E-04
2838	5.00E-04
2837	4.87E-04
2836	4.74E-04
2835	4.61E-04
2834	4.49E-04
2833	4.38E-04
2832	4.27E-04
2831	4.16E-04
2830	4.06E-04
2829	3.96E-04
2828	3.87E-04
2827	3.78E-04
2826	3.69E-04
2825	3.61E-04
2824	3.53E-04
2823	3.45E-04
2822	3.38E-04
2821	3.31E-04
2820	3.24E-04
2819	3.18E-04
2818	3.11E-04
2817	3.05E-04
2816	3.00E-04
2815	2.94E-04
2814	2.89E-04
2813	2.83E-04
2812	2.78E-04
2811	2.73E-04
2810	2.69E-04
2809	2.64E-04
2808	2.60E-04
2807	2.56E-04
2806	2.52E-04
2805	2.48E-04
2804	2.44E-04
2803	2.40E-04
2802	2.36E-04
2801	2.33E-04
2800	2.30E-04
2799	2.26E-04
2798	2.23E-04
2797	2.20E-04
2796	2.17E-04
2795	2.14E-04
2794	2.11E-04
2793	2.08E-04
2792	2.05E-04
2791	2.02E-04
2790	1.99E-04
2789	1.96E-04
2788	1.93E-04
2787	1.91E-04
2786	1.88E-04
2785	1.85E-04
2784	1.82E-04
2783	1.80E-04
2782	1.77E-04
2781	1.74E-04
2780	1.71E-04
2779	1.68E-04
2778	1.66E-04
2777	1.63E-04
2776	1.60E-04
2775	1.57E-04
2774	1.54E-04
2773	1.51E-04
2772	1.48E-04
2771	1.45E-04
2770	1.42E-04
2769	1.39E-04
2768	1.36E-04
2767	1.33E-04
2766	1.30E-04
2765	1.26E-04
2764	1.23E-04
2763	1.20E-04
2762	1.17E-04
2761	1.14E-04
2760	1.11E-04
2759	1.08E-04
2758	1.05E-04
2757	1.02E-04
2756	9.85E-05
2755	9.55E-05
2754	9.26E-05
2753	8.97E-05
2752	8.68E-05
2751	8.40E-05
2750	8.13E-05
2749	7.86E-05
2748	7.60E-05
2747	7.34E-05
2746	7.09E-05
2745	6.85E-05
2744	6.61E-05
2743	6.38E-05
2742	6.15E-05
2741	5.94E-05
2740	5.73E-05
2739	5.53E-05
2738	5.33E-05
2737	5.14E-05
2736	4.96E-05
2735	4.78E-05
2734	4.61E-05
2733	4.45E-05
2732	4.29E-05
2731	4.14E-05
2730	3.99E-05
2729	3.85E-05
2728	3.72E-05
2727	3.59E-05
2726	3.47E-05
2725	3.35E-05
2724	3.24E-05
2723	3.13E-05
2722	3.02E-05
2721	2.92E-05
2720	2.83E-05
2719	2.73E-05
2718	2.65E-05
2717	2.56E-05
2716	2.48E-05
2715	2.40E-05
2714	2.33E-05
2713	2.26E-05
2712	2.19E-05
2711	2.13E-05
2710	2.07E-05
2709	2.01E-05
2708	1.95E-05
2707	1.90E-05
2706	1.84E-05
2705	1.79E-05
2704	1.75E-05
2703	1.70E-05
2702	1.66E-05
2701	1.62E-05
2700	1.58E-05
2699	1.54E-05
2698	1.50E-05
2697	1.47E-05
2696	1.43E-05
2695	1.40E-05
2694	1.37E-05
2693	1.34E-05
2692	1.31E-05
2691	1.29E-05
2690	1.26E-05
2689	1.24E-05
2688	1.21E-05
2687	1.19E-05
2686	1.17E-05
2685	1.15E-05
2684	1.13E-05
2683	1.11E-05
2682	1.09E-05
2681	1.07E-05
2680	1.06E-05
2679	1.04E-05
2678	1.03E-05
2677	1.01E-05
2676	9.99E-06
2675	9.86E-06
2674	9.73E-06
2673	9.61E-06
2672	9.50E-06
2671	9.39E-06
2670	9.29E-06
2669	9.19E-06
2668	9.09E-06
2667	9.01E-06
2666	8.92E-06
2665	8.84E-06
2664	8.76E-06
2663	8.68E-06
2662	8.61E-06
2661	8.54E-06
2660	8.47E-06
2659	8.41E-06
2658	8.35E-06
2657	8.29E-06
2656	8.23E-06
2655	8.17E-06
2654	8.11E-06
2653	8.06E-06
2652	8.00E-06
2651	7.95E-06
2650	7.89E-06
2649	7.83E-06
2648	7.78E-06
2647	7.72E-06
2646	7.66E-06
2645	7.60E-06
2644	7.54E-06
2643	7.48E-06
2642	7.41E-06
2641	7.34E-06
2640	7.27E-06
2639	7.19E-06
2638	7.12E-06
2637	7.04E-06
2636	6.95E-06
2635	6.86E-06
2634	6.77E-06
2633	6.68E-06
2632	6.58E-06
2631	6.48E-06
2630	6.37E-06
2629	6.26E-06
2628	6.15E-06
2627	6.03E-06
2626	5.91E-06
2625	5.79E-06
2624	5.67E-06
2623	5.54E-06
2622	5.41E-06
2621	5.28E-06
2620	5.15E-06
2619	5.02E-06
2618	4.89E-06
2617	4.76E-06
2616	4.63E-06
2615	4.50E-06
2614	4.37E-06
2613	4.24E-06
2612	4.11E-06
2611	3.99E-06
2610	3.86E-06
2609	3.74E-06
2608	3.62E-06
2607	3.51E-06
2606	3.40E-06
2605	3.28E-06
2604	3.18E-06
2603	3.07E-06
2602	2.97E-06
2601	2.87E-06
2600	2.78E-06
2599	2.69E-06
2598	2.60E-06
2597	2.51E-06
2596	2.43E-06
2595	2.35E-06
2594	2.28E-06
2593	2.20E-06
2592	2.13E-06
2591	2.06E-06
2590	2.00E-06
2589	1.94E-06
2588	1.88E-06
2587	1.82E-06
2586	1.76E-06
2585	1.71E-06
2584	1.66E-06
2583	1.61E-06
2582	1.57E-06
2581	1.52E-06
2580	1.48E-06
2579	1.44E-06
2578	1.40E-06
2577	1.36E-06
2576	1.33E-06
2575	1.29E-06
2574	1.26E-06
2573	1.23E-06
2572	1.20E-06
2571	1.17E-06
2570	1.14E-06
2569	1.12E-06
2568	1.09E-06
2567	1.07E-06
2566	1.05E-06
2565	1.02E-06
2564	1.00E-06
2563	9.84E-07
2562	9.65E-07
2561	9.47E-07
2560	9.29E-07
2559	9.13E-07
2558	8.97E-07
2557	8.82E-07
2556	8.68E-07
2555	8.55E-07
2554	8.42E-07
2553	8.29E-07
2552	8.18E-07
2551	8.06E-07
2550	7.96E-07
2549	7.85E-07
2548	7.76E-07
2547	7.67E-07
2546	7.58E-07
2545	7.50E-07
2544	7.41E-07
2543	7.34E-07
2542	7.27E-07
2541	7.20E-07
2540	7.13E-07
2539	7.07E-07
2538	7.01E-07
2537	6.95E-07
2536	6.90E-07
2535	6.84E-07
2534	6.79E-07
2533	6.74E-07
2532	6.70E-07
2531	6.65E-07
2530	6.60E-07
2529	6.56E-07
2528	6.52E-07
2527	6.47E-07
2526	6.43E-07
2525	6.39E-07
2524	6.34E-07
2523	6.30E-07
2522	6.25E-07
2521	6.21E-07
2520	6.16E-07
2519	6.12E-07
2518	6.07E-07
2517	6.02E-07
2516	5.96E-07
2515	5.91E-07
2514	5.85E-07
2513	5.79E-07
2512	5.73E-07
2511	5.67E-07
2510	5.60E-07
2509	5.53E-07
2508	5.46E-07
2507	5.38E-07
2506	5.31E-07
2505	5.23E-07
2504	5.14E-07
2503	5.06E-07
2502	4.97E-07
2501	4.88E-07
2500	4.79E-07
2499	4.70E-07
2498	4.61E-07
2497	4.51E-07
2496	4.42E-07
2495	4.32E-07
2494	4.22E-07
2493	4.13E-07
2492	4.03E-07
2491	3.93E-07
2490	3.83E-07
2489	3.74E-07
2488	3.64E-07
2487	3.55E-07
2486	3.46E-07
2485	3.37E-07
2484	3.27E-07
2483	3.19E-07
2482	3.10E-07
2481	3.02E-07
2480	2.93E-07
2479	2.85E-07
2478	2.77E-07
2477	2.70E-07
2476	2.62E-07
2475	2.55E-07
2474	2.48E-07
2473	2.42E-07
2472	2.35E-07
2471	2.29E-07
2470	2.23E-07
2469	2.17E-07
2468	2.11E-07
2467	2.06E-07
2466	2.01E-07
2465	1.95E-07
2464	1.91E-07
2463	1.86E-07
2462	1.82E-07
2461	1.77E-07
2460	1.73E-07
2459	1.69E-07
2458	1.65E-07
2457	1.62E-07
2456	1.58E-07
2455	1.55E-07
2454	1.52E-07
2453	1.49E-07
2452	1.46E-07
2451	1.43E-07
2450	1.41E-07
2449	1.38E-07
2448	1.36E-07
2447	1.33E-07
2446	1.31E-07
2445	1.29E-07
2444	1.27E-07
2443	1.25E-07
2442	1.24E-07
2441	1.22E-07
2440	1.20E-07
2439	1.19E-07
2438	1.17E-07
2437	1.16E-07
2436	1.15E-07
2435	1.14E-07
2434	1.12E-07
2433	1.11E-07
2432	1.10E-07
2431	1.09E-07
2430	1.08E-07
2429	1.08E-07
2428	1.07E-07
2427	1.06E-07
2426	1.05E-07
2425	1.05E-07
2424	1.04E-07
2423	1.03E-07
2422	1.03E-07
2421	1.02E-07
2420	1.02E-07
2419	1.01E-07
2418	1.01E-07
2417	1.00E-07
2416	9.97E-08
2415	9.93E-08
2414	9.88E-08
2413	9.84E-08
2412	9.79E-08
2411	9.74E-08
2410	9.69E-08
2409	9.64E-08
2408	9.58E-08
2407	9.52E-08
2406	9.46E-08
2405	9.40E-08
2404	9.33E-08
2403	9.26E-08
2402	9.18E-08
2401	9.10E-08
2400	9.01E-08
2399	8.92E-08
2398	8.82E-08
2397	8.72E-08
2396	8.62E-08
2395	8.50E-08
2394	8.39E-08
2393	8.26E-08
2392	8.14E-08
2391	8.01E-08
2390	7.87E-08
2389	7.73E-08
2388	7.59E-08
2387	7.45E-08
2386	7.30E-08
2385	7.15E-08
2384	7.00E-08
2383	6.85E-08
2382	6.69E-08
2381	6.54E-08
2380	6.39E-08
2379	6.24E-08
2378	6.09E-08
2377	5.94E-08
2376	5.79E-08
2375	5.64E-08
2374	5.50E-08
2373	5.36E-08
2372	5.22E-08
2371	5.09E-08
2370	4.96E-08
2369	4.83E-08
2368	4.71E-08
2367	4.59E-08
2366	4.47E-08
2365	4.36E-08
2364	4.25E-08
2363	4.14E-08
2362	4.04E-08
2361	3.95E-08
2360	3.85E-08
2359	3.77E-08
2358	3.68E-08
2357	3.60E-08
2356	3.52E-08
2355	3.45E-08
2354	3.37E-08
2353	3.31E-08
2352	3.24E-08
2351	3.18E-08
2350	3.12E-08
2349	3.07E-08
2348	3.02E-08
2347	2.97E-08
2346	2.92E-08
2345	2.88E-08
2344	2.84E-08
2343	2.80E-08
2342	2.77E-08
2341	2.74E-08
2340	2.71E-08
2339	2.68E-08
2338	2.66E-08
2337	2.64E-08
2336	2.62E-08
2335	2.60E-08
2334	2.59E-08
2333	2.58E-08
2332	2.57E-08
2331	2.56E-08
2330	2.56E-08
2329	2.56E-08
2328	2.56E-08
2327	2.56E-08
2326	2.57E-08
2325	2.58E-08
2324	2.59E-08
2323	2.61E-08
2322	2.63E-08
2321	2.65E-08
2320	2.67E-08
2319	2.70E-08
2318	2.73E-08
2317	2.76E-08
2316	2.80E-08
2315	2.84E-08
2314	2.88E-08
2313	2.93E-08
2312	2.98E-08
2311	3.04E-08
2310	3.10E-08
2309	3.16E-08
2308	3.23E-08
2307	3.30E-08
2306	3.37E-08
2305	3.45E-08
2304	3.54E-08
2303	3.63E-08
2302	3.72E-08
2301	3.81E-08
2300	3.91E-08
2299	4.01E-08
2298	4.11E-08
2297	4.21E-08
2296	4.31E-08
2295	4.41E-08
2294	4.51E-08
2293	4.60E-08
2292	4.68E-08
2291	4.76E-08
2290	4.82E-08
2289	4.87E-08
2288	4.91E-08
2287	4.93E-08
2286	4.93E-08
2285	4.91E-08
2284	4.87E-08
2283	4.82E-08
2282	4.74E-08
2281	4.65E-08
2280	4.54E-08
2279	4.42E-08
2278	4.29E-08
2277	4.14E-08
2276	3.99E-08
2275	3.84E-08
2274	3.68E-08
2273	3.52E-08
2272	3.36E-08
2271	3.20E-08
2270	3.05E-08
2269	2.90E-08
2268	2.76E-08
2267	2.63E-08
2266	2.50E-08
2265	2.37E-08
2264	2.26E-08
2263	2.15E-08
2262	2.04E-08
2261	1.94E-08
2260	1.85E-08
2259	1.77E-08
2258	1.69E-08
2257	1.61E-08
2256	1.54E-08
2255	1.47E-08
2254	1.41E-08
2253	1.36E-08
2252	1.30E-08
2251	1.25E-08
2250	1.21E-08
2249	1.16E-08
2248	1.12E-08
2247	1.08E-08
2246	1.05E-08
2245	1.02E-08
2244	9.86E-09
2243	9.58E-09
2242	9.31E-09
2241	9.07E-09
2240	8.84E-09
2239	8.63E-09
2238	8.44E-09
2237	8.25E-09
2236	8.09E-09
2235	7.94E-09
2234	7.79E-09
2233	7.67E-09
2232	7.55E-09
2231	7.45E-09
2230	7.35E-09
2229	7.27E-09
2228	7.19E-09
2227	7.13E-09
2226	7.08E-09
2225	7.03E-09
2224	7.00E-09
2223	6.97E-09
2222	6.95E-09
2221	6.95E-09
2220	6.95E-09
2219	6.96E-09
2218	6.98E-09
2217	7.00E-09
2216	7.04E-09
2215	7.09E-09
2214	7.15E-09
2213	7.22E-09
2212	7.30E-09
2211	7.39E-09
2210	7.49E-09
2209	7.61E-09
2208	7.73E-09
2207	7.87E-09
2206	8.02E-09
2205	8.19E-09
2204	8.37E-09
2203	8.57E-09
2202	8.79E-09
2201	9.02E-09
2200	9.27E-09
2199	9.54E-09
2198	9.83E-09
2197	1.01E-08
2196	1.05E-08
2195	1.08E-08
2194	1.12E-08
2193	1.16E-08
2192	1.20E-08
2191	1.25E-08
2190	1.30E-08
2189	1.35E-08
2188	1.40E-08
2187	1.45E-08
2186	1.50E-08
2185	1.56E-08
2184	1.61E-08
2183	1.67E-08
2182	1.72E-08
2181	1.77E-08
2180	1.82E-08
2179	1.86E-08
2178	1.89E-08
2177	1.92E-08
2176	1.94E-08
2175	1.95E-08
2174	1.95E-08
2173	1.94E-08
2172	1.92E-08
2171	1.89E-08
2170	1.85E-08
2169	1.81E-08
2168	1.76E-08
2167	1.70E-08
2166	1.64E-08
2165	1.58E-08
2164	1.52E-08
2163	1.45E-08
2162	1.39E-08
2161	1.33E-08
2160	1.27E-08
2159	1.21E-08
2158	1.15E-08
2157	1.10E-08
2156	1.05E-08
2155	9.99E-09
2154	9.54E-09
2153	9.12E-09
2152	8.72E-09
2151	8.36E-09
2150	8.01E-09
2149	7.69E-09
2148	7.40E-09
2147	7.12E-09
2146	6.87E-09
2145	6.63E-09
2144	6.41E-09
2143	6.21E-09
2142	6.02E-09
2141	5.85E-09
2140	5.69E-09
2139	5.55E-09
2138	5.41E-09
2137	5.29E-09
2136	5.18E-09
2135	5.08E-09
2134	4.99E-09
2133	4.91E-09
2132	4.84E-09
2131	4.77E-09
2130	4.72E-09
2129	4.67E-09
2128	4.63E-09
2127	4.60E-09
2126	4.57E-09
2125	4.56E-09
2124	4.55E-09
2123	4.54E-09
2122	4.55E-09
2121	4.56E-09
2120	4.58E-09
2119	4.61E-09
2118	4.65E-09
2117	4.69E-09
2116	4.74E-09
2115	4.80E-09
2114	4.87E-09
2113	4.95E-09
2112	5.04E-09
2111	5.14E-09
2110	5.26E-09
2109	5.38E-09
2108	5.52E-09
2107	5.67E-09
2106	5.83E-09
2105	6.01E-09
2104	6.21E-09
2103	6.42E-09
2102	6.66E-09
2101	6.91E-09
2100	7.19E-09
2099	7.49E-09
2098	7.82E-09
2097	8.18E-09
2096	8.57E-09
2095	8.99E-09
2094	9.44E-09
2093	9.94E-09
2092	1.05E-08
2091	1.10E-08
2090	1.16E-08
2089	1.23E-08
2088	1.30E-08
2087	1.37E-08
2086	1.44E-08
2085	1.52E-08
2084	1.60E-08
2083	1.68E-08
2082	1.75E-08
2081	1.83E-08
2080	1.89E-08
2079	1.95E-08
2078	2.00E-08
2077	2.03E-08
2076	2.05E-08
2075	2.06E-08
2074	2.06E-08
2073	2.04E-08
2072	2.00E-08
2071	1.96E-08
2070	1.90E-08
2069	1.84E-08
2068	1.77E-08
2067	1.70E-08
2066	1.63E-08
2065	1.56E-08
2064	1.49E-08
2063	1.42E-08
2062	1.36E-08
2061	1.29E-08
2060	1.23E-08
2059	1.18E-08
2058	1.13E-08
2057	1.08E-08
2056	1.03E-08
2055	9.92E-09
2054	9.55E-09
2053	9.20E-09
2052	8.88E-09
2051	8.59E-09
2050	8.32E-09
2049	8.08E-09
2048	7.87E-09
2047	7.67E-09
2046	7.50E-09
2045	7.34E-09
2044	7.20E-09
2043	7.08E-09
2042	6.98E-09
2041	6.89E-09
2040	6.82E-09
2039	6.77E-09
2038	6.73E-09
2037	6.70E-09
2036	6.69E-09
2035	6.69E-09
2034	6.71E-09
2033	6.74E-09
2032	6.79E-09
2031	6.85E-09
2030	6.93E-09
2029	7.02E-09
2028	7.14E-09
2027	7.27E-09
2026	7.42E-09
2025	7.59E-09
2024	7.78E-09
2023	8.00E-09
2022	8.24E-09
2021	8.51E-09
2020	8.81E-09
2019	9.15E-09
2018	9.52E-09
2017	9.93E-09
2016	1.04E-08
2015	1.09E-08
2014	1.15E-08
2013	1.21E-08
2012	1.28E-08
2011	1.36E-08
2010	1.44E-08
2009	1.54E-08
2008	1.65E-08
2007	1.77E-08
2006	1.90E-08
2005	2.05E-08
2004	2.21E-08
2003	2.39E-08
2002	2.59E-08
2001	2.81E-08
2000	3.04E-08
1999	3.30E-08
1998	3.57E-08
1997	3.85E-08
1996	4.13E-08
1995	4.41E-08
1994	4.67E-08
1993	4.90E-08
1992	5.09E-08
1991	5.23E-08
1990	5.30E-08
1989	5.31E-08
1988	5.25E-08
1987	5.13E-08
1986	4.97E-08
1985	4.77E-08
1984	4.55E-08
1983	4.31E-08
1982	4.08E-08
1981	3.84E-08
1980	3.62E-08
1979	3.41E-08
1978	3.21E-08
1977	3.03E-08
1976	2.87E-08
1975	2.71E-08
1974	2.58E-08
1973	2.45E-08
1972	2.34E-08
1971	2.24E-08
1970	2.16E-08
1969	2.08E-08
1968	2.01E-08
1967	1.95E-08
1966	1.89E-08
1965	1.85E-08
1964	1.81E-08
1963	1.78E-08
1962	1.75E-08
1961	1.73E-08
1960	1.71E-08
1959	1.70E-08
1958	1.70E-08
1957	1.70E-08
1956	1.71E-08
1955	1.72E-08
1954	1.73E-08
1953	1.76E-08
1952	1.78E-08
1951	1.82E-08
1950	1.86E-08
1949	1.91E-08
1948	1.96E-08
1947	2.03E-08
1946	2.10E-08
1945	2.19E-08
1944	2.28E-08
1943	2.39E-08
1942	2.52E-08
1941	2.66E-08
1940	2.82E-08
1939	3.00E-08
1938	3.21E-08
1937	3.44E-08
1936	3.71E-08
1935	4.03E-08
1934	4.39E-08
1933	4.80E-08
1932	5.28E-08
1931	5.84E-08
1930	6.49E-08
1929	7.24E-08
1928	8.12E-08
1927	9.13E-08
1926	1.03E-07
1925	1.16E-07
1924	1.31E-07
1923	1.47E-07
1922	1.64E-07
1921	1.80E-07
1920	1.95E-07
1919	2.06E-07
1918	2.12E-07
1917	2.12E-07
1916	2.07E-07
1915	1.98E-07
1914	1.85E-07
1913	1.70E-07
1912	1.56E-07
1911	1.42E-07
1910	1.29E-07
1909	1.17E-07
1908	1.06E-07
1907	9.70E-08
1906	8.90E-08
1905	8.20E-08
1904	7.60E-08
1903	7.07E-08
1902	6.62E-08
1901	6.23E-08
1900	5.89E-08
1899	5.60E-08
1898	5.35E-08
1897	5.14E-08
1896	4.95E-08
1895	4.80E-08
1894	4.67E-08
1893	4.57E-08
1892	4.49E-08
1891	4.42E-08
1890	4.38E-08
1889	4.36E-08
1888	4.35E-08
1887	4.36E-08
1886	4.39E-08
1885	4.44E-08
1884	4.51E-08
1883	4.60E-08
1882	4.71E-08
1881	4.85E-08
1880	5.01E-08
1879	5.20E-08
1878	5.42E-08
1877	5.68E-08
1876	5.98E-08
1875	6.32E-08
1874	6.73E-08
1873	7.19E-08
1872	7.74E-08
1871	8.38E-08
1870	9.13E-08
1869	1.00E-07
1868	1.11E-07
1867	1.23E-07
1866	1.38E-07
1865	1.56E-07
1864	1.79E-07
1863	2.06E-07
1862	2.41E-07
1861	2.84E-07
1860	3.38E-07
1859	4.07E-07
1858	4.93E-07
1857	5.99E-07
1856	7.24E-07
1855	8.59E-07
1854	9.83E-07
1853	1.06E-06
1852	1.08E-06
1851	1.02E-06
1850	9.17E-07
1849	7.95E-07
1848	6.76E-07
1847	5.72E-07
1846	4.85E-07
1845	4.14E-07
1844	3.58E-07
1843	3.12E-07
1842	2.75E-07
1841	2.45E-07
1840	2.21E-07
1839	2.01E-07
1838	1.84E-07
1837	1.70E-07
1836	1.59E-07
1835	1.49E-07
1834	1.41E-07
1833	1.34E-07
1832	1.29E-07
1831	1.24E-07
1830	1.21E-07
1829	1.18E-07
1828	1.15E-07
1827	1.14E-07
1826	1.13E-07
1825	1.13E-07
1824	1.13E-07
1823	1.14E-07
1822	1.16E-07
1821	1.18E-07
1820	1.20E-07
1819	1.24E-07
1818	1.28E-07
1817	1.34E-07
1816	1.40E-07
1815	1.47E-07
1814	1.56E-07
1813	1.66E-07
1812	1.78E-07
1811	1.93E-07
1810	2.10E-07
1809	2.30E-07
1808	2.55E-07
1807	2.85E-07
1806	3.22E-07
1805	3.67E-07
1804	4.25E-07
1803	4.98E-07
1802	5.93E-07
1801	7.19E-07
1800	8.90E-07
1799	1.13E-06
1798	1.48E-06
1797	1.99E-06
1796	2.79E-06
1795	4.04E-06
1794	5.94E-06
1793	8.35E-06
1792	9.93E-06
1791	9.20E-06
1790	7.01E-06
1789	4.98E-06
1788	3.55E-06
1787	2.61E-06
1786	2.00E-06
1785	1.58E-06
1784	1.29E-06
1783	1.08E-06
1782	9.22E-07
1781	8.04E-07
1780	7.13E-07
1779	6.42E-07
1778	5.85E-07
1777	5.41E-07
1776	5.05E-07
1775	4.77E-07
1774	4.54E-07
1773	4.37E-07
1772	4.24E-07
1771	4.15E-07
1770	4.09E-07
1769	4.07E-07
1768	4.08E-07
1767	4.12E-07
1766	4.19E-07
1765	4.30E-07
1764	4.45E-07
1763	4.64E-07
1762	4.89E-07
1761	5.18E-07
1760	5.56E-07
1759	6.01E-07
1758	6.57E-07
1757	7.27E-07
1756	8.15E-07
1755	9.27E-07
1754	1.07E-06
1753	1.26E-06
1752	1.51E-06
1751	1.87E-06
1750	2.37E-06
1749	3.14E-06
1748	4.36E-06
1747	6.48E-06
1746	1.05E-05
1745	1.94E-05
1744	4.00E-05
1743	6.51E-05
1742	4.80E-05
1741	2.36E-05
1740	1.24E-05
1739	7.47E-06
1738	4.96E-06
1737	3.53E-06
1736	2.66E-06
1735	2.08E-06
1734	1.68E-06
1733	1.40E-06
1732	1.19E-06
1731	1.03E-06
1730	9.03E-07
1729	8.05E-07
1728	7.26E-07
1727	6.62E-07
1726	6.10E-07
1725	5.67E-07
1724	5.32E-07
1723	5.03E-07
1722	4.78E-07
1721	4.58E-07
1720	4.42E-07
1719	4.29E-07
1718	4.19E-07
1717	4.12E-07
1716	4.07E-07
1715	4.04E-07
1714	4.04E-07
1713	4.06E-07
1712	4.10E-07
1711	4.16E-07
1710	4.25E-07
1709	4.37E-07
1708	4.52E-07
1707	4.71E-07
1706	4.94E-07
1705	5.23E-07
1704	5.57E-07
1703	6.00E-07
1702	6.53E-07
1701	7.18E-07
1700	8.00E-07
1699	9.06E-07
1698	1.04E-06
1697	1.23E-06
1696	1.49E-06
1695	1.86E-06
1694	2.42E-06
1693	3.34E-06
1692	5.00E-06
1691	8.54E-06
1690	1.84E-05
1689	6.81E-05
1688	3.08E-04
1687	8.11E-05
1686	1.81E-05
1685	7.60E-06
1684	4.12E-06
1683	2.57E-06
1682	1.74E-06
1681	1.26E-06
1680	9.50E-07
1679	7.42E-07
1678	5.96E-07
1677	4.91E-07
1676	4.12E-07
1675	3.52E-07
1674	3.06E-07
1673	2.69E-07
1672	2.40E-07
1671	2.17E-07
1670	1.98E-07
1669	1.82E-07
1668	1.70E-07
1667	1.60E-07
1666	1.52E-07
1665	1.46E-07
1664	1.42E-07
1663	1.39E-07
1662	1.38E-07
1661	1.39E-07
1660	1.41E-07
1659	1.44E-07
1658	1.50E-07
1657	1.58E-07
1656	1.70E-07
1655	1.86E-07
1654	2.07E-07
1653	2.36E-07
1652	2.78E-07
1651	3.38E-07
1650	4.30E-07
1649	5.80E-07
1648	8.47E-07
1647	1.39E-06
1646	2.66E-06
1645	5.73E-06
1644	7.26E-06
1643	3.69E-06
1642	1.60E-06
1641	8.12E-07
1640	4.76E-07
1639	3.08E-07
1638	2.13E-07
1637	1.55E-07
1636	1.18E-07
1635	9.23E-08
1634	7.42E-08
1633	6.10E-08
1632	5.12E-08
1631	4.37E-08
1630	3.78E-08
1629	3.32E-08
1628	2.95E-08
1627	2.65E-08
1626	2.41E-08
1625	2.22E-08
1624	2.06E-08
1623	1.93E-08
1622	1.83E-08
1621	1.74E-08
1620	1.68E-08
1619	1.64E-08
1618	1.61E-08
1617	1.59E-08
1616	1.60E-08
1615	1.62E-08
1614	1.66E-08
1613	1.71E-08
1612	1.79E-08
1611	1.91E-08
1610	2.05E-08
1609	2.25E-08
1608	2.51E-08
1607	2.85E-08
1606	3.33E-08
1605	3.99E-08
1604	4.95E-08
1603	6.42E-08
1602	8.76E-08
1601	1.28E-07
1600	2.02E-07
1599	3.33E-07
1598	4.85E-07
1597	4.52E-07
1596	2.81E-07
1595	1.60E-07
1594	9.65E-08
1593	6.27E-08
1592	4.35E-08
1591	3.18E-08
1590	2.42E-08
1589	1.90E-08
1588	1.54E-08
1587	1.28E-08
1586	1.08E-08
1585	9.28E-09
1584	8.11E-09
1583	7.20E-09
1582	6.47E-09
1581	5.89E-09
1580	5.42E-09
1579	5.05E-09
1578	4.75E-09
1577	4.51E-09
1576	4.33E-09
1575	4.19E-09
1574	4.10E-09
1573	4.05E-09
1572	4.04E-09
1571	4.08E-09
1570	4.15E-09
1569	4.27E-09
1568	4.44E-09
1567	4.68E-09
1566	4.98E-09
1565	5.38E-09
1564	5.90E-09
1563	6.58E-09
1562	7.46E-09
1561	8.63E-09
1560	1.02E-08
1559	1.24E-08
1558	1.55E-08
1557	1.99E-08
1556	2.64E-08
1555	3.56E-08
1554	4.71E-08
1553	5.70E-08
1552	5.79E-08
1551	4.84E-08
1550	3.59E-08
1549	2.57E-08
1548	1.85E-08
1547	1.37E-08
1546	1.04E-08
1545	8.21E-09
1544	6.62E-09
1543	5.47E-09
1542	4.61E-09
1541	3.95E-09
1540	3.45E-09
1539	3.05E-09
1538	2.74E-09
1537	2.49E-09
1536	2.29E-09
1535	2.13E-09
1534	1.99E-09
1533	1.89E-09
1532	1.81E-09
1531	1.75E-09
1530	1.70E-09
1529	1.67E-09
1528	1.65E-09
1527	1.65E-09
1526	1.66E-09
1525	1.69E-09
1524	1.73E-09
1523	1.78E-09
1522	1.86E-09
1521	1.95E-09
1520	2.07E-09
1519	2.21E-09
1518	2.39E-09
1517	2.61E-09
1516	2.89E-09
1515	3.23E-09
1514	3.66E-09
1513	4.20E-09
1512	4.90E-09
1511	5.81E-09
1510	7.02E-09
1509	8.66E-09
1508	1.09E-08
1507	1.41E-08
1506	1.87E-08
1505	2.53E-08
1504	3.45E-08
1503	4.58E-08
1502	5.61E-08
1501	5.99E-08
1500	5.51E-08
1499	4.55E-08
1498	3.60E-08
1497	2.85E-08
1496	2.28E-08
1495	1.88E-08
1494	1.58E-08
1493	1.37E-08
1492	1.21E-08
1491	1.09E-08
1490	9.98E-09
1489	9.32E-09
1488	8.83E-09
1487	8.49E-09
1486	8.28E-09
1485	8.18E-09
1484	8.18E-09
1483	8.28E-09
1482	8.49E-09
1481	8.80E-09
1480	9.23E-09
1479	9.79E-09
1478	1.05E-08
1477	1.14E-08
1476	1.26E-08
1475	1.40E-08
1474	1.58E-08
1473	1.81E-08
1472	2.11E-08
1471	2.50E-08
1470	3.02E-08
1469	3.73E-08
1468	4.71E-08
1467	6.11E-08
1466	8.21E-08
1465	1.15E-07
1464	1.68E-07
1463	2.62E-07
1462	4.40E-07
1461	7.93E-07
1460	1.41E-06
1459	1.88E-06
1458	1.53E-06
1457	9.90E-07
1456	6.52E-07
1455	4.64E-07
1454	3.54E-07
1453	2.87E-07
1452	2.45E-07
1451	2.17E-07
1450	1.99E-07
1449	1.87E-07
1448	1.81E-07
1447	1.80E-07
1446	1.82E-07
1445	1.88E-07
1444	1.99E-07
1443	2.14E-07
1442	2.34E-07
1441	2.61E-07
1440	2.98E-07
1439	3.46E-07
1438	4.10E-07
1437	4.96E-07
1436	6.13E-07
1435	7.73E-07
1434	9.90E-07
1433	1.28E-06
1432	1.64E-06
1431	2.03E-06
1430	2.35E-06
1429	2.48E-06
1428	2.38E-06
1427	2.13E-06
1426	1.83E-06
1425	1.56E-06
1424	1.34E-06
1423	1.17E-06
1422	1.03E-06
1421	9.27E-07
1420	8.48E-07
1419	7.87E-07
1418	7.41E-07
1417	7.06E-07
1416	6.79E-07
1415	6.60E-07
1414	6.46E-07
1413	6.36E-07
1412	6.28E-07
1411	6.23E-07
1410	6.19E-07
1409	6.15E-07
1408	6.10E-07
1407	6.05E-07
1406	5.98E-07
1405	5.90E-07
1404	5.81E-07
1403	5.70E-07
1402	5.58E-07
1401	5.46E-07
1400	5.33E-07
1399	5.20E-07
1398	5.08E-07
1397	4.96E-07
1396	4.85E-07
1395	4.76E-07
1394	4.68E-07
1393	4.61E-07
1392	4.55E-07
1391	4.51E-07
1390	4.49E-07
1389	4.47E-07
1388	4.48E-07
1387	4.49E-07
1386	4.51E-07
1385	4.55E-07
1384	4.60E-07
1383	4.65E-07
1382	4.71E-07
1381	4.78E-07
1380	4.85E-07
1379	4.93E-07
1378	5.00E-07
1377	5.07E-07
1376	5.14E-07
1375	5.20E-07
1374	5.25E-07
1373	5.28E-07
1372	5.29E-07
1371	5.29E-07
1370	5.25E-07
1369	5.19E-07
1368	5.10E-07
1367	4.97E-07
1366	4.81E-07
1365	4.62E-07
1364	4.40E-07
1363	4.16E-07
1362	3.90E-07
1361	3.63E-07
1360	3.35E-07
1359	3.08E-07
1358	2.82E-07
1357	2.58E-07
1356	2.35E-07
1355	2.14E-07
1354	1.95E-07
1353	1.78E-07
1352	1.63E-07
1351	1.49E-07
1350	1.37E-07
1349	1.26E-07
1348	1.17E-07
1347	1.09E-07
1346	1.02E-07
1345	9.53E-08
1344	8.98E-08
1343	8.50E-08
1342	8.09E-08
1341	7.73E-08
1340	7.41E-08
1339	7.14E-08
1338	6.92E-08
1337	6.72E-08
1336	6.57E-08
1335	6.44E-08
1334	6.34E-08
1333	6.27E-08
1332	6.23E-08
1331	6.22E-08
1330	6.24E-08
1329	6.28E-08
1328	6.35E-08
1327	6.46E-08
1326	6.60E-08
1325	6.78E-08
1324	7.00E-08
1323	7.27E-08
1322	7.59E-08
1321	7.97E-08
1320	8.41E-08
1319	8.92E-08
1318	9.50E-08
1317	1.01E-07
1316	1.09E-07
1315	1.16E-07
1314	1.24E-07
1313	1.32E-07
1312	1.38E-07
1311	1.43E-07
1310	1.46E-07
1309	1.47E-07
1308	1.44E-07
1307	1.38E-07
1306	1.30E-07
1305	1.21E-07
1304	1.11E-07
1303	1.01E-07
1302	9.19E-08
1301	8.31E-08
1300	7.52E-08
1299	6.81E-08
1298	6.18E-08
1297	5.64E-08
1296	5.16E-08
1295	4.75E-08
1294	4.39E-08
1293	4.08E-08
1292	3.82E-08
1291	3.59E-08
1290	3.39E-08
1289	3.22E-08
1288	3.08E-08
1287	2.97E-08
1286	2.88E-08
1285	2.80E-08
1284	2.75E-08
1283	2.72E-08
1282	2.71E-08
1281	2.71E-08
1280	2.73E-08
1279	2.77E-08
1278	2.83E-08
1277	2.91E-08
1276	3.00E-08
1275	3.12E-08
1274	3.26E-08
1273	3.42E-08
1272	3.60E-08
1271	3.81E-08
1270	4.04E-08
1269	4.29E-08
1268	4.57E-08
1267	4.86E-08
1266	5.17E-08
1265	5.50E-08
1264	5.84E-08
1263	6.16E-08
1262	6.48E-08
1261	6.75E-08
1260	6.96E-08
1259	7.09E-08
1258	7.12E-08
1257	7.03E-08
1256	6.84E-08
1255	6.55E-08
1254	6.19E-08
1253	5.78E-08
1252	5.37E-08
1251	4.97E-08
1250	4.59E-08
1249	4.26E-08
1248	3.96E-08
1247	3.71E-08
1246	3.49E-08
1245	3.32E-08
1244	3.18E-08
1243	3.08E-08
1242	3.00E-08
1241	2.96E-08
1240	2.93E-08
1239	2.92E-08
1238	2.93E-08
1237	2.95E-08
1236	2.99E-08
1235	3.03E-08
1234	3.07E-08
1233	3.12E-08
1232	3.17E-08
1231	3.22E-08
1230	3.27E-08
1229	3.32E-08
1228	3.39E-08
1227	3.47E-08
1226	3.56E-08
1225	3.68E-08
1224	3.83E-08
1223	4.01E-08
1222	4.22E-08
1221	4.47E-08
1220	4.74E-08
1219	5.02E-08
1218	5.29E-08
1217	5.51E-08
1216	5.66E-08
1215	5.69E-08
1214	5.61E-08
1213	5.41E-08
1212	5.14E-08
1211	4.83E-08
1210	4.51E-08
1209	4.22E-08
1208	3.96E-08
1207	3.75E-08
1206	3.58E-08
1205	3.46E-08
1204	3.38E-08
1203	3.35E-08
1202	3.35E-08
1201	3.38E-08
1200	3.44E-08
1199	3.52E-08
1198	3.62E-08
1197	3.73E-08
1196	3.83E-08
1195	3.93E-08
1194	4.01E-08
1193	4.07E-08
1192	4.12E-08
1191	4.15E-08
1190	4.18E-08
1189	4.21E-08
1188	4.26E-08
1187	4.33E-08
1186	4.42E-08
1185	4.55E-08
1184	4.71E-08
1183	4.90E-08
1182	5.12E-08
1181	5.36E-08
1180	5.61E-08
1179	5.85E-08
1178	6.06E-08
1177	6.23E-08
1176	6.35E-08
1175	6.40E-08
1174	6.41E-08
1173	6.37E-08
1172	6.30E-08
1171	6.22E-08
1170	6.12E-08
1169	6.02E-08
1168	5.92E-08
1167	5.81E-08
1166	5.69E-08
1165	5.56E-08
1164	5.42E-08
1163	5.26E-08
1162	5.10E-08
1161	4.93E-08
1160	4.77E-08
1159	4.63E-08
1158	4.51E-08
1157	4.43E-08
1156	4.38E-08
1155	4.38E-08
1154	4.42E-08
1153	4.51E-08
1152	4.66E-08
1151	4.86E-08
1150	5.12E-08
1149	5.44E-08
1148	5.80E-08
1147	6.22E-08
1146	6.66E-08
1145	7.13E-08
1144	7.59E-08
1143	8.05E-08
1142	8.48E-08
1141	8.87E-08
1140	9.24E-08
1139	9.59E-08
1138	9.91E-08
1137	1.02E-07
1136	1.05E-07
1135	1.07E-07
1134	1.09E-07
1133	1.10E-07
1132	1.10E-07
1131	1.10E-07
1130	1.09E-07
1129	1.07E-07
1128	1.06E-07
1127	1.04E-07
1126	1.03E-07
1125	1.02E-07
1124	1.02E-07
1123	1.03E-07
1122	1.04E-07
1121	1.05E-07
1120	1.06E-07
1119	1.06E-07
1118	1.06E-07
1117	1.05E-07
1116	1.04E-07
1115	1.02E-07
1114	9.94E-08
1113	9.75E-08
1112	9.62E-08
1111	9.58E-08
1110	9.66E-08
1109	9.87E-08
1108	1.02E-07
1107	1.08E-07
1106	1.14E-07
1105	1.23E-07
1104	1.33E-07
1103	1.44E-07
1102	1.55E-07
1101	1.66E-07
1100	1.76E-07
1099	1.85E-07
1098	1.93E-07
1097	2.00E-07
1096	2.08E-07
1095	2.17E-07
1094	2.28E-07
1093	2.41E-07
1092	2.55E-07
1091	2.68E-07
1090	2.78E-07
1089	2.82E-07
1088	2.80E-07
1087	2.71E-07
1086	2.59E-07
1085	2.47E-07
1084	2.36E-07
1083	2.28E-07
1082	2.25E-07
1081	2.28E-07
1080	2.36E-07
1079	2.50E-07
1078	2.71E-07
1077	2.98E-07
1076	3.30E-07
1075	3.64E-07
1074	3.97E-07
1073	4.23E-07
1072	4.42E-07
1071	4.55E-07
1070	4.67E-07
1069	4.84E-07
1068	5.10E-07
1067	5.48E-07
1066	6.00E-07
1065	6.57E-07
1064	7.05E-07
1063	7.19E-07
1062	6.86E-07
1061	6.16E-07
1060	5.34E-07
1059	4.62E-07
1058	4.07E-07
1057	3.71E-07
1056	3.54E-07
1055	3.54E-07
1054	3.72E-07
1053	4.09E-07
1052	4.70E-07
1051	5.56E-07
1050	6.65E-07
1049	7.78E-07
1048	8.61E-07
1047	8.90E-07
1046	8.74E-07
1045	8.47E-07
1044	8.36E-07
1043	8.58E-07
1042	9.19E-07
1041	1.01E-06
1040	1.09E-06
1039	1.10E-06
1038	9.87E-07
1037	8.17E-07
1036	6.62E-07
1035	5.54E-07
1034	4.95E-07
1033	4.78E-07
1032	5.01E-07
1031	5.50E-07
1030	5.74E-07
1029	4.87E-07
1028	3.21E-07
1027	1.88E-07
1026	1.12E-07
1025	7.08E-08
1024	4.82E-08
1023	3.53E-08
1022	2.76E-08
1021	2.29E-08
1020	2.02E-08
1019	1.87E-08
1018	1.83E-08
1017	1.87E-08
1016	1.96E-08
1015	2.06E-08
1014	2.07E-08
1013	1.90E-08
1012	1.57E-08
1011	1.19E-08
1010	8.74E-09
1009	6.45E-09
1008	4.89E-09
1007	3.85E-09
1006	3.15E-09
1005	2.68E-09
1004	2.36E-09
1003	2.17E-09
1002	2.06E-09
1001	2.03E-09
1000	2.06E-09
999	2.17E-09
998	2.35E-09
997	2.64E-09
996	3.04E-09
995	3.62E-09
994	4.43E-09
993	5.53E-09
992	7.01E-09
991	8.91E-09
990	1.11E-08
989	1.34E-08
988	1.50E-08
987	1.56E-08
986	1.49E-08
985	1.35E-08
984	1.17E-08
983	1.00E-08
982	8.54E-09
981	7.34E-09
980	6.41E-09
979	5.71E-09
978	5.21E-09
977	4.88E-09
976	4.69E-09
975	4.64E-09
974	4.72E-09
973	4.93E-09
972	5.28E-09
971	5.79E-09
970	6.47E-09
969	7.33E-09
968	8.36E-09
967	9.52E-09
966	1.07E-08
965	1.19E-08
964	1.30E-08
963	1.39E-08
962	1.48E-08
961	1.58E-08
960	1.70E-08
959	1.85E-08
958	2.07E-08
957	2.37E-08
956	2.79E-08
955	3.41E-08
954	4.30E-08
953	5.61E-08
952	7.58E-08
951	1.06E-07
950	1.54E-07
949	2.29E-07
948	3.49E-07
947	5.36E-07
946	8.17E-07
945	1.21E-06
944	1.70E-06
943	2.29E-06
942	2.96E-06
941	3.76E-06
940	4.79E-06
939	6.21E-06
938	8.27E-06
937	1.14E-05
936	1.64E-05
935	2.47E-05
934	3.91E-05
933	6.56E-05
932	1.16E-04
931	2.09E-04
930	3.61E-04
929	5.30E-04
928	6.40E-04
927	6.96E-04
926	7.65E-04
925	8.96E-04
924	1.15E-03
923	1.60E-03
922	2.40E-03
921	3.79E-03
920	5.97E-03
919	8.83E-03
918	1.19E-02
917	1.46E-02
916	1.65E-02
915	1.70E-02
914	1.60E-02
913	1.44E-02
912	1.31E-02
911	1.28E-02
910	1.36E-02
909	1.55E-02
908	1.82E-02
907	2.03E-02
906	2.01E-02
905	1.82E-02
904	1.63E-02
903	1.54E-02
902	1.59E-02
901	1.80E-02
900	2.21E-02
899	2.82E-02
898	3.50E-02
897	3.91E-02
896	3.76E-02
895	3.08E-02
894	2.20E-02
893	1.46E-02
892	9.78E-03
891	6.92E-03
890	5.33E-03
889	4.47E-03
888	4.08E-03
887	3.96E-03
886	3.89E-03
885	3.67E-03
884	3.22E-03
883	2.67E-03
882	2.22E-03
881	1.94E-03
880	1.81E-03
879	1.82E-03
878	1.95E-03
877	2.12E-03
876	2.26E-03
875	2.24E-03
874	2.08E-03
873	1.82E-03
872	1.52E-03
871	1.19E-03
870	8.75E-04
869	6.30E-04
868	4.66E-04
867	3.66E-04
866	3.10E-04
865	2.86E-04
864	2.86E-04
863	3.05E-04
862	3.37E-04
861	3.67E-04
860	3.71E-04
859	3.19E-04
858	2.21E-04
857	1.21E-04
856	5.54E-05
855	2.28E-05
854	9.15E-06
853	3.78E-06
852	1.66E-06
851	7.86E-07
850	4.01E-07
849	2.20E-07
848	1.28E-07
847	7.94E-08
846	5.09E-08
845	3.29E-08
844	2.09E-08
843	1.28E-08
842	7.54E-09
841	4.39E-09
840	2.58E-09
839	1.55E-09
838	9.75E-10
837	6.43E-10
836	4.46E-10
835	3.26E-10
834	2.51E-10
833	2.02E-10
832	1.69E-10
831	1.45E-10
830	1.25E-10
829	1.04E-10
828	8.22E-11
827	6.08E-11
826	4.28E-11
825	2.94E-11
824	2.03E-11
823	1.45E-11
822	1.07E-11
821	8.31E-12
820	6.81E-12
819	5.87E-12
818	5.36E-12
817	5.20E-12
816	5.35E-12
815	5.81E-12
814	6.54E-12
813	7.36E-12
812	7.79E-12
811	7.36E-12
810	6.25E-12
809	5.03E-12
808	4.09E-12
807	3.47E-12
806	3.12E-12
805	2.96E-12
804	2.95E-12
803	3.03E-12
802	3.13E-12
801	3.17E-12
800	3.10E-12