1.000000000000000000e+00 1.949999999999999925e-08
1.004999999999999893e+00 1.820000000000000084e-08
1.010000000000000009e+00 3.009999999999999946e-10
1.014999999999999902e+00 2.010000000000000038e-11
1.020000000000000018e+00 3.130000000000000194e-12
1.024999999999999911e+00 6.529999999999999439e-13
1.030000000000000027e+00 1.510000000000000129e-13
1.034999999999999920e+00 4.189999999999999691e-14
1.040000000000000036e+00 1.499999999999999919e-14
1.044999999999999929e+00 6.900000000000000102e-15
1.050000000000000044e+00 3.860000000000000402e-15
1.054999999999999938e+00 2.289999999999999740e-15
1.060000000000000053e+00 1.240000000000000033e-15
1.064999999999999947e+00 6.159999999999999516e-16
1.070000000000000062e+00 3.270000000000000380e-16
1.074999999999999956e+00 2.059999999999999947e-16
1.080000000000000071e+00 1.600000000000000114e-16
1.084999999999999964e+00 1.509999999999999885e-16
1.090000000000000080e+00 1.619999999999999946e-16
1.094999999999999973e+00 1.730000000000000008e-16
1.100000000000000089e+00 1.649999999999999941e-16
1.104999999999999982e+00 1.520000000000000047e-16
1.110000000000000098e+00 1.539999999999999879e-16
1.114999999999999991e+00 1.849999999999999986e-16
1.120000000000000107e+00 2.680000000000000161e-16
1.125000000000000000e+00 4.539999999999999816e-16
1.129999999999999893e+00 8.179999999999999799e-16
1.135000000000000009e+00 1.360000000000000011e-15
1.140000000000000124e+00 2.040000000000037882e-15
1.145000000000000018e+00 3.119999999999999816e-15
1.149999999999999911e+00 5.489999999999999673e-15
1.155000000000000027e+00 1.149999999999999991e-14
1.159999999999999920e+00 2.760000000000000041e-14
1.165000000000000036e+00 6.700000000000000481e-14
1.169999999999999929e+00 1.410000000000000050e-13
1.175000000000000044e+00 2.710000000000000065e-13
1.179999999999999938e+00 5.749999999999999733e-13
1.185000000000000053e+00 1.550000000000000060e-12
1.189999999999999947e+00 5.879999999999999987e-12
1.195000000000000062e+00 3.709999999999999984e-11
1.199999999999999956e+00 4.020000000000000077e-10
1.205000000000000071e+00 4.879999999999999692e-10
1.209999999999999964e+00 5.060000000000000104e-10
1.215000000000000080e+00 9.629999999999998799e-10
1.219999999999999973e+00 2.039999999999999986e-09
1.225000000000000089e+00 2.510000000000000225e-09
1.229999999999999982e+00 2.949999999999999946e-09
1.235000000000000098e+00 5.720000000000000100e-09
1.239999999999999991e+00 2.209999999999999937e-08
1.245000000000000107e+00 1.500000000000000197e-08
1.250000000000000000e+00 4.289999999999999868e-09
1.254999999999999893e+00 2.229999999999999951e-09
1.260000000000000009e+00 1.730000000000000023e-09
1.265000000000000124e+00 1.810000000000015463e-09
1.270000000000000018e+00 2.399999999999999984e-09
1.274999999999999911e+00 3.730000000000000148e-09
1.280000000000000027e+00 6.100000000000000028e-09
1.285000000000000142e+00 8.950000000000091723e-09
1.290000000000000036e+00 9.629999999999999212e-09
1.294999999999999929e+00 7.649999999999999019e-09
1.300000000000000044e+00 5.780000000000000306e-09
1.304999999999999938e+00 4.760000000000000106e-09
1.310000000000000053e+00 4.300000000000000454e-09
1.314999999999999947e+00 4.210000000000000144e-09
1.320000000000000062e+00 4.550000000000000211e-09
1.324999999999999956e+00 5.670000000000000479e-09
1.330000000000000071e+00 8.410000000000000530e-09
1.334999999999999964e+00 1.460000000000000004e-08
1.340000000000000080e+00 2.590000000000000031e-08
1.344999999999999973e+00 3.300000000000000433e-08
1.350000000000000089e+00 2.799999999999999926e-08
1.354999999999999982e+00 2.129999999999999882e-08
1.359999999999999876e+00 1.720000000000015402e-08
1.364999999999999991e+00 1.520000000000000045e-08
1.370000000000000107e+00 1.450000000000000080e-08
1.375000000000000000e+00 1.439999999999999990e-08
1.379999999999999893e+00 1.460000000000000004e-08
1.385000000000000009e+00 1.540000000000000224e-08
1.390000000000000124e+00 1.820000000000022253e-08
1.395000000000000018e+00 2.590000000000000031e-08
1.399999999999999911e+00 4.699999999999999734e-08
1.405000000000000027e+00 9.320000000000000076e-08
1.410000000000000142e+00 7.399999999999753920e-08
1.415000000000000036e+00 3.229999999999999806e-08
1.419999999999999929e+00 1.720000000000000182e-08
1.425000000000000044e+00 1.170000000000000054e-08
1.429999999999999938e+00 9.990000000000000451e-09
1.435000000000000053e+00 1.060000000000000062e-08
1.439999999999999947e+00 1.460000000000000004e-08
1.445000000000000062e+00 2.990000000000000304e-08
1.449999999999999956e+00 1.309999999999999951e-07
1.455000000000000071e+00 1.410000000000000053e-07
1.459999999999999964e+00 2.789999999999999837e-08
1.465000000000000080e+00 1.230000000000000095e-08
1.469999999999999973e+00 8.460000000000000978e-09
1.475000000000000089e+00 8.490000000000000254e-09
1.479999999999999982e+00 1.419999999999999977e-08
1.484999999999999876e+00 1.129999999999869299e-07
1.489999999999999991e+00 2.780000000000000078e-08
1.495000000000000107e+00 2.970000000000000290e-09
1.500000000000000000e+00 8.570000000000000391e-10
1.504999999999999893e+00 3.560000000000000114e-10
1.510000000000000009e+00 1.809999999999999953e-10
1.515000000000000124e+00 1.059999999999978762e-10
1.520000000000000018e+00 6.860000000000000092e-11
1.524999999999999911e+00 4.800000000000000227e-11
1.530000000000000027e+00 3.580000000000000174e-11
1.535000000000000142e+00 2.819999999999975786e-11
1.540000000000000036e+00 2.340000000000000127e-11
1.544999999999999929e+00 2.029999999999999711e-11
1.550000000000000044e+00 1.850000000000000074e-11
1.555000000000000160e+00 1.779999999999999928e-11
1.560000000000000053e+00 1.819999999999999919e-11
1.564999999999999947e+00 1.990000000000000043e-11
1.570000000000000062e+00 2.360000000000000122e-11
1.575000000000000178e+00 3.110000000000050524e-11
1.580000000000000071e+00 4.760000000000000235e-11
1.584999999999999964e+00 9.219999999999998922e-11
1.589999999999999858e+00 2.949999999999829030e-10
1.594999999999999973e+00 1.100000000000000089e-08
1.600000000000000089e+00 5.779999999999999686e-10
1.604999999999999982e+00 1.180000000000000061e-10
1.609999999999999876e+00 5.030000000000166419e-11
1.614999999999999991e+00 2.869999999999999847e-11
1.620000000000000107e+00 1.919999999999999897e-11
1.625000000000000000e+00 1.430000000000000006e-11
1.629999999999999893e+00 1.149999999999999906e-11
1.635000000000000009e+00 9.839999999999998461e-12
1.640000000000000124e+00 8.829999999999971059e-12
1.645000000000000018e+00 8.299999999999999772e-12
1.649999999999999911e+00 8.120000000000000136e-12
1.655000000000000027e+00 8.270000000000000910e-12
1.660000000000000142e+00 8.760000000000031336e-12
1.665000000000000036e+00 9.640000000000000121e-12
1.669999999999999929e+00 1.110000000000000077e-11
1.675000000000000044e+00 1.320000000000000030e-11
1.680000000000000160e+00 1.640000000000017730e-11
1.685000000000000053e+00 2.100000000000000180e-11
1.689999999999999947e+00 2.689999999999999887e-11
1.695000000000000062e+00 3.199999999999999936e-11
1.700000000000000178e+00 3.249999999999984253e-11
1.705000000000000071e+00 2.709999999999999883e-11
1.709999999999999964e+00 1.980000000000000207e-11
1.714999999999999858e+00 1.390000000000022148e-11
1.719999999999999973e+00 9.829999999999999917e-12
1.725000000000000089e+00 7.130000000000000517e-12
1.729999999999999982e+00 5.340000000000000268e-12
1.734999999999999876e+00 4.110000000000046101e-12
1.739999999999999991e+00 3.250000000000000086e-12
1.745000000000000107e+00 2.630000000000000305e-12
1.750000000000000000e+00 2.160000000000000086e-12
1.754999999999999893e+00 1.809999999999999962e-12
1.760000000000000009e+00 1.550000000000000060e-12
1.765000000000000124e+00 1.329999999999993323e-12
1.770000000000000018e+00 1.170000000000000063e-12
1.774999999999999911e+00 1.040000000000000011e-12
1.780000000000000027e+00 9.289999999999999795e-13
1.785000000000000142e+00 8.429999999999968118e-13
1.790000000000000036e+00 7.750000000000000299e-13
1.794999999999999929e+00 7.199999999999999613e-13
1.800000000000000044e+00 6.780000000000000393e-13
1.805000000000000160e+00 6.449999999999987662e-13
1.810000000000000053e+00 6.209999999999999792e-13
1.814999999999999947e+00 6.049999999999999464e-13
1.820000000000000062e+00 5.969999999999999805e-13
1.825000000000000178e+00 5.950000000000002920e-13
1.830000000000000071e+00 6.010000000000000645e-13
1.834999999999999964e+00 6.130000000000000133e-13
1.839999999999999858e+00 6.339999999999990151e-13
1.844999999999999973e+00 6.639999999999999980e-13
1.850000000000000089e+00 7.039999999999999285e-13
1.854999999999999982e+00 7.569999999999999046e-13
1.859999999999999876e+00 8.259999999999966823e-13
1.864999999999999991e+00 9.139999999999999424e-13
1.870000000000000107e+00 1.030000000000000054e-12
1.875000000000000000e+00 1.170000000000000063e-12
1.879999999999999893e+00 1.370000000000000019e-12
1.885000000000000009e+00 1.620000000000000165e-12
1.890000000000000124e+00 1.950000000000017742e-12
1.895000000000000018e+00 2.390000000000000116e-12
1.899999999999999911e+00 2.989999999999999982e-12
1.905000000000000027e+00 3.760000000000000134e-12
1.910000000000000142e+00 4.730000000000047094e-12
1.915000000000000036e+00 5.829999999999999190e-12
1.919999999999999929e+00 6.870000000000000413e-12
1.925000000000000044e+00 7.510000000000000109e-12
1.930000000000000160e+00 7.509999999999982338e-12
1.935000000000000053e+00 6.929999999999999754e-12
1.939999999999999947e+00 6.069999999999999783e-12
1.945000000000000062e+00 5.179999999999999334e-12
1.950000000000000178e+00 4.409999999999968486e-12
1.955000000000000071e+00 3.779999999999999645e-12
1.959999999999999964e+00 3.289999999999999916e-12
1.964999999999999858e+00 2.910000000000015267e-12
1.969999999999999973e+00 2.609999999999999582e-12
1.975000000000000089e+00 2.390000000000000116e-12
1.979999999999999982e+00 2.220000000000000234e-12
1.984999999999999876e+00 2.090000000000004221e-12
1.989999999999999991e+00 1.999999999999999960e-12
1.995000000000000107e+00 1.930000000000000056e-12
2.000000000000000000e+00 1.899999999999999982e-12
2.004999999999999893e+00 1.880000000000000067e-12
2.009999999999999787e+00 1.880000000000000067e-12
2.015000000000000124e+00 1.899999999999999982e-12
2.020000000000000018e+00 1.940000000000000215e-12
2.024999999999999911e+00 1.999999999999999960e-12
2.030000000000000249e+00 2.080000000000008909e-12
2.035000000000000142e+00 2.180000000000000001e-12
2.040000000000000036e+00 2.310000000000000052e-12
2.044999999999999929e+00 2.469999999999999775e-12
2.049999999999999822e+00 2.659999999999999975e-12
2.054999999999999716e+00 2.889999999999977790e-12
2.060000000000000053e+00 3.159999999999999864e-12
2.064999999999999947e+00 3.489999999999999871e-12
2.070000000000000284e+00 3.880000000000040013e-12
2.075000000000000178e+00 4.349999999999999842e-12
2.080000000000000071e+00 4.909999999999999879e-12
2.084999999999999964e+00 5.590000000000000213e-12
2.089999999999999858e+00 6.409999999999999546e-12
2.094999999999999751e+00 7.399999999999907884e-12
2.100000000000000089e+00 8.630000000000000184e-12
2.104999999999999982e+00 1.010000000000000099e-11
2.110000000000000320e+00 1.200000000000017828e-11
2.115000000000000213e+00 1.430000000000000006e-11
2.120000000000000107e+00 1.730000000000000101e-11
2.125000000000000000e+00 2.100000000000000180e-11
2.129999999999999893e+00 2.580000000000000073e-11
2.134999999999999787e+00 3.209999999999999772e-11
2.140000000000000124e+00 4.030000000000000559e-11
2.145000000000000018e+00 5.109999999999999673e-11
2.150000000000000355e+00 6.550000000000155742e-11
2.155000000000000249e+00 8.500000000000203292e-11
2.160000000000000142e+00 1.110000000000000044e-10
2.165000000000000036e+00 1.469999999999999835e-10
2.169999999999999929e+00 1.959999999999999952e-10
2.174999999999999822e+00 2.609999999999999776e-10
2.179999999999999716e+00 3.459999999999915673e-10
2.185000000000000053e+00 4.530000000000000383e-10
2.189999999999999947e+00 5.759999999999999755e-10
2.195000000000000284e+00 7.030000000000107039e-10
2.200000000000000178e+00 8.160000000000000773e-10
2.205000000000000071e+00 8.989999999999999975e-10
2.209999999999999964e+00 9.450000000000001488e-10
2.214999999999999858e+00 9.619999999999999867e-10
2.219999999999999751e+00 9.600000000000004072e-10
2.225000000000000089e+00 9.500000000000000281e-10
2.229999999999999982e+00 9.399999999999998559e-10
2.235000000000000320e+00 9.349999999999999765e-10
2.240000000000000213e+00 9.380000000000000696e-10
2.245000000000000107e+00 9.500000000000000281e-10
2.250000000000000000e+00 9.730000000000000521e-10
2.254999999999999893e+00 1.010000000000000028e-09
2.259999999999999787e+00 1.050000000000000096e-09
2.265000000000000124e+00 1.110000000000000096e-09
2.270000000000000018e+00 1.190000000000000027e-09
2.275000000000000355e+00 1.280000000000009022e-09
2.280000000000000249e+00 1.390000000000008848e-09
2.285000000000000142e+00 1.520000000000000128e-09
2.290000000000000036e+00 1.670000000000000023e-09
2.294999999999999929e+00 1.859999999999999988e-09
2.299999999999999822e+00 2.080000000000000262e-09
2.304999999999999716e+00 2.349999999999977616e-09
2.310000000000000053e+00 2.680000000000000258e-09
2.314999999999999947e+00 3.069999999999999945e-09
2.320000000000000284e+00 3.540000000000048987e-09
2.325000000000000178e+00 4.130000000000000421e-09
2.330000000000000071e+00 4.850000000000000416e-09
2.334999999999999964e+00 5.740000000000000444e-09
2.339999999999999858e+00 6.859999999999999885e-09
2.344999999999999751e+00 8.249999999999867079e-09
2.350000000000000089e+00 1.000000000000000021e-08
2.354999999999999982e+00 1.220000000000000006e-08
2.360000000000000320e+00 1.510000000000026756e-08
2.365000000000000213e+00 1.870000000000000201e-08
2.370000000000000107e+00 2.319999999999999929e-08
2.375000000000000000e+00 2.900000000000000160e-08
2.379999999999999893e+00 3.640000000000000169e-08
2.384999999999999787e+00 4.590000000000000073e-08
2.390000000000000124e+00 5.789999999999999569e-08
2.395000000000000018e+00 7.320000000000000696e-08
2.400000000000000355e+00 9.300000000000206361e-08
2.405000000000000249e+00 1.180000000000026713e-07
2.410000000000000142e+00 1.520000000000000111e-07
2.415000000000000036e+00 1.949999999999999859e-07
2.419999999999999929e+00 2.510000000000000109e-07
2.424999999999999822e+00 3.259999999999999810e-07
2.429999999999999716e+00 4.239999999999902442e-07
2.435000000000000053e+00 5.509999999999999973e-07
2.439999999999999947e+00 7.139999999999999613e-07
2.445000000000000284e+00 9.120000000000190720e-07
2.450000000000000178e+00 1.140000000000000097e-06
2.455000000000000071e+00 1.349999999999999992e-06
2.459999999999999964e+00 1.499999999999999826e-06
2.464999999999999858e+00 1.510000000000000154e-06
2.469999999999999751e+00 1.370000000000017800e-06
2.475000000000000089e+00 1.140000000000000097e-06
2.479999999999999982e+00 8.949999999999999013e-07
2.485000000000000320e+00 6.849999999999835948e-07
2.490000000000000213e+00 5.209999999999999669e-07
2.495000000000000107e+00 4.000000000000000348e-07
2.500000000000000000e+00 3.109999999999999658e-07
2.504999999999999893e+00 2.470000000000000280e-07
2.509999999999999787e+00 2.000000000000000174e-07
2.515000000000000124e+00 1.650000000000000084e-07
2.520000000000000018e+00 1.390000000000000138e-07
2.525000000000000355e+00 1.199999999999982158e-07
2.530000000000000249e+00 1.049999999999986506e-07
2.535000000000000142e+00 9.300000000000001220e-08
2.540000000000000036e+00 8.399999999999999779e-08
2.544999999999999929e+00 7.710000000000000879e-08
2.549999999999999822e+00 7.179999999999999442e-08
2.554999999999999716e+00 6.780000000000031595e-08
2.560000000000000053e+00 6.489999999999999219e-08
2.564999999999999947e+00 6.280000000000000648e-08
2.570000000000000284e+00 6.139999999999995423e-08
2.575000000000000178e+00 6.080000000000000180e-08
2.580000000000000071e+00 6.060000000000000001e-08
2.584999999999999964e+00 6.100000000000000359e-08
2.589999999999999858e+00 6.170000000000000324e-08
2.594999999999999751e+00 6.279999999999991383e-08
2.600000000000000089e+00 6.420000000000000578e-08
2.604999999999999982e+00 6.569999999999999936e-08
2.610000000000000320e+00 6.730000000000013280e-08
2.615000000000000213e+00 6.880000000000000726e-08
2.620000000000000107e+00 7.000000000000000477e-08
2.625000000000000000e+00 7.079999999999999870e-08
2.629999999999999893e+00 7.109999999999999477e-08
2.634999999999999787e+00 7.070000000000000442e-08
2.640000000000000124e+00 6.950000000000000691e-08
2.645000000000000018e+00 6.759999999999999652e-08
2.650000000000000355e+00 6.499999999999973501e-08
2.655000000000000249e+00 6.189999999999968740e-08
2.660000000000000142e+00 5.829999999999999927e-08
2.665000000000000036e+00 5.450000000000000495e-08
2.669999999999999929e+00 5.059999999999999649e-08
2.674999999999999822e+00 4.670000000000000127e-08
2.679999999999999716e+00 4.280000000000035016e-08
2.685000000000000053e+00 3.920000000000000029e-08
2.689999999999999947e+00 3.580000000000000293e-08
2.695000000000000284e+00 3.269999999999973033e-08
2.700000000000000178e+00 2.979999999999999884e-08
2.705000000000000071e+00 2.709999999999999782e-08
2.709999999999999964e+00 2.469999999999999949e-08
2.714999999999999858e+00 2.249999999999999964e-08
2.719999999999999751e+00 2.060000000000018115e-08
2.725000000000000089e+00 1.879999999999999960e-08
2.729999999999999982e+00 1.720000000000000182e-08
2.735000000000000320e+00 1.579999999999986686e-08
2.740000000000000213e+00 1.450000000000000080e-08
2.745000000000000107e+00 1.329999999999999998e-08
2.750000000000000000e+00 1.220000000000000006e-08
2.754999999999999893e+00 1.130000000000000027e-08
2.759999999999999787e+00 1.040000000000000048e-08
2.765000000000000124e+00 9.629999999999999212e-09
2.770000000000000018e+00 8.919999999999999803e-09
2.775000000000000355e+00 8.279999999999940802e-09
2.780000000000000249e+00 7.689999999999951731e-09
2.785000000000000142e+00 7.160000000000000090e-09
2.790000000000000036e+00 6.670000000000000335e-09
2.794999999999999929e+00 6.230000000000000200e-09
2.799999999999999822e+00 5.829999999999999927e-09
2.804999999999999716e+00 5.460000000000031190e-09
2.810000000000000053e+00 5.120000000000000517e-09
2.814999999999999947e+00 4.810000000000000554e-09
2.820000000000000284e+00 4.519999999999977774e-09
2.825000000000000178e+00 4.259999999999999765e-09
2.830000000000000071e+00 4.020000000000000594e-09
2.834999999999999964e+00 3.789999999999999527e-09
2.839999999999999858e+00 3.590000000000000217e-09
2.844999999999999751e+00 3.400000000000017624e-09
2.850000000000000089e+00 3.220000000000000048e-09
2.854999999999999982e+00 3.060000000000000186e-09
2.860000000000000320e+00 2.909999999999986849e-09
2.865000000000000213e+00 2.770000000000000154e-09
2.870000000000000107e+00 2.639999999999999982e-09
2.875000000000000000e+00 2.519999999999999983e-09
2.879999999999999893e+00 2.410000000000000156e-09
2.884999999999999787e+00 2.299999999999999916e-09
2.890000000000000124e+00 2.210000000000000020e-09
2.895000000000000018e+00 2.120000000000000124e-09
2.900000000000000355e+00 2.029999999999995678e-09
2.905000000000000249e+00 1.949999999999995541e-09
2.910000000000000142e+00 1.879999999999999712e-09
2.915000000000000036e+00 1.809999999999999953e-09
2.919999999999999929e+00 1.749999999999999954e-09
2.924999999999999822e+00 1.689999999999999954e-09
2.929999999999999716e+00 1.630000000000004504e-09
2.935000000000000053e+00 1.580000000000000127e-09
2.939999999999999947e+00 1.530000000000000093e-09
2.945000000000000284e+00 1.479999999999995510e-09
2.950000000000000178e+00 1.439999999999999990e-09
2.955000000000000071e+00 1.389999999999999956e-09
2.959999999999999964e+00 1.360000000000000060e-09
2.964999999999999858e+00 1.319999999999999991e-09
2.969999999999999751e+00 1.290000000000000095e-09
2.975000000000000089e+00 1.250000000000000026e-09
2.979999999999999982e+00 1.220000000000000130e-09
2.985000000000000320e+00 1.199999999999995443e-09
2.990000000000000213e+00 1.170000000000000096e-09
2.995000000000000107e+00 1.149999999999999958e-09
3.000000000000000000e+00 1.120000000000000061e-09
3.004999999999999893e+00 1.100000000000000131e-09
3.010000000000000231e+00 1.079999999999999993e-09
3.015000000000000124e+00 1.060000000000000062e-09
3.020000000000000018e+00 1.040000000000000131e-09
3.024999999999999911e+00 1.029999999999999959e-09
3.030000000000000249e+00 1.010000000000000028e-09
3.035000000000000142e+00 9.960000000000000761e-10
3.040000000000000036e+00 9.830000000000000176e-10
3.044999999999999929e+00 9.699999999999999591e-10
3.049999999999999822e+00 9.590000000000001005e-10
3.055000000000000160e+00 9.480000000000000351e-10
3.060000000000000053e+00 9.380000000000000696e-10
3.064999999999999947e+00 9.289999999999999973e-10
3.069999999999999840e+00 9.210000000000000249e-10
3.075000000000000178e+00 9.139999999999999457e-10
3.080000000000000071e+00 9.069999999999999698e-10
3.084999999999999964e+00 9.010000000000000940e-10
3.089999999999999858e+00 8.959999999999999044e-10
3.095000000000000195e+00 8.920000000000000216e-10
3.100000000000000089e+00 8.880000000000000355e-10
3.104999999999999982e+00 8.850000000000000458e-10
3.109999999999999876e+00 8.819999999999999528e-10
3.115000000000000213e+00 8.810000000000000596e-10
3.120000000000000107e+00 8.789999999999999631e-10
3.125000000000000000e+00 8.789999999999999631e-10
3.129999999999999893e+00 8.789999999999999631e-10
3.135000000000000231e+00 8.789999999999999631e-10
3.140000000000000124e+00 8.799999999999999597e-10
3.145000000000000018e+00 8.819999999999999528e-10
3.149999999999999911e+00 8.850000000000000458e-10
3.155000000000000249e+00 8.870000000000003491e-10
3.160000000000000142e+00 8.909999999999999217e-10
3.165000000000000036e+00 8.950000000000000113e-10
3.169999999999999929e+00 8.999999999999999940e-10
3.175000000000000266e+00 9.050000000000009073e-10
3.180000000000000160e+00 9.110000000000000594e-10
3.185000000000000053e+00 9.180000000000000353e-10
3.189999999999999947e+00 9.250000000000000111e-10
3.194999999999999840e+00 9.329999999999999835e-10
3.200000000000000178e+00 9.420000000000000558e-10
3.205000000000000071e+00 9.509999999999999213e-10
3.209999999999999964e+00 9.609999999999998868e-10
3.214999999999999858e+00 9.719999999999999522e-10
3.220000000000000195e+00 9.830000000000000176e-10
3.225000000000000089e+00 9.949999999999999762e-10
3.229999999999999982e+00 1.010000000000000028e-09
3.234999999999999876e+00 1.019999999999999993e-09
3.240000000000000213e+00 1.040000000000000131e-09
3.245000000000000107e+00 1.050000000000000096e-09
3.250000000000000000e+00 1.070000000000000027e-09
3.254999999999999893e+00 1.079999999999999993e-09
3.260000000000000231e+00 1.100000000000004473e-09
3.265000000000000124e+00 1.120000000000000061e-09
3.270000000000000018e+00 1.139999999999999992e-09
3.274999999999999911e+00 1.160000000000000130e-09
3.280000000000000249e+00 1.180000000000004404e-09
3.285000000000000142e+00 1.210000000000000164e-09
3.290000000000000036e+00 1.230000000000000095e-09
3.294999999999999929e+00 1.250000000000000026e-09
3.300000000000000266e+00 1.280000000000004679e-09
3.305000000000000160e+00 1.310000000000000026e-09
3.310000000000000053e+00 1.340000000000000129e-09
3.314999999999999947e+00 1.370000000000000025e-09
3.319999999999999840e+00 1.400000000000000129e-09
3.325000000000000178e+00 1.430000000000000025e-09
3.330000000000000071e+00 1.470000000000000094e-09
3.334999999999999964e+00 1.499999999999999990e-09
3.339999999999999858e+00 1.540000000000000059e-09
3.345000000000000195e+00 1.580000000000000127e-09
3.350000000000000089e+00 1.619999999999999989e-09
3.354999999999999982e+00 1.660000000000000058e-09
3.359999999999999876e+00 1.710000000000000092e-09
3.365000000000000213e+00 1.759999999999999919e-09
3.370000000000000107e+00 1.809999999999999953e-09
3.375000000000000000e+00 1.859999999999999988e-09
3.379999999999999893e+00 1.910000000000000229e-09
3.385000000000000231e+00 1.970000000000004571e-09
3.390000000000000124e+00 2.030000000000000228e-09
3.395000000000000018e+00 2.090000000000000021e-09
3.399999999999999911e+00 2.159999999999999986e-09
3.405000000000000249e+00 2.230000000000004500e-09
3.410000000000000142e+00 2.299999999999999916e-09
3.415000000000000036e+00 2.369999999999999881e-09
3.419999999999999929e+00 2.450000000000000018e-09
3.425000000000000266e+00 2.530000000000008841e-09
3.430000000000000160e+00 2.620000000000000052e-09
3.435000000000000053e+00 2.709999999999999948e-09
3.439999999999999947e+00 2.800000000000000257e-09
3.444999999999999840e+00 2.899999999999999912e-09
3.450000000000000178e+00 3.010000000000000152e-09
3.455000000000000071e+00 3.119999999999999979e-09
3.459999999999999964e+00 3.230000000000000220e-09
3.464999999999999858e+00 3.350000000000000219e-09
3.470000000000000195e+00 3.479999999999999977e-09
3.475000000000000089e+00 3.610000000000000148e-09
3.479999999999999982e+00 3.750000000000000492e-09
3.484999999999999876e+00 3.900000000000000181e-09
3.490000000000000213e+00 4.049999999999999870e-09
3.495000000000000107e+00 4.219999999999999903e-09
3.500000000000000000e+00 4.389999999999999936e-09
3.504999999999999893e+00 4.569999999999999728e-09
3.510000000000000231e+00 4.760000000000017477e-09
3.515000000000000124e+00 4.960000000000000243e-09
3.520000000000000018e+00 5.160000000000000379e-09
3.524999999999999911e+00 5.390000000000000619e-09
3.530000000000000249e+00 5.620000000000022365e-09
3.535000000000000142e+00 5.860000000000000030e-09
3.540000000000000036e+00 6.120000000000000373e-09
3.544999999999999929e+00 6.390000000000000474e-09
3.550000000000000266e+00 6.680000000000026563e-09
3.555000000000000160e+00 6.980000000000000298e-09
3.560000000000000053e+00 7.300000000000000020e-09
3.564999999999999947e+00 7.640000000000000914e-09
3.569999999999999840e+00 7.999999999999998844e-09
3.575000000000000178e+00 8.369999999999999841e-09
3.580000000000000071e+00 8.770000000000000114e-09
3.584999999999999964e+00 9.189999999999999904e-09
3.589999999999999858e+00 9.640000000000000625e-09
3.595000000000000195e+00 1.010000000000000110e-08
3.600000000000000089e+00 1.060000000000000062e-08
3.604999999999999982e+00 1.110000000000000013e-08
3.609999999999999876e+00 1.170000000000000054e-08
3.615000000000000213e+00 1.230000000000000095e-08
3.620000000000000107e+00 1.289999999999999971e-08
3.625000000000000000e+00 1.359999999999999936e-08
3.629999999999999893e+00 1.430000000000000066e-08
3.635000000000000231e+00 1.500000000000008799e-08
3.640000000000000124e+00 1.579999999999999921e-08
3.645000000000000018e+00 1.670000000000000065e-08
3.649999999999999911e+00 1.760000000000000209e-08
3.655000000000000249e+00 1.850000000000008956e-08
3.660000000000000142e+00 1.949999999999999925e-08
3.665000000000000036e+00 2.060000000000000248e-08
3.669999999999999929e+00 2.169999999999999910e-08
3.675000000000000266e+00 2.300000000000009015e-08
3.680000000000000160e+00 2.420000000000000163e-08
3.685000000000000053e+00 2.560000000000000093e-08
3.689999999999999947e+00 2.709999999999999782e-08
3.694999999999999840e+00 2.860000000000000133e-08
3.700000000000000178e+00 3.030000000000000001e-08
3.705000000000000071e+00 3.210000000000000289e-08
3.709999999999999964e+00 3.389999999999999915e-08
3.714999999999999858e+00 3.599999999999999811e-08
3.720000000000000195e+00 3.809999999999999706e-08
3.725000000000000089e+00 4.040000000000000442e-08
3.729999999999999982e+00 4.279999999999999944e-08
3.734999999999999876e+00 4.539999999999999625e-08
3.740000000000000213e+00 4.819999999999999485e-08
3.745000000000000107e+00 5.120000000000000187e-08
3.750000000000000000e+00 5.439999999999999743e-08
3.754999999999999893e+00 5.779999999999999479e-08
3.760000000000000231e+00 6.150000000000031909e-08
3.765000000000000124e+00 6.540000000000000329e-08
3.770000000000000018e+00 6.960000000000000119e-08
3.774999999999999911e+00 7.400000000000000089e-08
3.780000000000000249e+00 7.880000000000045415e-08
3.785000000000000142e+00 8.399999999999999779e-08
3.790000000000000036e+00 8.950000000000000071e-08
3.794999999999999929e+00 9.540000000000000722e-08
3.800000000000000266e+00 1.020000000000004501e-07
3.805000000000000160e+00 1.090000000000000099e-07
3.810000000000000053e+00 1.160000000000000064e-07
3.814999999999999947e+00 1.239999999999999986e-07
3.819999999999999840e+00 1.320000000000000173e-07
3.825000000000000178e+00 1.410000000000000053e-07
3.830000000000000071e+00 1.509999999999999889e-07
3.834999999999999964e+00 1.619999999999999948e-07
3.839999999999999858e+00 1.730000000000000006e-07
3.845000000000000195e+00 1.850000000000000022e-07
3.850000000000000089e+00 1.989999999999999952e-07
3.854999999999999982e+00 2.129999999999999882e-07
3.859999999999999876e+00 2.279999999999999770e-07
3.865000000000000213e+00 2.449999999999999836e-07
3.870000000000000107e+00 2.619999999999999903e-07
3.875000000000000000e+00 2.820000000000000105e-07
3.879999999999999893e+00 3.019999999999999779e-07
3.885000000000000231e+00 3.250000000000021823e-07
3.890000000000000124e+00 3.490000000000000149e-07
3.895000000000000018e+00 3.759999999999999788e-07
3.899999999999999911e+00 4.040000000000000177e-07
3.905000000000000249e+00 4.350000000000026644e-07
3.910000000000000142e+00 4.680000000000000085e-07
3.915000000000000036e+00 5.050000000000000354e-07
3.919999999999999929e+00 5.440000000000000008e-07
3.925000000000000266e+00 5.860000000000040032e-07
3.930000000000000160e+00 6.329999999999999110e-07
3.935000000000000053e+00 6.830000000000000676e-07
3.939999999999999947e+00 7.369999999999999952e-07
3.944999999999999840e+00 7.959999999999999809e-07
3.950000000000000178e+00 8.610000000000000997e-07
3.955000000000000071e+00 9.299999999999999897e-07
3.959999999999999964e+00 1.010000000000000071e-06
3.964999999999999858e+00 1.090000000000000152e-06
3.970000000000000195e+00 1.179999999999999925e-06
3.975000000000000089e+00 1.280000000000000027e-06
3.979999999999999982e+00 1.389999999999999821e-06
3.984999999999999876e+00 1.499999999999999826e-06
3.990000000000000213e+00 1.630000000000000064e-06
3.995000000000000107e+00 1.769999999999999994e-06
4.000000000000000000e+00 1.920000000000000252e-06
4.004999999999999893e+00 2.090000000000000318e-06
4.009999999999999787e+00 2.269999999999999866e-06
4.015000000000000568e+00 2.470000000000035644e-06
4.019999999999999574e+00 2.689999999999999656e-06
4.025000000000000355e+00 2.930000000000000323e-06
4.030000000000000249e+00 3.189999999999999951e-06
4.035000000000000142e+00 3.480000000000000139e-06
4.040000000000000036e+00 3.790000000000000136e-06
4.044999999999999929e+00 4.140000000000000173e-06
4.050000000000000711e+00 4.520000000000071073e-06
4.054999999999999716e+00 4.940000000000000136e-06
4.060000000000000497e+00 5.400000000000088906e-06
4.064999999999999503e+00 5.909999999999902758e-06
4.070000000000000284e+00 6.469999999999999887e-06
4.075000000000000178e+00 7.079999999999999976e-06
4.080000000000000071e+00 7.760000000000000242e-06
4.084999999999999964e+00 8.509999999999999837e-06
4.089999999999999858e+00 9.330000000000000457e-06
4.095000000000000639e+00 1.030000000000008943e-05
4.099999999999999645e+00 1.129999999999999854e-05
4.105000000000000426e+00 1.239999999999999986e-05
4.109999999999999432e+00 1.359999999999982235e-05
4.115000000000000213e+00 1.500000000000000038e-05
4.120000000000000107e+00 1.650000000000000127e-05
4.125000000000000000e+00 1.819999999999999854e-05
4.129999999999999893e+00 2.010000000000000068e-05
4.134999999999999787e+00 2.210000000000000186e-05
4.140000000000000568e+00 2.440000000000044062e-05
4.144999999999999574e+00 2.700000000000000238e-05
4.150000000000000355e+00 2.990000000000000172e-05
4.155000000000000249e+00 3.309999999999999818e-05
4.160000000000000142e+00 3.660000000000000194e-05
4.165000000000000036e+00 4.060000000000000430e-05
4.169999999999999929e+00 4.499999999999999606e-05
4.175000000000000711e+00 5.000000000000088331e-05
4.179999999999999716e+00 5.550000000000000056e-05
4.185000000000000497e+00 6.170000000000124224e-05
4.189999999999999503e+00 6.869999999999866123e-05
4.195000000000000284e+00 7.650000000000000279e-05
4.200000000000000178e+00 8.529999999999999985e-05
4.205000000000000071e+00 9.509999999999999411e-05
4.209999999999999964e+00 1.060000000000000016e-04
4.214999999999999858e+00 1.190000000000000058e-04
4.220000000000000639e+00 1.330000000000026636e-04
4.224999999999999645e+00 1.489999999999999897e-04
4.230000000000000426e+00 1.659999999999999963e-04
4.234999999999999432e+00 1.869999999999955736e-04
4.240000000000000213e+00 2.100000000000000087e-04
4.245000000000000107e+00 2.359999999999999902e-04
4.250000000000000000e+00 2.649999999999999903e-04
4.254999999999999893e+00 2.979999999999999793e-04
4.259999999999999787e+00 3.359999999999999814e-04
4.265000000000000568e+00 3.800000000000079898e-04
4.269999999999999574e+00 4.290000000000000193e-04
4.275000000000000355e+00 4.850000000000000253e-04
4.280000000000000249e+00 5.490000000000000088e-04
4.285000000000000142e+00 6.229999999999999644e-04
4.290000000000000036e+00 7.069999999999999462e-04
4.294999999999999929e+00 8.030000000000000028e-04
4.300000000000000711e+00 9.140000000000213492e-04
4.304999999999999716e+00 1.039999999999999909e-03
4.310000000000000497e+00 1.190000000000026540e-03
4.314999999999999503e+00 1.359999999999964536e-03
4.320000000000000284e+00 1.549999999999999946e-03
4.325000000000000178e+00 1.779999999999999898e-03
4.330000000000000071e+00 2.039999999999999713e-03
4.334999999999999964e+00 2.349999999999999659e-03
4.339999999999999858e+00 2.700000000000000143e-03
4.345000000000000639e+00 3.110000000000079715e-03
4.349999999999999645e+00 3.589999999999999875e-03
4.355000000000000426e+00 4.150000000000000043e-03
4.359999999999999432e+00 4.809999999999875139e-03
4.365000000000000213e+00 5.590000000000000351e-03
4.370000000000000107e+00 6.490000000000000109e-03
4.375000000000000000e+00 7.559999999999999880e-03
4.379999999999999893e+00 8.829999999999999308e-03
4.384999999999999787e+00 1.030000000000000013e-02
4.390000000000000568e+00 1.210000000000035526e-02
4.394999999999999574e+00 1.419999999999999908e-02
4.400000000000000355e+00 1.669999999999999957e-02
4.405000000000000249e+00 1.969999999999999876e-02
4.410000000000000142e+00 2.330000000000000127e-02
4.415000000000000036e+00 2.750000000000000014e-02
4.419999999999999929e+00 3.269999999999999990e-02
4.425000000000000711e+00 3.880000000000124322e-02
4.429999999999999716e+00 4.619999999999999801e-02
4.435000000000000497e+00 5.520000000000177542e-02
4.439999999999999503e+00 6.589999999999796021e-02
4.445000000000000284e+00 7.889999999999999791e-02
4.450000000000000178e+00 9.439999999999999780e-02
4.455000000000000071e+00 1.130000000000000032e-01
4.459999999999999964e+00 1.360000000000000098e-01
4.464999999999999858e+00 1.620000000000000051e-01
4.470000000000000639e+00 1.940000000000061953e-01
4.474999999999999645e+00 2.310000000000000109e-01
4.480000000000000426e+00 2.739999999999999658e-01
4.484999999999999432e+00 3.229999999999901839e-01
4.490000000000000213e+00 3.779999999999999472e-01
4.495000000000000107e+00 4.379999999999999449e-01
4.500000000000000000e+00 5.020000000000000018e-01
4.504999999999999893e+00 5.679999999999999494e-01
4.509999999999999787e+00 6.340000000000000080e-01
4.515000000000000568e+00 6.980000000000115001e-01
4.519999999999999574e+00 7.580000000000000071e-01
4.525000000000000355e+00 8.109999999999999432e-01
4.530000000000000249e+00 8.559999999999999831e-01
4.535000000000000142e+00 8.940000000000000169e-01
4.540000000000000036e+00 9.229999999999999316e-01
4.544999999999999929e+00 9.459999999999999520e-01
4.550000000000000711e+00 9.630000000000026317e-01
4.554999999999999716e+00 9.749999999999999778e-01
4.560000000000000497e+00 9.830000000000008731e-01
4.564999999999999503e+00 9.879999999999991012e-01
4.570000000000000284e+00 9.909999999999999920e-01
4.575000000000000178e+00 9.919999999999999929e-01
4.580000000000000071e+00 9.929999999999999938e-01
4.584999999999999964e+00 9.929999999999999938e-01
4.589999999999999858e+00 9.919999999999999929e-01
4.595000000000000639e+00 9.909999999999999920e-01
4.599999999999999645e+00 9.899999999999999911e-01
4.605000000000000426e+00 9.890000000000001013e-01
4.609999999999999432e+00 9.890000000000001013e-01
4.615000000000000213e+00 9.890000000000001013e-01
4.620000000000000107e+00 9.890000000000001013e-01
4.625000000000000000e+00 9.890000000000001013e-01
4.629999999999999893e+00 9.899999999999999911e-01
4.634999999999999787e+00 9.899999999999999911e-01
4.640000000000000568e+00 9.899999999999999911e-01
4.644999999999999574e+00 9.909999999999999920e-01
4.650000000000000355e+00 9.909999999999999920e-01
4.655000000000000249e+00 9.919999999999999929e-01
4.660000000000000142e+00 9.919999999999999929e-01
4.665000000000000036e+00 9.919999999999999929e-01
4.669999999999999929e+00 9.919999999999999929e-01
4.675000000000000711e+00 9.919999999999999929e-01
4.679999999999999716e+00 9.919999999999999929e-01
4.685000000000000497e+00 9.919999999999999929e-01
4.689999999999999503e+00 9.919999999999999929e-01
4.695000000000000284e+00 9.919999999999999929e-01
4.700000000000000178e+00 9.919999999999999929e-01
4.705000000000000071e+00 9.909999999999999920e-01
4.709999999999999964e+00 9.899999999999999911e-01
4.714999999999999858e+00 9.890000000000001013e-01
4.720000000000000639e+00 9.890000000000001013e-01
4.724999999999999645e+00 9.879999999999999893e-01
4.730000000000000426e+00 9.869999999999999885e-01
4.734999999999999432e+00 9.869999999999999885e-01
4.740000000000000213e+00 9.859999999999999876e-01
4.745000000000000107e+00 9.840000000000000968e-01
4.750000000000000000e+00 9.829999999999999849e-01
4.754999999999999893e+00 9.809999999999999831e-01
4.759999999999999787e+00 9.799999999999999822e-01
4.765000000000000568e+00 9.779999999999999805e-01
4.769999999999999574e+00 9.769999999999999796e-01
4.775000000000000355e+00 9.759999999999999787e-01
4.780000000000000249e+00 9.740000000000000879e-01
4.785000000000000142e+00 9.729999999999999760e-01
4.790000000000000036e+00 9.719999999999999751e-01
4.794999999999999929e+00 9.709999999999999742e-01
4.800000000000000711e+00 9.699999999999999734e-01
4.804999999999999716e+00 9.690000000000000835e-01
4.810000000000000497e+00 9.679999999999990834e-01
4.814999999999999503e+00 9.659999999999999698e-01
4.820000000000000284e+00 9.640000000000000790e-01
4.825000000000000178e+00 9.629999999999999671e-01
4.830000000000000071e+00 9.620000000000000773e-01
4.834999999999999964e+00 9.599999999999999645e-01
4.839999999999999858e+00 9.590000000000000746e-01
4.845000000000000639e+00 9.570000000000000728e-01
4.849999999999999645e+00 9.559999999999999609e-01
4.855000000000000426e+00 9.540000000000000702e-01
4.859999999999999432e+00 9.529999999999999583e-01
4.865000000000000213e+00 9.509999999999999565e-01
4.870000000000000107e+00 9.499999999999999556e-01
4.875000000000000000e+00 9.479999999999999538e-01
4.879999999999999893e+00 9.459999999999999520e-01
4.884999999999999787e+00 9.449999999999999512e-01
4.890000000000000568e+00 9.429999999999999494e-01
4.894999999999999574e+00 9.409999999999999476e-01
4.900000000000000355e+00 9.399999999999999467e-01
4.905000000000000249e+00 9.379999999999999449e-01
4.910000000000000142e+00 9.359999999999999432e-01
4.915000000000000036e+00 9.350000000000000533e-01
4.919999999999999929e+00 9.329999999999999405e-01
4.925000000000000711e+00 9.309999999999999387e-01
4.929999999999999716e+00 9.300000000000000488e-01
4.935000000000000497e+00 9.279999999999999361e-01
4.939999999999999503e+00 9.260000000000008225e-01
4.945000000000000284e+00 9.240000000000000435e-01
4.950000000000000178e+00 9.229999999999999316e-01
4.955000000000000071e+00 9.209999999999999298e-01
4.959999999999999964e+00 9.190000000000000391e-01
4.964999999999999858e+00 9.179999999999999272e-01
4.970000000000000639e+00 9.159999999999999254e-01
4.974999999999999645e+00 9.140000000000000346e-01
4.980000000000000426e+00 9.120000000000000329e-01
4.984999999999999432e+00 9.109999999999999210e-01
4.990000000000000213e+00 9.090000000000000302e-01
4.995000000000000107e+00 9.070000000000000284e-01
5.000000000000000000e+00 9.059999999999999165e-01
5.004999999999999893e+00 9.050000000000000266e-01
5.009999999999999787e+00 9.040000000000000258e-01
5.014999999999999680e+00 9.040000000000000258e-01
5.020000000000000462e+00 9.030000000000000249e-01
5.025000000000000355e+00 9.030000000000000249e-01
5.030000000000000249e+00 9.020000000000000240e-01
5.035000000000000142e+00 9.020000000000000240e-01
5.040000000000000036e+00 9.009999999999999121e-01
5.044999999999999929e+00 9.009999999999999121e-01
5.049999999999999822e+00 9.000000000000000222e-01
5.054999999999999716e+00 9.000000000000000222e-01
5.060000000000000497e+00 8.990000000000000213e-01
5.065000000000000391e+00 8.990000000000000213e-01
5.070000000000000284e+00 8.990000000000000213e-01
5.075000000000000178e+00 8.980000000000000204e-01
5.080000000000000071e+00 8.980000000000000204e-01
5.084999999999999964e+00 8.980000000000000204e-01
5.089999999999999858e+00 8.970000000000000195e-01
5.094999999999999751e+00 8.970000000000000195e-01
5.099999999999999645e+00 8.970000000000000195e-01
5.105000000000000426e+00 8.970000000000000195e-01
5.110000000000000320e+00 8.959999999999999076e-01
5.115000000000000213e+00 8.959999999999999076e-01
5.120000000000000107e+00 8.959999999999999076e-01
5.125000000000000000e+00 8.959999999999999076e-01
5.129999999999999893e+00 8.959999999999999076e-01
5.134999999999999787e+00 8.950000000000000178e-01
5.139999999999999680e+00 8.950000000000000178e-01
5.145000000000000462e+00 8.950000000000000178e-01
5.150000000000000355e+00 8.950000000000000178e-01
5.155000000000000249e+00 8.950000000000000178e-01
5.160000000000000142e+00 8.950000000000000178e-01
5.165000000000000036e+00 8.940000000000000169e-01
5.169999999999999929e+00 8.940000000000000169e-01
5.174999999999999822e+00 8.940000000000000169e-01
5.179999999999999716e+00 8.940000000000000169e-01
5.185000000000000497e+00 8.940000000000000169e-01
5.190000000000000391e+00 8.930000000000000160e-01
5.195000000000000284e+00 8.930000000000000160e-01
5.200000000000000178e+00 8.930000000000000160e-01
5.205000000000000071e+00 8.930000000000000160e-01
5.209999999999999964e+00 8.920000000000000151e-01
5.214999999999999858e+00 8.920000000000000151e-01
5.219999999999999751e+00 8.920000000000000151e-01
5.224999999999999645e+00 8.920000000000000151e-01
5.230000000000000426e+00 8.909999999999999032e-01
5.235000000000000320e+00 8.909999999999999032e-01
5.240000000000000213e+00 8.909999999999999032e-01
5.245000000000000107e+00 8.900000000000000133e-01
5.250000000000000000e+00 8.900000000000000133e-01
5.254999999999999893e+00 8.900000000000000133e-01
5.259999999999999787e+00 8.890000000000000124e-01
5.264999999999999680e+00 8.890000000000000124e-01
5.270000000000000462e+00 8.890000000000000124e-01
5.275000000000000355e+00 8.880000000000000115e-01
5.280000000000000249e+00 8.880000000000000115e-01
5.285000000000000142e+00 8.870000000000000107e-01
5.290000000000000036e+00 8.870000000000000107e-01
5.294999999999999929e+00 8.870000000000000107e-01
5.299999999999999822e+00 8.859999999999998987e-01
5.304999999999999716e+00 8.859999999999998987e-01
5.310000000000000497e+00 8.850000000000000089e-01
5.315000000000000391e+00 8.850000000000000089e-01
5.320000000000000284e+00 8.840000000000000080e-01
5.325000000000000178e+00 8.840000000000000080e-01
5.330000000000000071e+00 8.830000000000000071e-01
5.334999999999999964e+00 8.830000000000000071e-01
5.339999999999999858e+00 8.820000000000000062e-01
5.344999999999999751e+00 8.820000000000000062e-01
5.350000000000000533e+00 8.809999999999998943e-01
5.355000000000000426e+00 8.809999999999998943e-01
5.360000000000000320e+00 8.809999999999998943e-01
5.365000000000000213e+00 8.800000000000000044e-01
5.370000000000000107e+00 8.800000000000000044e-01
5.375000000000000000e+00 8.790000000000000036e-01
5.379999999999999893e+00 8.790000000000000036e-01
5.384999999999999787e+00 8.780000000000000027e-01
5.389999999999999680e+00 8.780000000000000027e-01
5.395000000000000462e+00 8.770000000000000018e-01
5.400000000000000355e+00 8.770000000000000018e-01
