1.899999999999999911e+00 9.999999999999999547e-07
1.909999999999999920e+00 9.999999999999999547e-07
1.919999999999999929e+00 9.999999999999999547e-07
1.929999999999999938e+00 9.999999999999999547e-07
1.939999999999999947e+00 9.999999999999999547e-07
1.949999999999999956e+00 1.000000000000000000e+00
1.959999999999999964e+00 1.000000000000000000e+00
1.969999999999999973e+00 1.000000000000000000e+00
1.979999999999999982e+00 1.000000000000000000e+00
1.989999999999999991e+00 1.000000000000000000e+00
2.000000000000000000e+00 1.000000000000000000e+00
2.009999999999999787e+00 1.000000000000000000e+00
2.020000000000000018e+00 1.000000000000000000e+00
2.029999999999999805e+00 1.000000000000000000e+00
2.040000000000000036e+00 1.000000000000000000e+00
2.049999999999999822e+00 1.000000000000000000e+00
2.060000000000000053e+00 1.000000000000000000e+00
2.069999999999999840e+00 1.000000000000000000e+00
2.080000000000000071e+00 1.000000000000000000e+00
2.089999999999999858e+00 1.000000000000000000e+00
2.100000000000000089e+00 1.000000000000000000e+00
2.109999999999999876e+00 1.000000000000000000e+00
2.120000000000000107e+00 1.000000000000000000e+00
2.129999999999999893e+00 1.000000000000000000e+00
2.139999999999999680e+00 1.000000000000000000e+00
2.149999999999999911e+00 1.000000000000000000e+00
2.160000000000000142e+00 1.000000000000000000e+00
2.169999999999999929e+00 1.000000000000000000e+00
2.179999999999999716e+00 1.000000000000000000e+00
2.189999999999999947e+00 1.000000000000000000e+00
2.199999999999999734e+00 1.000000000000000000e+00
2.209999999999999964e+00 1.000000000000000000e+00
2.219999999999999751e+00 1.000000000000000000e+00
2.229999999999999982e+00 1.000000000000000000e+00
2.239999999999999769e+00 1.000000000000000000e+00
2.250000000000000000e+00 1.000000000000000000e+00
2.259999999999999787e+00 1.000000000000000000e+00
2.270000000000000018e+00 1.000000000000000000e+00
2.279999999999999805e+00 1.000000000000000000e+00
2.290000000000000036e+00 1.000000000000000000e+00
2.299999999999999822e+00 1.000000000000000000e+00
2.310000000000000053e+00 1.000000000000000000e+00
2.319999999999999840e+00 1.000000000000000000e+00
2.330000000000000071e+00 1.000000000000000000e+00
2.339999999999999858e+00 1.000000000000000000e+00
2.350000000000000089e+00 1.000000000000000000e+00
2.359999999999999876e+00 1.000000000000000000e+00
2.370000000000000107e+00 1.000000000000000000e+00
2.379999999999999893e+00 1.000000000000000000e+00
2.389999999999999680e+00 1.000000000000000000e+00
2.399999999999999911e+00 1.000000000000000000e+00
2.410000000000000142e+00 1.000000000000000000e+00
2.419999999999999929e+00 1.000000000000000000e+00
2.429999999999999716e+00 1.000000000000000000e+00
2.439999999999999947e+00 1.000000000000000000e+00
2.450000000000000178e+00 1.000000000000000000e+00
2.459999999999999964e+00 9.999999999999999547e-07
2.469999999999999751e+00 9.999999999999999547e-07
2.479999999999999982e+00 9.999999999999999547e-07
2.489999999999999769e+00 9.999999999999999547e-07
2.500000000000000000e+00 9.999999999999999547e-07
2.509999999999999787e+00 9.999999999999999547e-07
2.520000000000000018e+00 9.999999999999999547e-07
2.529999999999999805e+00 9.999999999999999547e-07
2.540000000000000036e+00 9.999999999999999547e-07
2.549999999999999822e+00 9.999999999999999547e-07
2.560000000000000053e+00 9.999999999999999547e-07
2.569999999999999840e+00 9.999999999999999547e-07
2.580000000000000071e+00 9.999999999999999547e-07
2.589999999999999858e+00 9.999999999999999547e-07
2.600000000000000089e+00 9.999999999999999547e-07
2.609999999999999876e+00 9.999999999999999547e-07
2.620000000000000107e+00 9.999999999999999547e-07
2.629999999999999893e+00 9.999999999999999547e-07
2.639999999999999680e+00 9.999999999999999547e-07
2.649999999999999911e+00 9.999999999999999547e-07
2.660000000000000142e+00 9.999999999999999547e-07
2.669999999999999929e+00 9.999999999999999547e-07
2.679999999999999716e+00 9.999999999999999547e-07
2.689999999999999947e+00 9.999999999999999547e-07
2.700000000000000178e+00 9.999999999999999547e-07
2.709999999999999964e+00 9.999999999999999547e-07
2.719999999999999751e+00 9.999999999999999547e-07
2.729999999999999982e+00 9.999999999999999547e-07
2.739999999999999769e+00 9.999999999999999547e-07
2.750000000000000000e+00 9.999999999999999547e-07
2.759999999999999787e+00 9.999999999999999547e-07
2.770000000000000018e+00 9.999999999999999547e-07
2.779999999999999805e+00 9.999999999999999547e-07
2.790000000000000036e+00 9.999999999999999547e-07
2.799999999999999822e+00 9.999999999999999547e-07
2.810000000000000053e+00 9.999999999999999547e-07
2.819999999999999840e+00 9.999999999999999547e-07
2.830000000000000071e+00 9.999999999999999547e-07
2.839999999999999858e+00 9.999999999999999547e-07
2.850000000000000089e+00 9.999999999999999547e-07
2.859999999999999876e+00 9.999999999999999547e-07
2.870000000000000107e+00 9.999999999999999547e-07
2.879999999999999893e+00 9.999999999999999547e-07
2.889999999999999680e+00 9.999999999999999547e-07
2.899999999999999911e+00 9.999999999999999547e-07
2.910000000000000142e+00 9.999999999999999547e-07
2.919999999999999929e+00 9.999999999999999547e-07
2.929999999999999716e+00 9.999999999999999547e-07
2.939999999999999947e+00 9.999999999999999547e-07
2.950000000000000178e+00 9.999999999999999547e-07
2.959999999999999964e+00 9.999999999999999547e-07
2.969999999999999751e+00 9.999999999999999547e-07
2.979999999999999982e+00 9.999999999999999547e-07
2.990000000000000213e+00 9.999999999999999547e-07
3.000000000000000000e+00 9.999999999999999547e-07
3.009999999999999787e+00 9.999999999999999547e-07
3.020000000000000018e+00 9.999999999999999547e-07
3.030000000000000249e+00 9.999999999999999547e-07
3.040000000000000036e+00 9.999999999999999547e-07
3.049999999999999822e+00 9.999999999999999547e-07
3.059999999999999609e+00 9.999999999999999547e-07
3.069999999999999840e+00 9.999999999999999547e-07
3.080000000000000071e+00 9.999999999999999547e-07
3.089999999999999858e+00 9.999999999999999547e-07
3.099999999999999645e+00 9.999999999999999547e-07
3.109999999999999876e+00 9.999999999999999547e-07
3.120000000000000107e+00 9.999999999999999547e-07
3.129999999999999893e+00 9.999999999999999547e-07
3.139999999999999680e+00 9.999999999999999547e-07
3.149999999999999911e+00 9.999999999999999547e-07
3.160000000000000142e+00 9.999999999999999547e-07
3.169999999999999929e+00 9.999999999999999547e-07
3.179999999999999716e+00 9.999999999999999547e-07
3.189999999999999947e+00 9.999999999999999547e-07
3.200000000000000178e+00 9.999999999999999547e-07
3.209999999999999964e+00 9.999999999999999547e-07
3.219999999999999751e+00 9.999999999999999547e-07
3.229999999999999982e+00 9.999999999999999547e-07
3.240000000000000213e+00 9.999999999999999547e-07
3.250000000000000000e+00 9.999999999999999547e-07
3.259999999999999787e+00 9.999999999999999547e-07
3.270000000000000018e+00 9.999999999999999547e-07
3.280000000000000249e+00 9.999999999999999547e-07
3.290000000000000036e+00 9.999999999999999547e-07
3.299999999999999822e+00 9.999999999999999547e-07
3.309999999999999609e+00 9.999999999999999547e-07
3.319999999999999840e+00 9.999999999999999547e-07
3.330000000000000071e+00 9.999999999999999547e-07
3.339999999999999858e+00 9.999999999999999547e-07
3.349999999999999645e+00 9.999999999999999547e-07
3.359999999999999876e+00 9.999999999999999547e-07
3.370000000000000107e+00 9.999999999999999547e-07
3.379999999999999893e+00 9.999999999999999547e-07
3.389999999999999680e+00 9.999999999999999547e-07
3.399999999999999911e+00 9.999999999999999547e-07
3.410000000000000142e+00 9.999999999999999547e-07
3.419999999999999929e+00 9.999999999999999547e-07
3.429999999999999716e+00 9.999999999999999547e-07
3.439999999999999947e+00 9.999999999999999547e-07
3.450000000000000178e+00 9.999999999999999547e-07
3.459999999999999964e+00 9.999999999999999547e-07
3.469999999999999751e+00 9.999999999999999547e-07
3.479999999999999982e+00 9.999999999999999547e-07
3.490000000000000213e+00 9.999999999999999547e-07
3.500000000000000000e+00 9.999999999999999547e-07
3.509999999999999787e+00 9.999999999999999547e-07
3.520000000000000018e+00 9.999999999999999547e-07
3.530000000000000249e+00 9.999999999999999547e-07
3.540000000000000036e+00 9.999999999999999547e-07
3.549999999999999822e+00 9.999999999999999547e-07
3.560000000000000053e+00 9.999999999999999547e-07
3.569999999999999840e+00 9.999999999999999547e-07
3.580000000000000071e+00 9.999999999999999547e-07
3.589999999999999858e+00 9.999999999999999547e-07
3.599999999999999645e+00 9.999999999999999547e-07
3.609999999999999876e+00 9.999999999999999547e-07
3.620000000000000107e+00 9.999999999999999547e-07
3.629999999999999893e+00 9.999999999999999547e-07
3.639999999999999680e+00 9.999999999999999547e-07
3.649999999999999911e+00 9.999999999999999547e-07
3.660000000000000142e+00 9.999999999999999547e-07
3.669999999999999929e+00 9.999999999999999547e-07
3.679999999999999716e+00 9.999999999999999547e-07
3.689999999999999947e+00 9.999999999999999547e-07
3.700000000000000178e+00 9.999999999999999547e-07
3.709999999999999964e+00 9.999999999999999547e-07
3.719999999999999751e+00 9.999999999999999547e-07
3.729999999999999982e+00 9.999999999999999547e-07
3.740000000000000213e+00 9.999999999999999547e-07
3.750000000000000000e+00 9.999999999999999547e-07
3.759999999999999787e+00 9.999999999999999547e-07
3.770000000000000018e+00 9.999999999999999547e-07
3.780000000000000249e+00 9.999999999999999547e-07
3.790000000000000036e+00 9.999999999999999547e-07
3.799999999999999822e+00 9.999999999999999547e-07
3.810000000000000053e+00 9.999999999999999547e-07
3.819999999999999840e+00 9.999999999999999547e-07
3.830000000000000071e+00 9.999999999999999547e-07
3.839999999999999858e+00 9.999999999999999547e-07
3.849999999999999645e+00 9.999999999999999547e-07
3.859999999999999876e+00 9.999999999999999547e-07
3.870000000000000107e+00 9.999999999999999547e-07
3.879999999999999893e+00 9.999999999999999547e-07
3.889999999999999680e+00 9.999999999999999547e-07
3.899999999999999911e+00 9.999999999999999547e-07
3.910000000000000142e+00 9.999999999999999547e-07
3.919999999999999929e+00 9.999999999999999547e-07
3.930000000000000160e+00 9.999999999999999547e-07
3.939999999999999947e+00 9.999999999999999547e-07
3.949999999999999734e+00 9.999999999999999547e-07
3.959999999999999964e+00 9.999999999999999547e-07
3.969999999999999751e+00 9.999999999999999547e-07
3.979999999999999982e+00 9.999999999999999547e-07
3.989999999999999769e+00 9.999999999999999547e-07
4.000000000000000000e+00 9.999999999999999547e-07
4.009999999999999787e+00 9.999999999999999547e-07
4.019999999999999574e+00 9.999999999999999547e-07
4.029999999999999361e+00 9.999999999999999547e-07
4.040000000000000036e+00 9.999999999999999547e-07
4.049999999999999822e+00 9.999999999999999547e-07
4.060000000000000497e+00 9.999999999999999547e-07
4.070000000000000284e+00 9.999999999999999547e-07
4.080000000000000071e+00 9.999999999999999547e-07
4.089999999999999858e+00 9.999999999999999547e-07
4.099999999999999645e+00 9.999999999999999547e-07
4.109999999999999432e+00 9.999999999999999547e-07
4.120000000000000107e+00 9.999999999999999547e-07
4.129999999999999893e+00 9.999999999999999547e-07
4.140000000000000568e+00 9.999999999999999547e-07
4.150000000000000355e+00 9.999999999999999547e-07
4.160000000000000142e+00 9.999999999999999547e-07
4.169999999999999929e+00 9.999999999999999547e-07
4.179999999999999716e+00 9.999999999999999547e-07
4.189999999999999503e+00 9.999999999999999547e-07
4.200000000000000178e+00 9.999999999999999547e-07
4.209999999999999964e+00 9.999999999999999547e-07
4.219999999999999751e+00 9.999999999999999547e-07
4.230000000000000426e+00 9.999999999999999547e-07
4.240000000000000213e+00 9.999999999999999547e-07
4.250000000000000000e+00 9.999999999999999547e-07
4.259999999999999787e+00 9.999999999999999547e-07
4.269999999999999574e+00 9.999999999999999547e-07
4.279999999999999361e+00 9.999999999999999547e-07
4.290000000000000036e+00 9.999999999999999547e-07
4.299999999999999822e+00 9.999999999999999547e-07
4.310000000000000497e+00 9.999999999999999547e-07
4.320000000000000284e+00 9.999999999999999547e-07
4.330000000000000071e+00 9.999999999999999547e-07
4.339999999999999858e+00 9.999999999999999547e-07
4.349999999999999645e+00 9.999999999999999547e-07
4.359999999999999432e+00 9.999999999999999547e-07
4.370000000000000107e+00 9.999999999999999547e-07
4.379999999999999893e+00 9.999999999999999547e-07
4.390000000000000568e+00 9.999999999999999547e-07
4.400000000000000355e+00 9.999999999999999547e-07
4.410000000000000142e+00 9.999999999999999547e-07
4.419999999999999929e+00 9.999999999999999547e-07
4.429999999999999716e+00 9.999999999999999547e-07
4.439999999999999503e+00 9.999999999999999547e-07
4.450000000000000178e+00 9.999999999999999547e-07
4.459999999999999964e+00 9.999999999999999547e-07
4.469999999999999751e+00 9.999999999999999547e-07
4.480000000000000426e+00 9.999999999999999547e-07
4.490000000000000213e+00 9.999999999999999547e-07
4.500000000000000000e+00 9.999999999999999547e-07
4.509999999999999787e+00 9.999999999999999547e-07
4.519999999999999574e+00 9.999999999999999547e-07
4.529999999999999361e+00 9.999999999999999547e-07
4.540000000000000036e+00 9.999999999999999547e-07
4.549999999999999822e+00 9.999999999999999547e-07
4.560000000000000497e+00 9.999999999999999547e-07
4.570000000000000284e+00 9.999999999999999547e-07
4.580000000000000071e+00 9.999999999999999547e-07
4.589999999999999858e+00 9.999999999999999547e-07
4.599999999999999645e+00 9.999999999999999547e-07
4.609999999999999432e+00 9.999999999999999547e-07
4.620000000000000107e+00 9.999999999999999547e-07
4.629999999999999893e+00 9.999999999999999547e-07
4.640000000000000568e+00 9.999999999999999547e-07
4.650000000000000355e+00 9.999999999999999547e-07
4.660000000000000142e+00 9.999999999999999547e-07
4.669999999999999929e+00 9.999999999999999547e-07
4.679999999999999716e+00 9.999999999999999547e-07
4.689999999999999503e+00 9.999999999999999547e-07
4.700000000000000178e+00 9.999999999999999547e-07
4.709999999999999964e+00 9.999999999999999547e-07
4.719999999999999751e+00 9.999999999999999547e-07
4.730000000000000426e+00 9.999999999999999547e-07
4.740000000000000213e+00 9.999999999999999547e-07
4.750000000000000000e+00 9.999999999999999547e-07
4.759999999999999787e+00 9.999999999999999547e-07
4.769999999999999574e+00 9.999999999999999547e-07
4.779999999999999361e+00 9.999999999999999547e-07
4.790000000000000036e+00 9.999999999999999547e-07
4.799999999999999822e+00 9.999999999999999547e-07
4.810000000000000497e+00 9.999999999999999547e-07
4.820000000000000284e+00 9.999999999999999547e-07
4.830000000000000071e+00 9.999999999999999547e-07
4.839999999999999858e+00 9.999999999999999547e-07
4.849999999999999645e+00 9.999999999999999547e-07
4.859999999999999432e+00 9.999999999999999547e-07
4.870000000000000107e+00 9.999999999999999547e-07
4.879999999999999893e+00 9.999999999999999547e-07
4.890000000000000568e+00 9.999999999999999547e-07
4.900000000000000355e+00 9.999999999999999547e-07
4.910000000000000142e+00 9.999999999999999547e-07
4.919999999999999929e+00 9.999999999999999547e-07
4.929999999999999716e+00 9.999999999999999547e-07
4.939999999999999503e+00 9.999999999999999547e-07
4.950000000000000178e+00 9.999999999999999547e-07
4.959999999999999964e+00 9.999999999999999547e-07
4.970000000000000639e+00 9.999999999999999547e-07
4.980000000000000426e+00 9.999999999999999547e-07
4.990000000000000213e+00 9.999999999999999547e-07
5.000000000000000000e+00 9.999999999999999547e-07
5.009999999999999787e+00 9.999999999999999547e-07
5.019999999999999574e+00 9.999999999999999547e-07
5.029999999999999361e+00 9.999999999999999547e-07
5.040000000000000036e+00 9.999999999999999547e-07
5.049999999999999822e+00 9.999999999999999547e-07
5.060000000000000497e+00 9.999999999999999547e-07
5.070000000000000284e+00 9.999999999999999547e-07
5.080000000000000071e+00 9.999999999999999547e-07
5.089999999999999858e+00 9.999999999999999547e-07
5.099999999999999645e+00 9.999999999999999547e-07
5.109999999999999432e+00 9.999999999999999547e-07
5.120000000000000107e+00 9.999999999999999547e-07
5.129999999999999893e+00 9.999999999999999547e-07
5.140000000000000568e+00 9.999999999999999547e-07
5.150000000000000355e+00 9.999999999999999547e-07
5.160000000000000142e+00 9.999999999999999547e-07
5.169999999999999929e+00 9.999999999999999547e-07
5.179999999999999716e+00 9.999999999999999547e-07
5.189999999999999503e+00 9.999999999999999547e-07
5.200000000000000178e+00 9.999999999999999547e-07
5.209999999999999964e+00 9.999999999999999547e-07
5.220000000000000639e+00 9.999999999999999547e-07
5.230000000000000426e+00 9.999999999999999547e-07
5.240000000000000213e+00 9.999999999999999547e-07
5.250000000000000000e+00 9.999999999999999547e-07
5.259999999999999787e+00 9.999999999999999547e-07
5.269999999999999574e+00 9.999999999999999547e-07
5.279999999999999361e+00 9.999999999999999547e-07
5.290000000000000036e+00 9.999999999999999547e-07
5.299999999999999822e+00 9.999999999999999547e-07
