1.000000000000000000e+00 -4.129411764705891130e+01
1.004999999999999893e+00 -4.121470588235303723e+01
1.010000000000000009e+00 -4.113529411764714894e+01
1.014999999999999902e+00 -4.105588235294126775e+01
1.020000000000000018e+00 -4.097647058823538657e+01
1.024999999999999911e+00 -4.089705882352950539e+01
1.030000000000000027e+00 -4.081764705882361710e+01
1.034999999999999920e+00 -4.073823529411773592e+01
1.040000000000000036e+00 -4.065882352941184763e+01
1.044999999999999929e+00 -4.057941176470597355e+01
1.050000000000000044e+00 -4.050000000000008527e+01
1.054999999999999938e+00 -4.042058823529420408e+01
1.060000000000000053e+00 -4.034117647058832290e+01
1.064999999999999947e+00 -4.026176470588244172e+01
1.070000000000000062e+00 -4.018235294117655343e+01
1.074999999999999956e+00 -4.010294117647067225e+01
1.080000000000000071e+00 -4.002352941176478396e+01
1.084999999999999964e+00 -3.994411764705890988e+01
1.090000000000000080e+00 -3.986470588235302159e+01
1.094999999999999973e+00 -3.978529411764714041e+01
1.100000000000000089e+00 -3.970588235294125923e+01
1.104999999999999982e+00 -3.962647058823537805e+01
1.110000000000000098e+00 -3.954705882352948976e+01
1.114999999999999991e+00 -3.946764705882360857e+01
1.120000000000000107e+00 -3.938823529411772029e+01
1.125000000000000000e+00 -3.930882352941184621e+01
1.129999999999999893e+00 -3.922941176470595792e+01
1.135000000000000009e+00 -3.915000000000007674e+01
1.139999999999999902e+00 -3.907058823529419556e+01
1.145000000000000018e+00 -3.899117647058831437e+01
1.149999999999999911e+00 -3.891176470588243319e+01
1.155000000000000027e+00 -3.883235294117654490e+01
1.159999999999999920e+00 -3.875294117647066372e+01
1.165000000000000036e+00 -3.867352941176478254e+01
1.169999999999999929e+00 -3.859411764705889425e+01
1.175000000000000044e+00 -3.851470588235301307e+01
1.179999999999999938e+00 -3.843529411764713188e+01
1.185000000000000053e+00 -3.835588235294125070e+01
1.189999999999999947e+00 -3.827647058823536952e+01
1.195000000000000062e+00 -3.819705882352948123e+01
1.199999999999999956e+00 -3.811764705882360005e+01
1.205000000000000071e+00 -3.803823529411771887e+01
1.209999999999999964e+00 -3.795882352941183058e+01
1.215000000000000080e+00 -3.787941176470594939e+01
1.219999999999999973e+00 -3.780000000000006821e+01
1.225000000000000089e+00 -3.772058823529418703e+01
1.229999999999999982e+00 -3.764117647058830585e+01
1.235000000000000098e+00 -3.756176470588241756e+01
1.239999999999999991e+00 -3.748235294117653638e+01
1.245000000000000107e+00 -3.740294117647065519e+01
1.250000000000000000e+00 -3.732352941176476691e+01
1.254999999999999893e+00 -3.724411764705888572e+01
1.260000000000000009e+00 -3.716470588235300454e+01
1.264999999999999902e+00 -3.708529411764712336e+01
1.270000000000000018e+00 -3.700588235294124217e+01
1.274999999999999911e+00 -3.692647058823536099e+01
1.280000000000000027e+00 -3.684705882352947270e+01
1.284999999999999920e+00 -3.676764705882359152e+01
1.290000000000000036e+00 -3.668823529411770323e+01
1.294999999999999929e+00 -3.660882352941182205e+01
1.300000000000000044e+00 -3.652941176470594087e+01
1.304999999999999938e+00 -3.645000000000005969e+01
1.310000000000000053e+00 -3.637058823529417850e+01
1.314999999999999947e+00 -3.629117647058829732e+01
1.320000000000000062e+00 -3.621176470588240903e+01
1.324999999999999956e+00 -3.613235294117652785e+01
1.330000000000000071e+00 -3.605294117647063956e+01
1.334999999999999964e+00 -3.597352941176475838e+01
1.340000000000000080e+00 -3.589411764705887720e+01
1.344999999999999973e+00 -3.581470588235299601e+01
1.350000000000000089e+00 -3.573529411764711483e+01
1.354999999999999982e+00 -3.565588235294123365e+01
1.360000000000000098e+00 -3.557647058823534536e+01
1.364999999999999991e+00 -3.549705882352946418e+01
1.370000000000000107e+00 -3.541764705882357589e+01
1.375000000000000000e+00 -3.533823529411769471e+01
1.379999999999999893e+00 -3.525882352941181352e+01
1.385000000000000009e+00 -3.517941176470593234e+01
1.389999999999999902e+00 -3.510000000000005116e+01
1.395000000000000018e+00 -3.502058823529416998e+01
1.399999999999999911e+00 -3.494117647058828879e+01
1.405000000000000027e+00 -3.486176470588240051e+01
1.409999999999999920e+00 -3.478235294117651932e+01
1.415000000000000036e+00 -3.470294117647063104e+01
1.419999999999999929e+00 -3.462352941176474985e+01
1.425000000000000044e+00 -3.454411764705886867e+01
1.429999999999999938e+00 -3.446470588235298749e+01
1.435000000000000053e+00 -3.438529411764710630e+01
1.439999999999999947e+00 -3.430588235294122512e+01
1.445000000000000062e+00 -3.422647058823533683e+01
1.449999999999999956e+00 -3.414705882352945565e+01
1.455000000000000071e+00 -3.406764705882356736e+01
1.459999999999999964e+00 -3.398823529411768618e+01
1.465000000000000080e+00 -3.390882352941180500e+01
1.469999999999999973e+00 -3.382941176470592382e+01
1.475000000000000089e+00 -3.375000000000004263e+01
1.479999999999999982e+00 -3.367058823529416145e+01
1.485000000000000098e+00 -3.359117647058827316e+01
1.489999999999999991e+00 -3.351176470588239198e+01
1.495000000000000107e+00 -3.343235294117650369e+01
1.500000000000000000e+00 -3.335294117647062251e+01
1.504999999999999893e+00 -3.327352941176474133e+01
1.510000000000000009e+00 -3.319411764705886014e+01
1.514999999999999902e+00 -3.311470588235297896e+01
1.520000000000000018e+00 -3.303529411764709778e+01
1.524999999999999911e+00 -3.295588235294121660e+01
1.530000000000000027e+00 -3.287647058823532831e+01
1.534999999999999920e+00 -3.279705882352944712e+01
1.540000000000000036e+00 -3.271764705882355884e+01
1.544999999999999929e+00 -3.263823529411767765e+01
1.550000000000000044e+00 -3.255882352941179647e+01
1.554999999999999938e+00 -3.247941176470591529e+01
1.560000000000000053e+00 -3.240000000000003411e+01
1.564999999999999947e+00 -3.232058823529415292e+01
1.570000000000000062e+00 -3.224117647058826464e+01
1.574999999999999956e+00 -3.216176470588238345e+01
1.580000000000000071e+00 -3.208235294117649516e+01
1.584999999999999964e+00 -3.200294117647061398e+01
1.590000000000000080e+00 -3.192352941176473280e+01
1.594999999999999973e+00 -3.184411764705885162e+01
1.600000000000000089e+00 -3.176470588235296688e+01
1.604999999999999982e+00 -3.168529411764708570e+01
1.610000000000000098e+00 -3.160588235294120096e+01
1.614999999999999991e+00 -3.152647058823531978e+01
1.620000000000000107e+00 -3.144705882352943505e+01
1.625000000000000000e+00 -3.136764705882355386e+01
1.629999999999999893e+00 -3.128823529411767268e+01
1.635000000000000009e+00 -3.120882352941178794e+01
1.639999999999999902e+00 -3.112941176470590676e+01
1.645000000000000018e+00 -3.105000000000002203e+01
1.649999999999999911e+00 -3.097058823529414084e+01
1.655000000000000027e+00 -3.089117647058825611e+01
1.659999999999999920e+00 -3.081176470588237493e+01
1.665000000000000036e+00 -3.073235294117649019e+01
1.669999999999999929e+00 -3.065294117647060901e+01
1.675000000000000044e+00 -3.057352941176472427e+01
1.679999999999999938e+00 -3.049411764705884309e+01
1.685000000000000053e+00 -3.041470588235295835e+01
1.689999999999999947e+00 -3.033529411764707717e+01
1.695000000000000062e+00 -3.025588235294119244e+01
1.699999999999999956e+00 -3.017647058823531125e+01
1.705000000000000071e+00 -3.009705882352942652e+01
1.709999999999999964e+00 -3.001764705882354534e+01
1.715000000000000080e+00 -2.993823529411766060e+01
1.719999999999999973e+00 -2.985882352941177942e+01
1.725000000000000089e+00 -2.977941176470589468e+01
1.729999999999999982e+00 -2.970000000000001350e+01
1.735000000000000098e+00 -2.962058823529412876e+01
1.739999999999999991e+00 -2.954117647058824758e+01
1.745000000000000107e+00 -2.946176470588236285e+01
1.750000000000000000e+00 -2.938235294117648166e+01
1.754999999999999893e+00 -2.930294117647060048e+01
1.760000000000000009e+00 -2.922352941176471575e+01
1.764999999999999902e+00 -2.914411764705883456e+01
1.770000000000000018e+00 -2.906470588235294983e+01
1.774999999999999911e+00 -2.898529411764706865e+01
1.780000000000000027e+00 -2.890588235294118391e+01
1.784999999999999920e+00 -2.882647058823530273e+01
1.790000000000000036e+00 -2.874705882352941799e+01
1.794999999999999929e+00 -2.866764705882353681e+01
1.800000000000000044e+00 -2.858823529411765207e+01
1.804999999999999938e+00 -2.850882352941177089e+01
1.810000000000000053e+00 -2.842941176470588616e+01
1.814999999999999947e+00 -2.835000000000000497e+01
1.820000000000000062e+00 -2.827058823529412024e+01
1.824999999999999956e+00 -2.819117647058823906e+01
1.830000000000000071e+00 -2.811176470588235432e+01
1.834999999999999964e+00 -2.803235294117647314e+01
1.840000000000000080e+00 -2.795294117647058840e+01
1.844999999999999973e+00 -2.787352941176470722e+01
1.850000000000000089e+00 -2.779411764705882248e+01
1.854999999999999982e+00 -2.771470588235294130e+01
1.860000000000000098e+00 -2.763529411764705657e+01
1.864999999999999991e+00 -2.755588235294117538e+01
1.870000000000000107e+00 -2.747647058823529065e+01
1.875000000000000000e+00 -2.739705882352940947e+01
1.879999999999999893e+00 -2.731764705882352828e+01
1.885000000000000009e+00 -2.723823529411764355e+01
1.889999999999999902e+00 -2.715882352941176237e+01
1.895000000000000018e+00 -2.707941176470587763e+01
1.899999999999999911e+00 -2.699999999999999645e+01
1.905000000000000027e+00 -2.692058823529411171e+01
1.909999999999999920e+00 -2.684117647058823053e+01
1.915000000000000036e+00 -2.676176470588234579e+01
1.919999999999999929e+00 -2.668235294117646461e+01
1.925000000000000044e+00 -2.660294117647057988e+01
1.929999999999999938e+00 -2.652352941176469869e+01
1.935000000000000053e+00 -2.644411764705881396e+01
1.939999999999999947e+00 -2.636470588235293278e+01
1.945000000000000062e+00 -2.628529411764704804e+01
1.949999999999999956e+00 -2.620588235294116686e+01
1.955000000000000071e+00 -2.612647058823528212e+01
1.959999999999999964e+00 -2.604705882352940094e+01
1.965000000000000080e+00 -2.596764705882351620e+01
1.969999999999999973e+00 -2.588823529411763502e+01
1.975000000000000089e+00 -2.580882352941175029e+01
1.979999999999999982e+00 -2.572941176470586910e+01
1.985000000000000098e+00 -2.564999999999998437e+01
1.989999999999999991e+00 -2.557058823529410319e+01
1.995000000000000107e+00 -2.549117647058821845e+01
2.000000000000000000e+00 -2.541176470588233727e+01
2.004999999999999893e+00 -2.533235294117645608e+01
2.009999999999999787e+00 -2.525294117647057490e+01
2.015000000000000124e+00 -2.517352941176468661e+01
2.020000000000000018e+00 -2.509411764705880543e+01
2.024999999999999911e+00 -2.501470588235292425e+01
2.029999999999999805e+00 -2.493529411764704307e+01
2.035000000000000142e+00 -2.485588235294115478e+01
2.040000000000000036e+00 -2.477647058823527360e+01
2.044999999999999929e+00 -2.469705882352939241e+01
2.049999999999999822e+00 -2.461764705882351123e+01
2.055000000000000160e+00 -2.453823529411762294e+01
2.060000000000000053e+00 -2.445882352941174176e+01
2.064999999999999947e+00 -2.437941176470586058e+01
2.069999999999999840e+00 -2.429999999999997939e+01
2.075000000000000178e+00 -2.422058823529409111e+01
2.080000000000000071e+00 -2.414117647058820992e+01
2.084999999999999964e+00 -2.406176470588232874e+01
2.089999999999999858e+00 -2.398235294117644756e+01
2.095000000000000195e+00 -2.390294117647055927e+01
2.100000000000000089e+00 -2.382352941176467809e+01
2.104999999999999982e+00 -2.374411764705879690e+01
2.109999999999999876e+00 -2.366470588235291572e+01
2.115000000000000213e+00 -2.358529411764702743e+01
2.120000000000000107e+00 -2.350588235294114625e+01
2.125000000000000000e+00 -2.342647058823526507e+01
2.129999999999999893e+00 -2.334705882352938389e+01
2.134999999999999787e+00 -2.326764705882350270e+01
2.140000000000000124e+00 -2.318823529411761442e+01
2.145000000000000018e+00 -2.310882352941173323e+01
2.149999999999999911e+00 -2.302941176470585205e+01
2.154999999999999805e+00 -2.294999999999997087e+01
2.160000000000000142e+00 -2.287058823529408258e+01
2.165000000000000036e+00 -2.279117647058820140e+01
2.169999999999999929e+00 -2.271176470588232021e+01
2.174999999999999822e+00 -2.263235294117643903e+01
2.180000000000000160e+00 -2.255294117647055074e+01
2.185000000000000053e+00 -2.247352941176466956e+01
2.189999999999999947e+00 -2.239411764705878838e+01
2.194999999999999840e+00 -2.231470588235290720e+01
2.200000000000000178e+00 -2.223529411764701891e+01
2.205000000000000071e+00 -2.215588235294113773e+01
2.209999999999999964e+00 -2.207647058823525654e+01
2.214999999999999858e+00 -2.199705882352937536e+01
2.220000000000000195e+00 -2.191764705882348707e+01
2.225000000000000089e+00 -2.183823529411760589e+01
2.229999999999999982e+00 -2.175882352941172471e+01
2.234999999999999876e+00 -2.167941176470584352e+01
2.240000000000000213e+00 -2.159999999999995524e+01
2.245000000000000107e+00 -2.152058823529407405e+01
2.250000000000000000e+00 -2.144117647058819287e+01
2.254999999999999893e+00 -2.136176470588231169e+01
2.259999999999999787e+00 -2.128235294117643051e+01
2.265000000000000124e+00 -2.120294117647054222e+01
2.270000000000000018e+00 -2.112352941176466103e+01
2.274999999999999911e+00 -2.104411764705877985e+01
2.279999999999999805e+00 -2.096470588235289867e+01
2.285000000000000142e+00 -2.088529411764701038e+01
2.290000000000000036e+00 -2.080588235294112920e+01
2.294999999999999929e+00 -2.072647058823524802e+01
2.299999999999999822e+00 -2.064705882352936683e+01
2.305000000000000160e+00 -2.056764705882347855e+01
2.310000000000000053e+00 -2.048823529411759736e+01
2.314999999999999947e+00 -2.040882352941171618e+01
2.319999999999999840e+00 -2.032941176470583500e+01
2.325000000000000178e+00 -2.024999999999994671e+01
2.330000000000000071e+00 -2.017058823529406553e+01
2.334999999999999964e+00 -2.009117647058818434e+01
2.339999999999999858e+00 -2.001176470588230316e+01
2.345000000000000195e+00 -1.993235294117641487e+01
2.350000000000000089e+00 -1.985294117647053369e+01
2.354999999999999982e+00 -1.977352941176465251e+01
2.359999999999999876e+00 -1.969411764705877133e+01
2.365000000000000213e+00 -1.961470588235288304e+01
2.370000000000000107e+00 -1.953529411764700185e+01
2.375000000000000000e+00 -1.945588235294112067e+01
2.379999999999999893e+00 -1.937647058823523949e+01
2.384999999999999787e+00 -1.929705882352935831e+01
2.390000000000000124e+00 -1.921764705882347002e+01
2.395000000000000018e+00 -1.913823529411758884e+01
2.399999999999999911e+00 -1.905882352941170765e+01
2.404999999999999805e+00 -1.897941176470582647e+01
2.410000000000000142e+00 -1.889999999999993818e+01
2.415000000000000036e+00 -1.882058823529405700e+01
2.419999999999999929e+00 -1.874117647058817582e+01
2.424999999999999822e+00 -1.866176470588229463e+01
2.430000000000000160e+00 -1.858235294117640635e+01
2.435000000000000053e+00 -1.850294117647052516e+01
2.439999999999999947e+00 -1.842352941176464398e+01
2.444999999999999840e+00 -1.834411764705876280e+01
2.450000000000000178e+00 -1.826470588235287451e+01
2.455000000000000071e+00 -1.818529411764699333e+01
2.459999999999999964e+00 -1.810588235294111215e+01
2.464999999999999858e+00 -1.802647058823523096e+01
2.470000000000000195e+00 -1.794705882352934267e+01
2.475000000000000089e+00 -1.786764705882346149e+01
2.479999999999999982e+00 -1.778823529411758031e+01
2.484999999999999876e+00 -1.770882352941169913e+01
2.490000000000000213e+00 -1.762941176470581084e+01
2.495000000000000107e+00 -1.754999999999992966e+01
2.500000000000000000e+00 -1.747058823529404847e+01
2.504999999999999893e+00 -1.739117647058816729e+01
2.509999999999999787e+00 -1.731176470588228611e+01
2.515000000000000124e+00 -1.723235294117639782e+01
2.520000000000000018e+00 -1.715294117647051664e+01
2.524999999999999911e+00 -1.707352941176463546e+01
2.529999999999999805e+00 -1.699411764705875427e+01
2.535000000000000142e+00 -1.691470588235286598e+01
2.540000000000000036e+00 -1.683529411764698480e+01
2.544999999999999929e+00 -1.675588235294110362e+01
2.549999999999999822e+00 -1.667647058823522244e+01
2.555000000000000160e+00 -1.659705882352933415e+01
2.560000000000000053e+00 -1.651764705882345297e+01
2.564999999999999947e+00 -1.643823529411757178e+01
2.569999999999999840e+00 -1.635882352941169060e+01
2.575000000000000178e+00 -1.627941176470580231e+01
2.580000000000000071e+00 -1.619999999999992113e+01
2.584999999999999964e+00 -1.612058823529403995e+01
2.589999999999999858e+00 -1.604117647058815876e+01
2.595000000000000195e+00 -1.596176470588227048e+01
2.600000000000000089e+00 -1.588235294117638929e+01
2.604999999999999982e+00 -1.580294117647050811e+01
2.609999999999999876e+00 -1.572352941176462693e+01
2.615000000000000213e+00 -1.564411764705873864e+01
2.620000000000000107e+00 -1.556470588235285746e+01
2.625000000000000000e+00 -1.548529411764697628e+01
2.629999999999999893e+00 -1.540588235294109509e+01
2.634999999999999787e+00 -1.532647058823521213e+01
2.640000000000000124e+00 -1.524705882352932562e+01
2.645000000000000018e+00 -1.516764705882344444e+01
2.649999999999999911e+00 -1.508823529411756326e+01
2.654999999999999805e+00 -1.500882352941168030e+01
2.660000000000000142e+00 -1.492941176470579379e+01
2.665000000000000036e+00 -1.484999999999991260e+01
2.669999999999999929e+00 -1.477058823529403142e+01
2.674999999999999822e+00 -1.469117647058814846e+01
2.680000000000000160e+00 -1.461176470588226195e+01
2.685000000000000053e+00 -1.453235294117638077e+01
2.689999999999999947e+00 -1.445294117647049958e+01
2.694999999999999840e+00 -1.437352941176461663e+01
2.700000000000000178e+00 -1.429411764705873011e+01
2.705000000000000071e+00 -1.421470588235284893e+01
2.709999999999999964e+00 -1.413529411764696775e+01
2.714999999999999858e+00 -1.405588235294108479e+01
2.720000000000000195e+00 -1.397647058823519828e+01
2.725000000000000089e+00 -1.389705882352931710e+01
2.729999999999999982e+00 -1.381764705882343591e+01
2.734999999999999876e+00 -1.373823529411755295e+01
2.740000000000000213e+00 -1.365882352941166644e+01
2.745000000000000107e+00 -1.357941176470578526e+01
2.750000000000000000e+00 -1.349999999999990408e+01
2.754999999999999893e+00 -1.342058823529402112e+01
2.759999999999999787e+00 -1.334117647058814171e+01
2.765000000000000124e+00 -1.326176470588225342e+01
2.770000000000000018e+00 -1.318235294117637224e+01
2.774999999999999911e+00 -1.310294117647048928e+01
2.779999999999999805e+00 -1.302352941176460988e+01
2.785000000000000142e+00 -1.294411764705872159e+01
2.790000000000000036e+00 -1.286470588235284040e+01
2.794999999999999929e+00 -1.278529411764695745e+01
2.799999999999999822e+00 -1.270588235294107804e+01
2.805000000000000160e+00 -1.262647058823518975e+01
2.810000000000000053e+00 -1.254705882352930857e+01
2.814999999999999947e+00 -1.246764705882342561e+01
2.819999999999999840e+00 -1.238823529411754620e+01
2.825000000000000178e+00 -1.230882352941165792e+01
2.830000000000000071e+00 -1.222941176470577673e+01
2.834999999999999964e+00 -1.214999999999989377e+01
2.839999999999999858e+00 -1.207058823529401437e+01
2.845000000000000195e+00 -1.199117647058812608e+01
2.850000000000000089e+00 -1.191176470588224490e+01
2.854999999999999982e+00 -1.183235294117636194e+01
2.859999999999999876e+00 -1.175294117647048253e+01
2.865000000000000213e+00 -1.167352941176459424e+01
2.870000000000000107e+00 -1.159411764705871306e+01
2.875000000000000000e+00 -1.151470588235283010e+01
2.879999999999999893e+00 -1.143529411764695070e+01
2.884999999999999787e+00 -1.135588235294106951e+01
2.890000000000000124e+00 -1.127647058823518122e+01
2.895000000000000018e+00 -1.119705882352929827e+01
2.899999999999999911e+00 -1.111764705882341886e+01
2.904999999999999805e+00 -1.103823529411753768e+01
2.910000000000000142e+00 -1.095882352941164939e+01
2.915000000000000036e+00 -1.087941176470576821e+01
2.919999999999999929e+00 -1.079999999999988702e+01
2.924999999999999822e+00 -1.072058823529400584e+01
2.930000000000000160e+00 -1.064117647058811755e+01
2.935000000000000053e+00 -1.056176470588223637e+01
2.939999999999999947e+00 -1.048235294117635519e+01
2.944999999999999840e+00 -1.040294117647047401e+01
2.950000000000000178e+00 -1.032352941176458572e+01
2.955000000000000071e+00 -1.024411764705870453e+01
2.959999999999999964e+00 -1.016470588235282335e+01
2.964999999999999858e+00 -1.008529411764694217e+01
2.970000000000000195e+00 -1.000588235294105388e+01
2.975000000000000089e+00 -9.926470588235172698e+00
2.979999999999999982e+00 -9.847058823529291516e+00
2.984999999999999876e+00 -9.767647058823410333e+00
2.990000000000000213e+00 -9.688235294117522045e+00
2.995000000000000107e+00 -9.608823529411640862e+00
3.000000000000000000e+00 -9.529411764705759680e+00
3.004999999999999893e+00 -9.449999999999878497e+00
3.009999999999999787e+00 -9.370588235293997315e+00
3.015000000000000124e+00 -9.291176470588109026e+00
3.020000000000000018e+00 -9.211764705882227844e+00
3.024999999999999911e+00 -9.132352941176346661e+00
3.029999999999999805e+00 -9.052941176470465479e+00
3.035000000000000142e+00 -8.973529411764577191e+00
3.040000000000000036e+00 -8.894117647058696008e+00
3.044999999999999929e+00 -8.814705882352814825e+00
3.049999999999999822e+00 -8.735294117646933643e+00
3.055000000000000160e+00 -8.655882352941045355e+00
3.060000000000000053e+00 -8.576470588235164172e+00
3.064999999999999947e+00 -8.497058823529282989e+00
3.069999999999999840e+00 -8.417647058823401807e+00
3.075000000000000178e+00 -8.338235294117513519e+00
3.080000000000000071e+00 -8.258823529411632336e+00
3.084999999999999964e+00 -8.179411764705751153e+00
3.089999999999999858e+00 -8.099999999999869971e+00
3.095000000000000195e+00 -8.020588235293981683e+00
3.100000000000000089e+00 -7.941176470588100500e+00
3.104999999999999982e+00 -7.861764705882219317e+00
3.109999999999999876e+00 -7.782352941176338135e+00
3.115000000000000213e+00 -7.702941176470449847e+00
3.120000000000000107e+00 -7.623529411764568664e+00
3.125000000000000000e+00 -7.544117647058687481e+00
3.129999999999999893e+00 -7.464705882352806299e+00
3.134999999999999787e+00 -7.385294117646925116e+00
3.140000000000000124e+00 -7.305882352941036828e+00
3.145000000000000018e+00 -7.226470588235155645e+00
3.149999999999999911e+00 -7.147058823529274463e+00
3.154999999999999805e+00 -7.067647058823393280e+00
3.160000000000000142e+00 -6.988235294117504992e+00
3.165000000000000036e+00 -6.908823529411623809e+00
3.169999999999999929e+00 -6.829411764705742627e+00
3.174999999999999822e+00 -6.749999999999861444e+00
3.180000000000000160e+00 -6.670588235293973156e+00
3.185000000000000053e+00 -6.591176470588095526e+00
3.189999999999999947e+00 -6.511764705882210791e+00
3.194999999999999840e+00 -6.432352941176329608e+00
3.200000000000000178e+00 -6.352941176470441320e+00
3.205000000000000071e+00 -6.273529411764563690e+00
3.209999999999999964e+00 -6.194117647058678955e+00
3.214999999999999858e+00 -6.114705882352797772e+00
3.220000000000000195e+00 -6.035294117646909484e+00
3.225000000000000089e+00 -5.955882352941031854e+00
3.229999999999999982e+00 -5.876470588235147119e+00
3.234999999999999876e+00 -5.797058823529265936e+00
3.240000000000000213e+00 -5.717647058823377648e+00
3.245000000000000107e+00 -5.638235294117500018e+00
3.250000000000000000e+00 -5.558823529411615283e+00
3.254999999999999893e+00 -5.479411764705734100e+00
3.259999999999999787e+00 -5.399999999999852918e+00
3.265000000000000124e+00 -5.320588235293968182e+00
3.270000000000000018e+00 -5.241176470588083447e+00
3.274999999999999911e+00 -5.161764705882202264e+00
3.279999999999999805e+00 -5.082352941176321082e+00
3.285000000000000142e+00 -5.002941176470436346e+00
3.290000000000000036e+00 -4.923529411764551611e+00
3.294999999999999929e+00 -4.844117647058670428e+00
3.299999999999999822e+00 -4.764705882352789246e+00
3.305000000000000160e+00 -4.685294117646904510e+00
3.310000000000000053e+00 -4.605882352941019775e+00
3.314999999999999947e+00 -4.526470588235138592e+00
3.319999999999999840e+00 -4.447058823529257410e+00
3.325000000000000178e+00 -4.367647058823372674e+00
3.330000000000000071e+00 -4.288235294117487939e+00
3.334999999999999964e+00 -4.208823529411606756e+00
3.339999999999999858e+00 -4.129411764705725574e+00
3.345000000000000195e+00 -4.049999999999840838e+00
3.350000000000000089e+00 -3.970588235293956103e+00
3.354999999999999982e+00 -3.891176470588074920e+00
3.359999999999999876e+00 -3.811764705882193738e+00
3.365000000000000213e+00 -3.732352941176309002e+00
3.370000000000000107e+00 -3.652941176470424267e+00
3.375000000000000000e+00 -3.573529411764543084e+00
3.379999999999999893e+00 -3.494117647058661902e+00
3.384999999999999787e+00 -3.414705882352780719e+00
3.390000000000000124e+00 -3.335294117646892431e+00
3.395000000000000018e+00 -3.255882352941011249e+00
3.399999999999999911e+00 -3.176470588235130066e+00
3.404999999999999805e+00 -3.097058823529248883e+00
3.410000000000000142e+00 -3.017647058823360595e+00
3.415000000000000036e+00 -2.938235294117479413e+00
3.419999999999999929e+00 -2.858823529411598230e+00
3.424999999999999822e+00 -2.779411764705717047e+00
3.430000000000000160e+00 -2.699999999999828759e+00
3.435000000000000053e+00 -2.620588235293947577e+00
3.439999999999999947e+00 -2.541176470588066394e+00
3.444999999999999840e+00 -2.461764705882185211e+00
3.450000000000000178e+00 -2.382352941176296923e+00
3.455000000000000071e+00 -2.302941176470415741e+00
3.459999999999999964e+00 -2.223529411764534558e+00
3.464999999999999858e+00 -2.144117647058653375e+00
3.470000000000000195e+00 -2.064705882352765087e+00
3.475000000000000089e+00 -1.985294117646883905e+00
3.479999999999999982e+00 -1.905882352941002722e+00
3.484999999999999876e+00 -1.826470588235121539e+00
3.490000000000000213e+00 -1.747058823529233251e+00
3.495000000000000107e+00 -1.667647058823352069e+00
3.500000000000000000e+00 -1.588235294117470886e+00
3.504999999999999893e+00 -1.508823529411589703e+00
3.509999999999999787e+00 -1.429411764705704968e+00
3.515000000000000124e+00 -1.349999999999820233e+00
3.520000000000000018e+00 -1.270588235293939050e+00
3.524999999999999911e+00 -1.191176470588057867e+00
3.529999999999999805e+00 -1.111764705882173132e+00
3.535000000000000142e+00 -1.032352941176288397e+00
3.540000000000000036e+00 -9.529411764704072141e-01
3.544999999999999929e+00 -8.735294117645260314e-01
3.549999999999999822e+00 -7.941176470586412961e-01
3.555000000000000160e+00 -7.147058823527565607e-01
3.560000000000000053e+00 -6.352941176468753781e-01
3.564999999999999947e+00 -5.558823529409941955e-01
3.569999999999999840e+00 -4.764705882351094601e-01
3.575000000000000178e+00 -3.970588235292247248e-01
3.580000000000000071e+00 -3.176470588233435421e-01
3.584999999999999964e+00 -2.382352941174623595e-01
3.589999999999999858e+00 -1.588235294115776242e-01
3.595000000000000195e+00 -7.941176470569288881e-02
3.600000000000000089e+00 1.882938249764265493e-13
3.604999999999999982e+00 7.941176470606947646e-02
3.609999999999999876e+00 1.588235294119542118e-01
3.615000000000000213e+00 2.382352941178389472e-01
3.620000000000000107e+00 3.176470588237201298e-01
3.625000000000000000e+00 3.970588235296013124e-01
3.629999999999999893e+00 4.764705882354860478e-01
3.634999999999999787e+00 5.558823529413636777e-01
3.640000000000000124e+00 6.352941176472519658e-01
3.645000000000000018e+00 7.147058823531331484e-01
3.649999999999999911e+00 7.941176470590178837e-01
3.654999999999999805e+00 8.735294117648955137e-01
3.660000000000000142e+00 9.529411764707838017e-01
3.665000000000000036e+00 1.032352941176664984e+00
3.669999999999999929e+00 1.111764705882549720e+00
3.674999999999999822e+00 1.191176470588427350e+00
3.680000000000000160e+00 1.270588235294315638e+00
3.685000000000000053e+00 1.350000000000196820e+00
3.689999999999999947e+00 1.429411764706081556e+00
3.694999999999999840e+00 1.508823529411959186e+00
3.700000000000000178e+00 1.588235294117847474e+00
3.705000000000000071e+00 1.667647058823728656e+00
3.709999999999999964e+00 1.747058823529613392e+00
3.714999999999999858e+00 1.826470588235491022e+00
3.720000000000000195e+00 1.905882352941379310e+00
3.725000000000000089e+00 1.985294117647260492e+00
3.729999999999999982e+00 2.064705882353145228e+00
3.734999999999999876e+00 2.144117647059022858e+00
3.740000000000000213e+00 2.223529411764911146e+00
3.745000000000000107e+00 2.302941176470792328e+00
3.750000000000000000e+00 2.382352941176677064e+00
3.754999999999999893e+00 2.461764705882554694e+00
3.759999999999999787e+00 2.541176470588435876e+00
3.765000000000000124e+00 2.620588235294324164e+00
3.770000000000000018e+00 2.700000000000208900e+00
3.774999999999999911e+00 2.779411764706086529e+00
3.779999999999999805e+00 2.858823529411967712e+00
3.785000000000000142e+00 2.938235294117856000e+00
3.790000000000000036e+00 3.017647058823740736e+00
3.794999999999999929e+00 3.097058823529618365e+00
3.799999999999999822e+00 3.176470588235499548e+00
3.805000000000000160e+00 3.255882352941387836e+00
3.810000000000000053e+00 3.335294117647272572e+00
3.814999999999999947e+00 3.414705882353150201e+00
3.819999999999999840e+00 3.494117647059031384e+00
3.825000000000000178e+00 3.573529411764919672e+00
3.830000000000000071e+00 3.652941176470804407e+00
3.834999999999999964e+00 3.732352941176682037e+00
3.839999999999999858e+00 3.811764705882563220e+00
3.845000000000000195e+00 3.891176470588451508e+00
3.850000000000000089e+00 3.970588235294336243e+00
3.854999999999999982e+00 4.050000000000213873e+00
3.859999999999999876e+00 4.129411764706095056e+00
3.865000000000000213e+00 4.208823529411983344e+00
3.870000000000000107e+00 4.288235294117868079e+00
3.875000000000000000e+00 4.367647058823745709e+00
3.879999999999999893e+00 4.447058823529626892e+00
3.884999999999999787e+00 4.526470588235508075e+00
3.890000000000000124e+00 4.605882352941399915e+00
3.895000000000000018e+00 4.685294117647277545e+00
3.899999999999999911e+00 4.764705882353158728e+00
3.904999999999999805e+00 4.844117647059039911e+00
3.910000000000000142e+00 4.923529411764931751e+00
3.915000000000000036e+00 5.002941176470809381e+00
3.919999999999999929e+00 5.082352941176690564e+00
3.924999999999999822e+00 5.161764705882571747e+00
3.930000000000000160e+00 5.241176470588460035e+00
3.935000000000000053e+00 5.320588235294341217e+00
3.939999999999999947e+00 5.400000000000222400e+00
3.944999999999999840e+00 5.479411764706103583e+00
3.950000000000000178e+00 5.558823529411991871e+00
3.955000000000000071e+00 5.638235294117873053e+00
3.959999999999999964e+00 5.717647058823754236e+00
3.964999999999999858e+00 5.797058823529635418e+00
3.970000000000000195e+00 5.876470588235523707e+00
3.975000000000000089e+00 5.955882352941404889e+00
3.979999999999999982e+00 6.035294117647286072e+00
3.984999999999999876e+00 6.114705882353167254e+00
3.990000000000000213e+00 6.194117647059055543e+00
3.995000000000000107e+00 6.273529411764936725e+00
4.000000000000000000e+00 6.352941176470817908e+00
4.004999999999999893e+00 6.432352941176699090e+00
4.009999999999999787e+00 6.511764705882580273e+00
4.014999999999999680e+00 6.591176470588461456e+00
4.019999999999999574e+00 6.670588235294342638e+00
4.025000000000000355e+00 6.750000000000238032e+00
4.030000000000000249e+00 6.829411764706119214e+00
4.035000000000000142e+00 6.908823529412000397e+00
4.040000000000000036e+00 6.988235294117881580e+00
4.044999999999999929e+00 7.067647058823762762e+00
4.049999999999999822e+00 7.147058823529643945e+00
4.054999999999999716e+00 7.226470588235525128e+00
4.059999999999999609e+00 7.305882352941406310e+00
4.065000000000000391e+00 7.385294117647301704e+00
4.070000000000000284e+00 7.464705882353182886e+00
4.075000000000000178e+00 7.544117647059064069e+00
4.080000000000000071e+00 7.623529411764945252e+00
4.084999999999999964e+00 7.702941176470826434e+00
4.089999999999999858e+00 7.782352941176707617e+00
4.094999999999999751e+00 7.861764705882588800e+00
4.099999999999999645e+00 7.941176470588469982e+00
4.105000000000000426e+00 8.020588235294365376e+00
4.110000000000000320e+00 8.100000000000246558e+00
4.115000000000000213e+00 8.179411764706127741e+00
4.120000000000000107e+00 8.258823529412008924e+00
4.125000000000000000e+00 8.338235294117890106e+00
4.129999999999999893e+00 8.417647058823771289e+00
4.134999999999999787e+00 8.497058823529652472e+00
4.139999999999999680e+00 8.576470588235533654e+00
4.144999999999999574e+00 8.655882352941414837e+00
4.150000000000000355e+00 8.735294117647310230e+00
4.155000000000000249e+00 8.814705882353191413e+00
4.160000000000000142e+00 8.894117647059072596e+00
4.165000000000000036e+00 8.973529411764953778e+00
4.169999999999999929e+00 9.052941176470834961e+00
4.174999999999999822e+00 9.132352941176716143e+00
4.179999999999999716e+00 9.211764705882597326e+00
4.184999999999999609e+00 9.291176470588478509e+00
4.190000000000000391e+00 9.370588235294373902e+00
4.195000000000000284e+00 9.450000000000255085e+00
4.200000000000000178e+00 9.529411764706136267e+00
4.205000000000000071e+00 9.608823529412017450e+00
4.209999999999999964e+00 9.688235294117898633e+00
4.214999999999999858e+00 9.767647058823779815e+00
4.219999999999999751e+00 9.847058823529660998e+00
4.224999999999999645e+00 9.926470588235542181e+00
4.230000000000000426e+00 1.000588235294143757e+01
4.235000000000000320e+00 1.008529411764731876e+01
4.240000000000000213e+00 1.016470588235319994e+01
4.245000000000000107e+00 1.024411764705908112e+01
4.250000000000000000e+00 1.032352941176496230e+01
4.254999999999999893e+00 1.040294117647084349e+01
4.259999999999999787e+00 1.048235294117672467e+01
4.264999999999999680e+00 1.056176470588260585e+01
4.269999999999999574e+00 1.064117647058848704e+01
4.275000000000000355e+00 1.072058823529438243e+01
4.280000000000000249e+00 1.080000000000026361e+01
4.285000000000000142e+00 1.087941176470614479e+01
4.290000000000000036e+00 1.095882352941202598e+01
4.294999999999999929e+00 1.103823529411790716e+01
4.299999999999999822e+00 1.111764705882378834e+01
4.304999999999999716e+00 1.119705882352966952e+01
4.309999999999999609e+00 1.127647058823555071e+01
4.315000000000000391e+00 1.135588235294144610e+01
4.320000000000000284e+00 1.143529411764732728e+01
4.325000000000000178e+00 1.151470588235320847e+01
4.330000000000000071e+00 1.159411764705908965e+01
4.334999999999999964e+00 1.167352941176497083e+01
4.339999999999999858e+00 1.175294117647085201e+01
4.344999999999999751e+00 1.183235294117673320e+01
4.349999999999999645e+00 1.191176470588261438e+01
4.355000000000000426e+00 1.199117647058850977e+01
4.360000000000000320e+00 1.207058823529439096e+01
4.365000000000000213e+00 1.215000000000027214e+01
4.370000000000000107e+00 1.222941176470615332e+01
4.375000000000000000e+00 1.230882352941203450e+01
4.379999999999999893e+00 1.238823529411791569e+01
4.384999999999999787e+00 1.246764705882379687e+01
4.389999999999999680e+00 1.254705882352967805e+01
4.394999999999999574e+00 1.262647058823555923e+01
4.400000000000000355e+00 1.270588235294145463e+01
4.405000000000000249e+00 1.278529411764733581e+01
4.410000000000000142e+00 1.286470588235321699e+01
4.415000000000000036e+00 1.294411764705909818e+01
4.419999999999999929e+00 1.302352941176497936e+01
4.424999999999999822e+00 1.310294117647086054e+01
4.429999999999999716e+00 1.318235294117674172e+01
4.434999999999999609e+00 1.326176470588262291e+01
4.440000000000000391e+00 1.334117647058851830e+01
4.445000000000000284e+00 1.342058823529439948e+01
4.450000000000000178e+00 1.350000000000028066e+01
4.455000000000000071e+00 1.357941176470616185e+01
4.459999999999999964e+00 1.365882352941204303e+01
4.464999999999999858e+00 1.373823529411792421e+01
4.469999999999999751e+00 1.381764705882380539e+01
4.474999999999999645e+00 1.389705882352969368e+01
4.480000000000000426e+00 1.397647058823558197e+01
4.485000000000000320e+00 1.405588235294146315e+01
4.490000000000000213e+00 1.413529411764733723e+01
4.495000000000000107e+00 1.421470588235322552e+01
4.500000000000000000e+00 1.429411764705910670e+01
4.504999999999999893e+00 1.437352941176498788e+01
4.509999999999999787e+00 1.445294117647086907e+01
4.514999999999999680e+00 1.453235294117675735e+01
4.519999999999999574e+00 1.461176470588263143e+01
4.525000000000000355e+00 1.469117647058852683e+01
4.530000000000000249e+00 1.477058823529440090e+01
4.535000000000000142e+00 1.485000000000028919e+01
4.540000000000000036e+00 1.492941176470617037e+01
4.544999999999999929e+00 1.500882352941205156e+01
4.549999999999999822e+00 1.508823529411793274e+01
4.554999999999999716e+00 1.516764705882382103e+01
4.559999999999999609e+00 1.524705882352969510e+01
4.565000000000000391e+00 1.532647058823559050e+01
4.570000000000000284e+00 1.540588235294146457e+01
4.575000000000000178e+00 1.548529411764735286e+01
4.580000000000000071e+00 1.556470588235323405e+01
4.584999999999999964e+00 1.564411764705911523e+01
4.589999999999999858e+00 1.572352941176499641e+01
4.594999999999999751e+00 1.580294117647088470e+01
4.599999999999999645e+00 1.588235294117675878e+01
4.605000000000000426e+00 1.596176470588265417e+01
4.610000000000000320e+00 1.604117647058852825e+01
4.615000000000000213e+00 1.612058823529441653e+01
4.620000000000000107e+00 1.620000000000029772e+01
4.625000000000000000e+00 1.627941176470617890e+01
4.629999999999999893e+00 1.635882352941206008e+01
4.634999999999999787e+00 1.643823529411794837e+01
4.639999999999999680e+00 1.651764705882382245e+01
4.644999999999999574e+00 1.659705882352970363e+01
4.650000000000000355e+00 1.667647058823559192e+01
4.655000000000000249e+00 1.675588235294148021e+01
4.660000000000000142e+00 1.683529411764736139e+01
4.665000000000000036e+00 1.691470588235324257e+01
4.669999999999999929e+00 1.699411764705912375e+01
4.674999999999999822e+00 1.707352941176501204e+01
4.679999999999999716e+00 1.715294117647088612e+01
4.684999999999999609e+00 1.723235294117676730e+01
4.690000000000000391e+00 1.731176470588265559e+01
4.695000000000000284e+00 1.739117647058854388e+01
4.700000000000000178e+00 1.747058823529442506e+01
4.705000000000000071e+00 1.755000000000030624e+01
4.709999999999999964e+00 1.762941176470618743e+01
4.714999999999999858e+00 1.770882352941207571e+01
4.719999999999999751e+00 1.778823529411794979e+01
4.724999999999999645e+00 1.786764705882383097e+01
4.730000000000000426e+00 1.794705882352971926e+01
4.735000000000000320e+00 1.802647058823560755e+01
4.740000000000000213e+00 1.810588235294148873e+01
4.745000000000000107e+00 1.818529411764736992e+01
4.750000000000000000e+00 1.826470588235325110e+01
4.754999999999999893e+00 1.834411764705913939e+01
4.759999999999999787e+00 1.842352941176501346e+01
4.764999999999999680e+00 1.850294117647089465e+01
4.769999999999999574e+00 1.858235294117677583e+01
4.775000000000000355e+00 1.866176470588267122e+01
4.780000000000000249e+00 1.874117647058855241e+01
4.785000000000000142e+00 1.882058823529443359e+01
4.790000000000000036e+00 1.890000000000031477e+01
4.794999999999999929e+00 1.897941176470620306e+01
4.799999999999999822e+00 1.905882352941207714e+01
4.804999999999999716e+00 1.913823529411795832e+01
4.809999999999999609e+00 1.921764705882383950e+01
4.815000000000000391e+00 1.929705882352973489e+01
4.820000000000000284e+00 1.937647058823561608e+01
4.825000000000000178e+00 1.945588235294149726e+01
4.830000000000000071e+00 1.953529411764737844e+01
4.834999999999999964e+00 1.961470588235326673e+01
4.839999999999999858e+00 1.969411764705914081e+01
4.844999999999999751e+00 1.977352941176502199e+01
4.849999999999999645e+00 1.985294117647090317e+01
4.855000000000000426e+00 1.993235294117679857e+01
4.860000000000000320e+00 2.001176470588267975e+01
4.865000000000000213e+00 2.009117647058856093e+01
4.870000000000000107e+00 2.017058823529444211e+01
4.875000000000000000e+00 2.025000000000033040e+01
4.879999999999999893e+00 2.032941176470620448e+01
4.884999999999999787e+00 2.040882352941208566e+01
4.889999999999999680e+00 2.048823529411796684e+01
4.894999999999999574e+00 2.056764705882384803e+01
4.900000000000000355e+00 2.064705882352974342e+01
4.905000000000000249e+00 2.072647058823562460e+01
4.910000000000000142e+00 2.080588235294150579e+01
4.915000000000000036e+00 2.088529411764739407e+01
4.919999999999999929e+00 2.096470588235326815e+01
4.924999999999999822e+00 2.104411764705914933e+01
4.929999999999999716e+00 2.112352941176503052e+01
4.934999999999999609e+00 2.120294117647091170e+01
4.940000000000000391e+00 2.128235294117680709e+01
4.945000000000000284e+00 2.136176470588268828e+01
4.950000000000000178e+00 2.144117647058856946e+01
4.955000000000000071e+00 2.152058823529445775e+01
4.959999999999999964e+00 2.160000000000033182e+01
4.964999999999999858e+00 2.167941176470621301e+01
4.969999999999999751e+00 2.175882352941209419e+01
4.974999999999999645e+00 2.183823529411797537e+01
4.980000000000000426e+00 2.191764705882387076e+01
4.985000000000000320e+00 2.199705882352975195e+01
4.990000000000000213e+00 2.207647058823563313e+01
4.995000000000000107e+00 2.215588235294152142e+01
5.000000000000000000e+00 2.223529411764739550e+01
5.004999999999999893e+00 2.231470588235327668e+01
5.009999999999999787e+00 2.239411764705915786e+01
5.014999999999999680e+00 2.247352941176503904e+01
5.019999999999999574e+00 2.255294117647092733e+01
5.025000000000000355e+00 2.263235294117681562e+01
5.030000000000000249e+00 2.271176470588269680e+01
5.035000000000000142e+00 2.279117647058858509e+01
5.040000000000000036e+00 2.287058823529445917e+01
5.044999999999999929e+00 2.295000000000034035e+01
5.049999999999999822e+00 2.302941176470622153e+01
5.054999999999999716e+00 2.310882352941210272e+01
5.059999999999999609e+00 2.318823529411799100e+01
5.065000000000000391e+00 2.326764705882387929e+01
5.070000000000000284e+00 2.334705882352976047e+01
5.075000000000000178e+00 2.342647058823564876e+01
5.080000000000000071e+00 2.350588235294152284e+01
5.084999999999999964e+00 2.358529411764740402e+01
5.089999999999999858e+00 2.366470588235328520e+01
5.094999999999999751e+00 2.374411764705916639e+01
5.099999999999999645e+00 2.382352941176505468e+01
5.105000000000000426e+00 2.390294117647094296e+01
5.110000000000000320e+00 2.398235294117682415e+01
5.115000000000000213e+00 2.406176470588271243e+01
5.120000000000000107e+00 2.414117647058858651e+01
5.125000000000000000e+00 2.422058823529446769e+01
5.129999999999999893e+00 2.430000000000034888e+01
5.134999999999999787e+00 2.437941176470623006e+01
5.139999999999999680e+00 2.445882352941211835e+01
5.144999999999999574e+00 2.453823529411799242e+01
5.150000000000000355e+00 2.461764705882388782e+01
5.155000000000000249e+00 2.469705882352977611e+01
5.160000000000000142e+00 2.477647058823565018e+01
5.165000000000000036e+00 2.485588235294153137e+01
5.169999999999999929e+00 2.493529411764741255e+01
5.174999999999999822e+00 2.501470588235329373e+01
5.179999999999999716e+00 2.509411764705918202e+01
5.184999999999999609e+00 2.517352941176505610e+01
5.190000000000000391e+00 2.525294117647095149e+01
5.195000000000000284e+00 2.533235294117683978e+01
5.200000000000000178e+00 2.541176470588271386e+01
5.205000000000000071e+00 2.549117647058859504e+01
5.209999999999999964e+00 2.557058823529447622e+01
5.214999999999999858e+00 2.565000000000035740e+01
5.219999999999999751e+00 2.572941176470624569e+01
5.224999999999999645e+00 2.580882352941211977e+01
5.230000000000000426e+00 2.588823529411801516e+01
5.235000000000000320e+00 2.596764705882390345e+01
5.240000000000000213e+00 2.604705882352977753e+01
5.245000000000000107e+00 2.612647058823565871e+01
5.250000000000000000e+00 2.620588235294153989e+01
5.254999999999999893e+00 2.628529411764742107e+01
5.259999999999999787e+00 2.636470588235330936e+01
5.264999999999999680e+00 2.644411764705918344e+01
5.269999999999999574e+00 2.652352941176506462e+01
5.275000000000000355e+00 2.660294117647096712e+01
5.280000000000000249e+00 2.668235294117684120e+01
5.285000000000000142e+00 2.676176470588272238e+01
5.290000000000000036e+00 2.684117647058860356e+01
5.294999999999999929e+00 2.692058823529448475e+01
5.299999999999999822e+00 2.700000000000037303e+01
