1.899999999999999911e+00 -2.699999999999999645e+01
1.909999999999999920e+00 -2.684117647058823408e+01
1.919999999999999929e+00 -2.668235294117646816e+01
1.929999999999999938e+00 -2.652352941176469869e+01
1.939999999999999947e+00 -2.636470588235293633e+01
1.949999999999999956e+00 -2.620588235294117041e+01
1.959999999999999964e+00 -2.604705882352940804e+01
1.969999999999999973e+00 -2.588823529411764213e+01
1.979999999999999982e+00 -2.572941176470587621e+01
1.989999999999999991e+00 -2.557058823529411384e+01
2.000000000000000000e+00 -2.541176470588234793e+01
2.009999999999999787e+00 -2.525294117647058556e+01
2.020000000000000018e+00 -2.509411764705881964e+01
2.029999999999999805e+00 -2.493529411764705728e+01
2.040000000000000036e+00 -2.477647058823528781e+01
2.049999999999999822e+00 -2.461764705882352544e+01
2.060000000000000053e+00 -2.445882352941175952e+01
2.069999999999999840e+00 -2.429999999999999716e+01
2.080000000000000071e+00 -2.414117647058823124e+01
2.089999999999999858e+00 -2.398235294117646887e+01
2.100000000000000089e+00 -2.382352941176469940e+01
2.109999999999999876e+00 -2.366470588235294059e+01
2.120000000000000107e+00 -2.350588235294116757e+01
2.129999999999999893e+00 -2.334705882352940520e+01
2.139999999999999680e+00 -2.318823529411764994e+01
2.149999999999999911e+00 -2.302941176470587692e+01
2.160000000000000142e+00 -2.287058823529411100e+01
2.169999999999999929e+00 -2.271176470588234864e+01
2.179999999999999716e+00 -2.255294117647058627e+01
2.189999999999999947e+00 -2.239411764705882035e+01
2.199999999999999734e+00 -2.223529411764705799e+01
2.209999999999999964e+00 -2.207647058823529207e+01
2.219999999999999751e+00 -2.191764705882352970e+01
2.229999999999999982e+00 -2.175882352941175668e+01
2.239999999999999769e+00 -2.160000000000000142e+01
2.250000000000000000e+00 -2.144117647058822840e+01
2.259999999999999787e+00 -2.128235294117646603e+01
2.270000000000000018e+00 -2.112352941176470011e+01
2.279999999999999805e+00 -2.096470588235293775e+01
2.290000000000000036e+00 -2.080588235294117183e+01
2.299999999999999822e+00 -2.064705882352940947e+01
2.310000000000000053e+00 -2.048823529411764355e+01
2.319999999999999840e+00 -2.032941176470588118e+01
2.330000000000000071e+00 -2.017058823529411526e+01
2.339999999999999858e+00 -2.001176470588235290e+01
2.350000000000000089e+00 -1.985294117647057988e+01
2.359999999999999876e+00 -1.969411764705882106e+01
2.370000000000000107e+00 -1.953529411764705159e+01
2.379999999999999893e+00 -1.937647058823528923e+01
2.389999999999999680e+00 -1.921764705882353041e+01
2.399999999999999911e+00 -1.905882352941176094e+01
2.410000000000000142e+00 -1.889999999999999503e+01
2.419999999999999929e+00 -1.874117647058823266e+01
2.429999999999999716e+00 -1.858235294117647030e+01
2.439999999999999947e+00 -1.842352941176470082e+01
2.450000000000000178e+00 -1.826470588235293491e+01
2.459999999999999964e+00 -1.810588235294117254e+01
2.469999999999999751e+00 -1.794705882352941018e+01
2.479999999999999982e+00 -1.778823529411764071e+01
2.489999999999999769e+00 -1.762941176470587834e+01
2.500000000000000000e+00 -1.747058823529411242e+01
2.509999999999999787e+00 -1.731176470588235006e+01
2.520000000000000018e+00 -1.715294117647058414e+01
2.529999999999999805e+00 -1.699411764705882177e+01
2.540000000000000036e+00 -1.683529411764705230e+01
2.549999999999999822e+00 -1.667647058823528994e+01
2.560000000000000053e+00 -1.651764705882352402e+01
2.569999999999999840e+00 -1.635882352941176165e+01
2.580000000000000071e+00 -1.619999999999999218e+01
2.589999999999999858e+00 -1.604117647058823337e+01
2.600000000000000089e+00 -1.588235294117646390e+01
2.609999999999999876e+00 -1.572352941176470154e+01
2.620000000000000107e+00 -1.556470588235293384e+01
2.629999999999999893e+00 -1.540588235294117325e+01
2.639999999999999680e+00 -1.524705882352941089e+01
2.649999999999999911e+00 -1.508823529411764319e+01
2.660000000000000142e+00 -1.492941176470587550e+01
2.669999999999999929e+00 -1.477058823529411313e+01
2.679999999999999716e+00 -1.461176470588235077e+01
2.689999999999999947e+00 -1.445294117647058485e+01
2.700000000000000178e+00 -1.429411764705881538e+01
2.709999999999999964e+00 -1.413529411764705301e+01
2.719999999999999751e+00 -1.397647058823529242e+01
2.729999999999999982e+00 -1.381764705882352473e+01
2.739999999999999769e+00 -1.365882352941176237e+01
2.750000000000000000e+00 -1.349999999999999289e+01
2.759999999999999787e+00 -1.334117647058823408e+01
2.770000000000000018e+00 -1.318235294117646461e+01
2.779999999999999805e+00 -1.302352941176470402e+01
2.790000000000000036e+00 -1.286470588235293633e+01
2.799999999999999822e+00 -1.270588235294117396e+01
2.810000000000000053e+00 -1.254705882352940449e+01
2.819999999999999840e+00 -1.238823529411764390e+01
2.830000000000000071e+00 -1.222941176470587621e+01
2.839999999999999858e+00 -1.207058823529411562e+01
2.850000000000000089e+00 -1.191176470588234615e+01
2.859999999999999876e+00 -1.175294117647058378e+01
2.870000000000000107e+00 -1.159411764705881609e+01
2.879999999999999893e+00 -1.143529411764705550e+01
2.889999999999999680e+00 -1.127647058823529314e+01
2.899999999999999911e+00 -1.111764705882352544e+01
2.910000000000000142e+00 -1.095882352941175775e+01
2.919999999999999929e+00 -1.079999999999999538e+01
2.929999999999999716e+00 -1.064117647058823302e+01
2.939999999999999947e+00 -1.048235294117646710e+01
2.950000000000000178e+00 -1.032352941176469763e+01
2.959999999999999964e+00 -1.016470588235293526e+01
2.969999999999999751e+00 -1.000588235294117645e+01
2.979999999999999982e+00 -9.847058823529406979e+00
2.990000000000000213e+00 -9.688235294117637508e+00
3.000000000000000000e+00 -9.529411764705875143e+00
3.009999999999999787e+00 -9.370588235294116330e+00
3.020000000000000018e+00 -9.211764705882346860e+00
3.030000000000000249e+00 -9.052941176470579165e+00
3.040000000000000036e+00 -8.894117647058818577e+00
3.049999999999999822e+00 -8.735294117647056211e+00
3.059999999999999609e+00 -8.576470588235295622e+00
3.069999999999999840e+00 -8.417647058823526152e+00
3.080000000000000071e+00 -8.258823529411758457e+00
3.089999999999999858e+00 -8.099999999999996092e+00
3.099999999999999645e+00 -7.941176470588235503e+00
3.109999999999999876e+00 -7.782352941176466921e+00
3.120000000000000107e+00 -7.623529411764698338e+00
3.129999999999999893e+00 -7.464705882352937749e+00
3.139999999999999680e+00 -7.305882352941175384e+00
3.149999999999999911e+00 -7.147058823529407690e+00
3.160000000000000142e+00 -6.988235294117639107e+00
3.169999999999999929e+00 -6.829411764705877630e+00
3.179999999999999716e+00 -6.670588235294117041e+00
3.189999999999999947e+00 -6.511764705882348458e+00
3.200000000000000178e+00 -6.352941176470580764e+00
3.209999999999999964e+00 -6.194117647058818399e+00
3.219999999999999751e+00 -6.035294117647057810e+00
3.229999999999999982e+00 -5.876470588235289227e+00
3.240000000000000213e+00 -5.717647058823520645e+00
3.250000000000000000e+00 -5.558823529411759168e+00
3.259999999999999787e+00 -5.399999999999997691e+00
3.270000000000000018e+00 -5.241176470588229108e+00
3.280000000000000249e+00 -5.082352941176460526e+00
3.290000000000000036e+00 -4.923529411764699937e+00
3.299999999999999822e+00 -4.764705882352937572e+00
3.309999999999999609e+00 -4.605882352941176983e+00
3.319999999999999840e+00 -4.447058823529409288e+00
3.330000000000000071e+00 -4.288235294117640706e+00
3.339999999999999858e+00 -4.129411764705879229e+00
3.349999999999999645e+00 -3.970588235294117752e+00
3.359999999999999876e+00 -3.811764705882349169e+00
3.370000000000000107e+00 -3.652941176470581031e+00
3.379999999999999893e+00 -3.494117647058819554e+00
3.389999999999999680e+00 -3.335294117647058521e+00
3.399999999999999911e+00 -3.176470588235290382e+00
3.410000000000000142e+00 -3.017647058823521800e+00
3.419999999999999929e+00 -2.858823529411760322e+00
3.429999999999999716e+00 -2.699999999999998845e+00
3.439999999999999947e+00 -2.541176470588230263e+00
3.450000000000000178e+00 -2.382352941176462124e+00
3.459999999999999964e+00 -2.223529411764700647e+00
3.469999999999999751e+00 -2.064705882352939614e+00
3.479999999999999982e+00 -1.905882352941171254e+00
3.490000000000000213e+00 -1.747058823529402671e+00
3.500000000000000000e+00 -1.588235294117641416e+00
3.509999999999999787e+00 -1.429411764705880161e+00
3.520000000000000018e+00 -1.270588235294111801e+00
3.530000000000000249e+00 -1.111764705882343440e+00
3.540000000000000036e+00 -9.529411764705820742e-01
3.549999999999999822e+00 -7.941176470588207081e-01
3.560000000000000053e+00 -6.352941176470523477e-01
3.569999999999999840e+00 -4.764705882352910371e-01
3.580000000000000071e+00 -3.176470588235226766e-01
3.589999999999999858e+00 -1.588235294117613383e-01
3.599999999999999645e+00 0.000000000000000000e+00
3.609999999999999876e+00 1.588235294117683882e-01
3.620000000000000107e+00 3.176470588235367765e-01
3.629999999999999893e+00 4.764705882352980870e-01
3.639999999999999680e+00 6.352941176470594531e-01
3.649999999999999911e+00 7.941176470588278136e-01
3.660000000000000142e+00 9.529411764705961740e-01
3.669999999999999929e+00 1.111764705882357429e+00
3.679999999999999716e+00 1.270588235294118906e+00
3.689999999999999947e+00 1.429411764705887267e+00
3.700000000000000178e+00 1.588235294117655627e+00
3.709999999999999964e+00 1.747058823529416882e+00
3.719999999999999751e+00 1.905882352941178137e+00
3.729999999999999982e+00 2.064705882352946720e+00
3.740000000000000213e+00 2.223529411764714858e+00
3.750000000000000000e+00 2.382352941176476335e+00
3.759999999999999787e+00 2.541176470588237812e+00
3.770000000000000018e+00 2.700000000000006395e+00
3.780000000000000249e+00 2.858823529411774533e+00
3.790000000000000036e+00 3.017647058823535566e+00
3.799999999999999822e+00 3.176470588235297043e+00
3.810000000000000053e+00 3.335294117647065182e+00
3.819999999999999840e+00 3.494117647058826659e+00
3.830000000000000071e+00 3.652941176470595241e+00
3.839999999999999858e+00 3.811764705882356274e+00
3.849999999999999645e+00 3.970588235294117752e+00
3.859999999999999876e+00 4.129411764705886334e+00
3.870000000000000107e+00 4.288235294117654917e+00
3.879999999999999893e+00 4.447058823529415506e+00
3.889999999999999680e+00 4.605882352941176983e+00
3.899999999999999911e+00 4.764705882352945565e+00
3.910000000000000142e+00 4.923529411764714148e+00
3.919999999999999929e+00 5.082352941176475625e+00
3.930000000000000160e+00 5.241176470588244207e+00
3.939999999999999947e+00 5.400000000000004796e+00
3.949999999999999734e+00 5.558823529411766273e+00
3.959999999999999964e+00 5.717647058823534856e+00
3.969999999999999751e+00 5.876470588235295445e+00
3.979999999999999982e+00 6.035294117647064027e+00
3.989999999999999769e+00 6.194117647058825504e+00
4.000000000000000000e+00 6.352941176470594087e+00
4.009999999999999787e+00 6.511764705882355564e+00
4.019999999999999574e+00 6.670588235294117041e+00
4.029999999999999361e+00 6.829411764705877630e+00
4.040000000000000036e+00 6.988235294117653318e+00
4.049999999999999822e+00 7.147058823529415683e+00
4.060000000000000497e+00 7.305882352941190483e+00
4.070000000000000284e+00 7.464705882352951960e+00
4.080000000000000071e+00 7.623529411764712549e+00
4.089999999999999858e+00 7.782352941176474026e+00
4.099999999999999645e+00 7.941176470588235503e+00
4.109999999999999432e+00 8.099999999999996092e+00
4.120000000000000107e+00 8.258823529411772668e+00
4.129999999999999893e+00 8.417647058823533257e+00
4.140000000000000568e+00 8.576470588235309833e+00
4.150000000000000355e+00 8.735294117647070422e+00
4.160000000000000142e+00 8.894117647058831011e+00
4.169999999999999929e+00 9.052941176470593376e+00
4.179999999999999716e+00 9.211764705882353965e+00
4.189999999999999503e+00 9.370588235294116330e+00
4.200000000000000178e+00 9.529411764705891130e+00
4.209999999999999964e+00 9.688235294117653496e+00
4.219999999999999751e+00 9.847058823529412308e+00
4.230000000000000426e+00 1.000588235294118888e+01
4.240000000000000213e+00 1.016470588235295125e+01
4.250000000000000000e+00 1.032352941176471361e+01
4.259999999999999787e+00 1.048235294117647243e+01
4.269999999999999574e+00 1.064117647058823302e+01
4.279999999999999361e+00 1.079999999999999538e+01
4.290000000000000036e+00 1.095882352941177018e+01
4.299999999999999822e+00 1.111764705882353255e+01
4.310000000000000497e+00 1.127647058823530735e+01
4.320000000000000284e+00 1.143529411764706971e+01
4.330000000000000071e+00 1.159411764705883030e+01
4.339999999999999858e+00 1.175294117647059089e+01
4.349999999999999645e+00 1.191176470588235325e+01
4.359999999999999432e+00 1.207058823529411562e+01
4.370000000000000107e+00 1.222941176470589042e+01
4.379999999999999893e+00 1.238823529411765101e+01
4.390000000000000568e+00 1.254705882352942758e+01
4.400000000000000355e+00 1.270588235294118817e+01
4.410000000000000142e+00 1.286470588235294876e+01
4.419999999999999929e+00 1.302352941176471113e+01
4.429999999999999716e+00 1.318235294117647349e+01
4.439999999999999503e+00 1.334117647058823408e+01
4.450000000000000178e+00 1.350000000000000888e+01
4.459999999999999964e+00 1.365882352941177125e+01
4.469999999999999751e+00 1.381764705882353006e+01
4.480000000000000426e+00 1.397647058823530664e+01
4.490000000000000213e+00 1.413529411764706900e+01
4.500000000000000000e+00 1.429411764705883137e+01
4.509999999999999787e+00 1.445294117647059018e+01
4.519999999999999574e+00 1.461176470588235077e+01
4.529999999999999361e+00 1.477058823529411313e+01
4.540000000000000036e+00 1.492941176470588793e+01
4.549999999999999822e+00 1.508823529411765030e+01
4.560000000000000497e+00 1.524705882352942510e+01
4.570000000000000284e+00 1.540588235294118746e+01
4.580000000000000071e+00 1.556470588235294805e+01
4.589999999999999858e+00 1.572352941176470864e+01
4.599999999999999645e+00 1.588235294117647101e+01
4.609999999999999432e+00 1.604117647058823337e+01
4.620000000000000107e+00 1.620000000000000995e+01
4.629999999999999893e+00 1.635882352941176876e+01
4.640000000000000568e+00 1.651764705882354534e+01
4.650000000000000355e+00 1.667647058823530415e+01
4.660000000000000142e+00 1.683529411764706651e+01
4.669999999999999929e+00 1.699411764705882888e+01
4.679999999999999716e+00 1.715294117647059124e+01
4.689999999999999503e+00 1.731176470588235006e+01
4.700000000000000178e+00 1.747058823529412663e+01
4.709999999999999964e+00 1.762941176470588900e+01
4.719999999999999751e+00 1.778823529411764781e+01
4.730000000000000426e+00 1.794705882352942439e+01
4.740000000000000213e+00 1.810588235294118675e+01
4.750000000000000000e+00 1.826470588235294912e+01
4.759999999999999787e+00 1.842352941176470793e+01
4.769999999999999574e+00 1.858235294117647030e+01
4.779999999999999361e+00 1.874117647058823266e+01
4.790000000000000036e+00 1.890000000000000568e+01
4.799999999999999822e+00 1.905882352941176805e+01
4.810000000000000497e+00 1.921764705882354463e+01
4.820000000000000284e+00 1.937647058823530699e+01
4.830000000000000071e+00 1.953529411764706225e+01
4.839999999999999858e+00 1.969411764705882462e+01
4.849999999999999645e+00 1.985294117647058698e+01
4.859999999999999432e+00 2.001176470588235290e+01
4.870000000000000107e+00 2.017058823529412592e+01
4.879999999999999893e+00 2.032941176470588829e+01
4.890000000000000568e+00 2.048823529411766486e+01
4.900000000000000355e+00 2.064705882352942723e+01
4.910000000000000142e+00 2.080588235294118249e+01
4.919999999999999929e+00 2.096470588235294485e+01
4.929999999999999716e+00 2.112352941176470722e+01
4.939999999999999503e+00 2.128235294117646603e+01
4.950000000000000178e+00 2.144117647058824616e+01
4.959999999999999964e+00 2.160000000000000497e+01
4.970000000000000639e+00 2.175882352941177800e+01
4.980000000000000426e+00 2.191764705882354036e+01
4.990000000000000213e+00 2.207647058823530273e+01
5.000000000000000000e+00 2.223529411764706509e+01
5.009999999999999787e+00 2.239411764705882746e+01
5.019999999999999574e+00 2.255294117647058627e+01
5.029999999999999361e+00 2.271176470588234864e+01
5.040000000000000036e+00 2.287058823529412521e+01
5.049999999999999822e+00 2.302941176470588758e+01
5.060000000000000497e+00 2.318823529411766060e+01
5.070000000000000284e+00 2.334705882352942297e+01
5.080000000000000071e+00 2.350588235294118178e+01
5.089999999999999858e+00 2.366470588235294414e+01
5.099999999999999645e+00 2.382352941176470651e+01
5.109999999999999432e+00 2.398235294117646887e+01
5.120000000000000107e+00 2.414117647058824545e+01
5.129999999999999893e+00 2.430000000000000782e+01
5.140000000000000568e+00 2.445882352941178084e+01
5.150000000000000355e+00 2.461764705882354320e+01
5.160000000000000142e+00 2.477647058823530202e+01
5.169999999999999929e+00 2.493529411764706438e+01
5.179999999999999716e+00 2.509411764705882675e+01
5.189999999999999503e+00 2.525294117647058556e+01
5.200000000000000178e+00 2.541176470588236214e+01
5.209999999999999964e+00 2.557058823529412095e+01
5.220000000000000639e+00 2.572941176470589753e+01
5.230000000000000426e+00 2.588823529411765989e+01
5.240000000000000213e+00 2.604705882352942226e+01
5.250000000000000000e+00 2.620588235294118462e+01
5.259999999999999787e+00 2.636470588235294699e+01
5.269999999999999574e+00 2.652352941176470580e+01
5.279999999999999361e+00 2.668235294117646816e+01
5.290000000000000036e+00 2.684117647058824119e+01
5.299999999999999822e+00 2.700000000000000355e+01
