2.799999999999999822e+00 8.970000000000000195e-02
2.810000000000000053e+00 9.289999999999999647e-02
2.819999999999999840e+00 9.610000000000000486e-02
2.830000000000000071e+00 9.929999999999999938e-02
2.839999999999999858e+00 1.025999999999999968e-01
2.850000000000000089e+00 1.058000000000000052e-01
2.859999999999999876e+00 1.091000000000000025e-01
2.870000000000000107e+00 1.123999999999999999e-01
2.879999999999999893e+00 1.156999999999999973e-01
2.890000000000000124e+00 1.189999999999999947e-01
2.899999999999999911e+00 1.223000000000000059e-01
2.910000000000000142e+00 1.257000000000000062e-01
2.919999999999999929e+00 1.290999999999999925e-01
2.930000000000000160e+00 1.325000000000000067e-01
2.939999999999999947e+00 1.358999999999999930e-01
2.950000000000000178e+00 1.393000000000000071e-01
2.959999999999999964e+00 1.426999999999999935e-01
2.970000000000000195e+00 1.461999999999999966e-01
2.979999999999999982e+00 1.496000000000000107e-01
2.990000000000000213e+00 1.531000000000000139e-01
3.000000000000000000e+00 1.565999999999999892e-01
3.009999999999999787e+00 1.600999999999999923e-01
3.020000000000000018e+00 1.637000000000000122e-01
3.029999999999999805e+00 1.671999999999999875e-01
3.040000000000000036e+00 1.708000000000000074e-01
3.049999999999999822e+00 1.743999999999999995e-01
3.060000000000000053e+00 1.779999999999999916e-01
3.069999999999999840e+00 1.816000000000000114e-01
3.080000000000000071e+00 1.852000000000000035e-01
3.089999999999999858e+00 1.889000000000000123e-01
3.100000000000000089e+00 1.925000000000000044e-01
3.109999999999999876e+00 1.962000000000000133e-01
3.120000000000000107e+00 1.998999999999999944e-01
3.129999999999999893e+00 2.036000000000000032e-01
3.140000000000000124e+00 2.074000000000000010e-01
3.149999999999999911e+00 2.111000000000000099e-01
3.160000000000000142e+00 2.149000000000000077e-01
3.169999999999999929e+00 2.187000000000000055e-01
3.180000000000000160e+00 2.225000000000000033e-01
3.189999999999999947e+00 2.263000000000000012e-01
3.200000000000000178e+00 2.300999999999999990e-01
3.209999999999999964e+00 2.338999999999999968e-01
3.220000000000000195e+00 2.378000000000000114e-01
3.229999999999999982e+00 2.416999999999999982e-01
3.240000000000000213e+00 2.456000000000000127e-01
3.250000000000000000e+00 2.494999999999999996e-01
3.259999999999999787e+00 2.534000000000000141e-01
3.270000000000000018e+00 2.574000000000000177e-01
3.279999999999999805e+00 2.612999999999999767e-01
3.290000000000000036e+00 2.652999999999999803e-01
3.299999999999999822e+00 2.692999999999999838e-01
3.310000000000000053e+00 2.732999999999999874e-01
3.319999999999999840e+00 2.773999999999999799e-01
3.330000000000000071e+00 2.813999999999999835e-01
3.339999999999999858e+00 2.854999999999999760e-01
3.350000000000000089e+00 2.894999999999999796e-01
3.359999999999999876e+00 2.936000000000000276e-01
3.370000000000000107e+00 2.977000000000000202e-01
3.379999999999999893e+00 3.019000000000000017e-01
3.390000000000000124e+00 3.059999999999999942e-01
3.399999999999999911e+00 3.101999999999999758e-01
3.410000000000000142e+00 3.144000000000000128e-01
3.419999999999999929e+00 3.185999999999999943e-01
3.430000000000000160e+00 3.227999999999999758e-01
3.439999999999999947e+00 3.270000000000000129e-01
3.450000000000000178e+00 3.311999999999999944e-01
3.459999999999999964e+00 3.355000000000000204e-01
3.470000000000000195e+00 3.397999999999999909e-01
3.479999999999999982e+00 3.441000000000000170e-01
3.490000000000000213e+00 3.483999999999999875e-01
3.500000000000000000e+00 3.527000000000000135e-01
3.509999999999999787e+00 3.570999999999999730e-01
3.520000000000000018e+00 3.613999999999999990e-01
3.529999999999999805e+00 3.658000000000000140e-01
3.540000000000000036e+00 3.701999999999999735e-01
3.549999999999999822e+00 3.745999999999999885e-01
3.560000000000000053e+00 3.790000000000000036e-01
3.569999999999999840e+00 3.835000000000000075e-01
3.580000000000000071e+00 3.880000000000000115e-01
3.589999999999999858e+00 3.924000000000000266e-01
3.600000000000000089e+00 3.968999999999999750e-01
3.609999999999999876e+00 4.013999999999999790e-01
3.620000000000000107e+00 4.060000000000000275e-01
3.629999999999999893e+00 4.104999999999999760e-01
3.640000000000000124e+00 4.151000000000000245e-01
3.649999999999999911e+00 4.197000000000000175e-01
3.660000000000000142e+00 4.243000000000000105e-01
3.669999999999999929e+00 4.289000000000000035e-01
3.680000000000000160e+00 4.334999999999999964e-01
3.689999999999999947e+00 4.381999999999999784e-01
3.700000000000000178e+00 4.429000000000000159e-01
3.709999999999999964e+00 4.475000000000000089e-01
3.720000000000000195e+00 4.521999999999999909e-01
3.729999999999999982e+00 4.570000000000000173e-01
3.740000000000000213e+00 4.616999999999999993e-01
3.750000000000000000e+00 4.665000000000000258e-01
3.759999999999999787e+00 4.712000000000000077e-01
3.770000000000000018e+00 4.759999999999999787e-01
3.779999999999999805e+00 4.808000000000000052e-01
3.790000000000000036e+00 4.857000000000000206e-01
3.799999999999999822e+00 4.904999999999999916e-01
3.810000000000000053e+00 4.954000000000000070e-01
3.819999999999999840e+00 5.001999999999999780e-01
3.830000000000000071e+00 5.050999999999999934e-01
3.839999999999999858e+00 5.100000000000000089e-01
3.850000000000000089e+00 5.150000000000000133e-01
3.859999999999999876e+00 5.199000000000000288e-01
3.870000000000000107e+00 5.249000000000000332e-01
3.879999999999999893e+00 5.299000000000000377e-01
3.890000000000000124e+00 5.349000000000000421e-01
3.899999999999999911e+00 5.399000000000000465e-01
3.910000000000000142e+00 5.449000000000000510e-01
3.919999999999999929e+00 5.500000000000000444e-01
3.930000000000000160e+00 5.551000000000000378e-01
3.939999999999999947e+00 5.602000000000000313e-01
3.950000000000000178e+00 5.653000000000000247e-01
3.959999999999999964e+00 5.704000000000000181e-01
3.970000000000000195e+00 5.755000000000000115e-01
3.979999999999999982e+00 5.806999999999999940e-01
3.990000000000000213e+00 5.858999999999999764e-01
4.000000000000000000e+00 5.910999999999999588e-01
4.009999999999999787e+00 5.963000000000000522e-01
4.019999999999999574e+00 6.015000000000000346e-01
4.030000000000000249e+00 6.068000000000000060e-01
4.040000000000000036e+00 6.119999999999999885e-01
4.049999999999999822e+00 6.172999999999999599e-01
4.059999999999999609e+00 6.226000000000000423e-01
4.070000000000000284e+00 6.280000000000000027e-01
4.080000000000000071e+00 6.332999999999999741e-01
4.089999999999999858e+00 6.387000000000000455e-01
4.099999999999999645e+00 6.440000000000000169e-01
4.110000000000000320e+00 6.493999999999999773e-01
4.120000000000000107e+00 6.549000000000000377e-01
4.129999999999999893e+00 6.602999999999999980e-01
4.139999999999999680e+00 6.656999999999999584e-01
4.150000000000000355e+00 6.712000000000000188e-01
4.160000000000000142e+00 6.766999999999999682e-01
4.169999999999999929e+00 6.822000000000000286e-01
4.179999999999999716e+00 6.876999999999999780e-01
4.190000000000000391e+00 6.933000000000000274e-01
4.200000000000000178e+00 6.988999999999999657e-01
