# microns      mas
       1.5000000       109.55581
       1.5100000       109.40223
       1.5200000       109.25295
       1.5300000       109.11874
       1.5400000       108.98183
       1.5500000       108.84663
       1.5600000       108.71232
       1.5700000       108.57867
       1.5800000       108.44490
       1.5900000       108.31069
       1.6000000       108.17609
       1.6100000       108.04044
       1.6200000       107.90372
       1.6300000       107.76547
       1.6400000       107.62566
       1.6500000       107.48359
       1.6600000       107.33943
       1.6700000       107.19213
       1.6800000       107.04269
       1.6900000       106.88642
       1.7000000       106.72828
       1.7100000       106.56405
       1.7200000       106.38881
       1.7300000       106.21111
       1.7400000       106.02563
       1.7500000       105.81822
       1.7600000       105.58982
       1.7700000       105.34735
       1.7800000       105.04765
       1.7900000       104.65951
       1.8000000       104.51346
       1.8100000       103.25800
       1.8200000       99.807257
       1.8300000       98.511610
       1.8400000       151.43357
       1.8500000       104.82705
       1.8600000       118.67617
       1.8700000       102.75098
       1.8800000       106.96035
       1.8900000       98.201270
       1.9000000       112.69271
       1.9100000       105.79414
       1.9200000       108.62337
       1.9300000       106.05511
       1.9400000       107.17374
       1.9500000       105.88999
       1.9600000       105.14594
       1.9700000       104.75280
       1.9800000       104.72940
       1.9900000       104.15455
       2.0000000       103.96542
       2.0100000       103.73184
       2.0200000       103.49972
       2.0300000       103.28820
       2.0400000       103.05591
       2.0500000       102.86301
       2.0600000       102.65417
       2.0700000       102.44970
       2.0800000       102.24014
       2.0900000       102.02537
       2.1000000       101.82090
       2.1100000       101.61225
       2.1200000       101.39691
       2.1300000       101.18212
       2.1400000       100.96330
       2.1500000       100.74129
       2.1600000       100.51844
       2.1700000       100.28646
       2.1800000       100.05197
       2.1900000       99.813055
       2.2000000       99.575402
       2.2100000       99.320186
       2.2200000       99.064518
       2.2300000       98.801731
       2.2400000       98.531584
       2.2500000       98.253663
       2.2600000       97.967033
       2.2700000       97.671571
       2.2800000       97.364918
       2.2900000       97.047101
       2.3000000       96.718549
       2.3100000       96.375318
       2.3200000       96.015722
       2.3300000       95.643181
       2.3400000       95.248771
       2.3500000       94.844261
       2.3600000       94.405100
       2.3700000       93.935438
       2.3800000       93.460339
       2.3900000       92.931607
       2.4000000       92.363425
       2.4100000       91.925843
       2.4200000       91.286845
       2.4300000       90.393378
       2.4400000       89.708082
       2.4500000       88.455355
       2.4600000       87.839693
       2.4700000       86.550819
       2.4800000       85.393010
       2.4900000       84.229491
       2.5000000       82.453844
       2.5100000       80.034005
       2.5200000       78.584798
       2.5300000       73.729475
       2.5400000       70.088092
       2.5500000       61.331282
       2.5600000      -5.9923295
       2.5700000       212.95040
       2.5800000       47.037330
       2.5900000       86.827899
       2.6000000       91.459101
       2.6100000       224.08168
       2.6200000      -41.519458
       2.6300000      0.55528937
       2.6400000       99.355520
       2.6500000       75.269791
       2.6600000       102.47398
       2.6700000      -181.40764
       2.6800000       219.35481
       2.6900000       110.07977
       2.7000000       102.80009
       2.7100000       75.269687
       2.7200000      -114.51807
       2.7300000       125.49493
       2.7400000      -62.113062
       2.7500000       110.44575
       2.7600000       120.81012
       2.7700000       95.645167
       2.7800000       122.01806
       2.7900000       135.31070
       2.8000000       111.54683
       2.8100000       126.44748
       2.8200000       120.77474
       2.8300000       117.04233
       2.8400000       119.65081
       2.8500000       127.88214
       2.8600000       125.11311
       2.8700000       110.98088
       2.8800000       111.63220
       2.8900000       111.61702
       2.9000000       107.15255
       2.9100000       109.54702
       2.9200000       107.23319
       2.9300000       108.40921
       2.9400000       106.54874
       2.9500000       106.35890
       2.9600000       105.69153
       2.9700000       104.66283
       2.9800000       104.91704
       2.9900000       103.85598
       3.0000000       103.76475
       3.0100000       103.18273
       3.0200000       102.36385
       3.0300000       101.79954
       3.0400000       101.60634
       3.0500000       101.15257
       3.0600000       101.21011
       3.0700000       97.913073
       3.0800000       99.822750
       3.0900000       101.10026
       3.1000000       99.904689
       3.1100000       99.088360
       3.1200000       99.434764
       3.1300000       99.478259
       3.1400000       100.45128
       3.1500000       98.774659
       3.1600000       98.145057
       3.1700000       97.710180
       3.1800000       97.257217
       3.1900000       96.347413
       3.2000000       97.236794
       3.2100000       98.000079
       3.2200000       96.452684
       3.2300000       89.088357
       3.2400000       96.141095
       3.2500000       96.395546
       3.2600000       93.783536
       3.2700000       95.158361
       3.2800000       94.603849
       3.2900000       94.688837
       3.3000000       96.551957
       3.3100000       94.598258
       3.3200000       95.588278
       3.3300000       94.463518
       3.3400000       93.990683
       3.3500000       93.592152
       3.3600000       93.268513
       3.3700000       93.055248
       3.3800000       92.812813
       3.3900000       92.599415
       3.4000000       92.322028
       3.4100000       92.192883
       3.4200000       91.859185
       3.4300000       91.607126
       3.4400000       91.355789
       3.4500000       91.128009
       3.4600000       90.930556
       3.4700000       90.657392
       3.4800000       90.424324
       3.4900000       90.188970
       3.5000000       89.958371
       3.5100000       89.725546
       3.5200000       89.494936
       3.5300000       89.262370
       3.5400000       89.032764
       3.5500000       88.804120
       3.5600000       88.571381
       3.5700000       88.342475
       3.5800000       88.112242
       3.5900000       87.881876
       3.6000000       87.652710
       3.6100000       87.422738
       3.6200000       87.192390
       3.6300000       86.962541
       3.6400000       86.731802
       3.6500000       86.501076
       3.6600000       86.272247
       3.6700000       86.039053
       3.6800000       85.807551
       3.6900000       85.575670
       3.7000000       85.343394
       3.7100000       85.110626
       3.7200000       84.877712
       3.7300000       84.644156
       3.7400000       84.410117
       3.7500000       84.175566
       3.7600000       83.940490
       3.7700000       83.704808
       3.7800000       83.468558
       3.7900000       83.231786
       3.8000000       82.994217
       3.8100000       82.756094
       3.8200000       82.517322
       3.8300000       82.277831
       3.8400000       82.037606
       3.8500000       81.796662
       3.8600000       81.554938
       3.8700000       81.312447
       3.8800000       81.069159
       3.8900000       80.825065
       3.9000000       80.580139
       3.9100000       80.334376
       3.9200000       80.087714
       3.9300000       79.840016
       3.9400000       79.591723
       3.9500000       79.342359
       3.9600000       79.092013
       3.9700000       78.840844
       3.9800000       78.588501
       3.9900000       78.335277
       4.0000000       78.081104
       4.0100000       77.825790
       4.0200000       77.569457
       4.0300000       77.312210
       4.0400000       77.053804
       4.0500000       76.794759
       4.0600000       76.534119
       4.0700000       76.272466
       4.0800000       76.009832
       4.0900000       75.746223
       4.1000000       75.481579
       4.1100000       75.216116
       4.1200000       74.949648
       4.1300000       74.682451
       4.1400000       74.414531
       4.1500000       74.146202
       4.1600000       73.878109
       4.1700000       73.610458
       4.1800000       73.345315
       4.1900000       73.088044
       4.2000000       72.853778
       4.2100000       72.604769
       4.2200000       72.333466
       4.2300000       70.488124
       4.2400000       71.139769
       4.2500000       70.877507
       4.2600000       70.868545
       4.2700000       70.690913
       4.2800000       70.481798
       4.2900000       70.137506
       4.3000000       69.733808
       4.3100000       69.359770
       4.3200000       69.015595
       4.3300000       68.790577
       4.3400000       68.485347
       4.3500000       68.201948
       4.3600000       67.896842
       4.3700000       67.599330
       4.3800000       67.288063
       4.3900000       66.976474
       4.4000000       66.669338
       4.4100000       66.345707
       4.4200000       66.023362
       4.4300000       65.717793
       4.4400000       65.389124
       4.4500000       65.041002
       4.4600000       64.727903
       4.4700000       64.385296
       4.4800000       64.042947
       4.4900000       63.717869
       4.5000000       63.362589
       4.5100000       63.019266
       4.5200000       62.669773
       4.5300000       62.309958
       4.5400000       61.970499
       4.5500000       61.613413
       4.5600000       61.260481
       4.5700000       60.861183
       4.5800000       60.515417
       4.5900000       60.150051
       4.6000000       59.759701
       4.6100000       59.380268
       4.6200000       58.962826
       4.6300000       58.653721
       4.6400000       58.216210
       4.6500000       57.834924
       4.6600000       57.330770
       4.6700000       56.980489
       4.6800000       56.386401
       4.6900000       56.284255
       4.7000000       55.816813
       4.7100000       55.388678
       4.7200000       54.913976
       4.7300000       54.921068
       4.7400000       54.115898
       4.7500000       53.673746
       4.7600000       53.057647
       4.7700000       52.695926
       4.7800000       51.950584
       4.7900000       51.634574
       4.8000000       51.403705
       4.8100000       50.720216
       4.8200000       49.986739
       4.8300000       49.655761
       4.8400000       46.742496
       4.8500000       49.365608
       4.8600000       48.756004
       4.8700000       48.010475
       4.8800000       47.272019
       4.8900000       46.263981
       4.9000000       49.337686
       4.9100000       46.152766
       4.9200000       45.244660
       4.9300000       44.309494
       4.9400000       43.438691
       4.9500000       41.810866
       4.9600000       48.662119
       4.9700000       43.053411
       4.9800000       41.237298
       4.9900000       40.909237
       5.0000000       39.194652
       5.0100000       37.687727
       5.0200000      -11.477813
       5.0300000       48.508854
       5.0400000       39.799286
       5.0500000       38.154828
       5.0600000       35.846149
       5.0700000       35.110435
       5.0800000       29.192570
       5.0900000       37.587184
       5.1000000       35.980407
       5.1100000       32.490121
       5.1200000       31.879043
       5.1300000       28.115567
       5.1400000       18.600566
       5.1500000       47.315198
       5.1600000       32.249678
       5.1700000       28.654813
       5.1800000       26.326034
       5.1900000       21.745398
       5.2000000       108.73351
       5.2100000       5.6194208
       5.2200000       40.089571
       5.2300000       26.950928
       5.2400000       23.557945
       5.2500000       24.287286
       5.2600000       23.009748
       5.2700000       13.162785
       5.2800000       21.434283
       5.2900000      -6.9381460
       5.3000000       24.845227
       5.3100000       19.941618
       5.3200000       12.939698
       5.3300000       9.0666797
       5.3400000      -2.7824153
       5.3500000       215.50241
       5.3600000       39.225760
       5.3700000       16.949693
       5.3800000       5.7294366
       5.3900000       5.4232258
       5.4000000      -2.9578548
       5.4100000      -28.018831
       5.4200000      -114.77937
       5.4300000       45.880382
       5.4400000       9.4877943
       5.4500000       2.1572729
       5.4600000      -34.410118
       5.4700000       35.631330
       5.4800000       110.09289
       5.4900000       16.748368
       5.5000000       0.0000000
