# microns      mas
       1.5000000       7.4487206
       1.5100000       7.4207382
       1.5200000       7.3934687
       1.5300000       7.3671877
       1.5400000       7.3412227
       1.5500000       7.3157065
       1.5600000       7.2905810
       1.5700000       7.2658105
       1.5800000       7.2413713
       1.5900000       7.2172263
       1.6000000       7.1933576
       1.6100000       7.1697327
       1.6200000       7.1463460
       1.6300000       7.1231523
       1.6400000       7.1001496
       1.6500000       7.0772940
       1.6600000       7.0545836
       1.6700000       7.0319566
       1.6800000       7.0094465
       1.6900000       6.9868416
       1.7000000       6.9643269
       1.7100000       6.9417230
       1.7200000       6.9187898
       1.7300000       6.8958493
       1.7400000       6.8726966
       1.7500000       6.8485974
       1.7600000       6.8235985
       1.7700000       6.7979487
       1.7800000       6.7696139
       1.7900000       6.7368924
       1.8000000       6.7095891
       1.8100000       6.6380590
       1.8200000       6.4404960
       1.8300000       6.3431640
       1.8400000       9.4758709
       1.8500000       6.6775197
       1.8600000       7.5736393
       1.8700000       6.5532168
       1.8800000       6.7742437
       1.8900000       6.2221676
       1.9000000       7.1211470
       1.9100000       6.6878194
       1.9200000       6.8375903
       1.9300000       6.6756824
       1.9400000       6.7090176
       1.9500000       6.6333439
       1.9600000       6.5899782
       1.9700000       6.5597897
       1.9800000       6.5489500
       1.9900000       6.5092476
       2.0000000       6.4898400
       2.0100000       6.4685889
       2.0200000       6.4477298
       2.0300000       6.4277373
       2.0400000       6.4070155
       2.0500000       6.3879666
       2.0600000       6.3685091
       2.0700000       6.3493748
       2.0800000       6.3300471
       2.0900000       6.3105030
       2.1000000       6.2916924
       2.1100000       6.2727193
       2.1200000       6.2534729
       2.1300000       6.2343396
       2.1400000       6.2150620
       2.1500000       6.1957115
       2.1600000       6.1764269
       2.1700000       6.1566667
       2.1800000       6.1368666
       2.1900000       6.1168997
       2.2000000       6.0970720
       2.2100000       6.0763693
       2.2200000       6.0556932
       2.2300000       6.0346838
       2.2400000       6.0133551
       2.2500000       5.9916537
       2.2600000       5.9695351
       2.2700000       5.9469799
       2.2800000       5.9238851
       2.2900000       5.9002588
       2.3000000       5.8759922
       2.3100000       5.8510404
       2.3200000       5.8252619
       2.3300000       5.7987294
       2.3400000       5.7710737
       2.3500000       5.7428360
       2.3600000       5.7127989
       2.3700000       5.6811900
       2.3800000       5.6491175
       2.3900000       5.6141823
       2.4000000       5.5771096
       2.4100000       5.5462458
       2.4200000       5.5044622
       2.4300000       5.4513381
       2.4400000       5.4076505
       2.4500000       5.3345428
       2.4600000       5.2933594
       2.4700000       5.2171909
       2.4800000       5.1462186
       2.4900000       5.0801102
       2.5000000       4.9787586
       2.5100000       4.8390659
       2.5200000       4.7406918
       2.5300000       4.5325000
       2.5400000       4.2651493
       2.5500000       3.8112665
       2.5600000      0.42786875
       2.5700000       11.782224
       2.5800000       2.7420500
       2.5900000       4.8662661
       2.6000000       5.2681640
       2.6100000       13.541701
       2.6200000      -3.0500272
       2.6300000     -0.56573359
       2.6400000       5.9882048
       2.6500000       4.4720215
       2.6600000       6.5535272
       2.6700000      -9.8380339
       2.6800000       13.274704
       2.6900000       6.3865895
       2.7000000       6.0614165
       2.7100000       4.4378709
       2.7200000      -6.8610392
       2.7300000       7.5266796
       2.7400000      -2.9368251
       2.7500000       6.6779004
       2.7600000       7.2498091
       2.7700000       5.9628208
       2.7800000       7.2775714
       2.7900000       7.7148158
       2.8000000       6.6499459
       2.8100000       7.2684312
       2.8200000       6.9949193
       2.8300000       6.7842693
       2.8400000       6.9000548
       2.8500000       7.2711609
       2.8600000       7.1615905
       2.8700000       6.4562714
       2.8800000       6.4782273
       2.8900000       6.4528025
       2.9000000       6.2210924
       2.9100000       6.3334003
       2.9200000       6.2290136
       2.9300000       6.2712574
       2.9400000       6.1794956
       2.9500000       6.1591312
       2.9600000       6.1180421
       2.9700000       6.0549908
       2.9800000       6.0703725
       2.9900000       6.0143432
       3.0000000       5.9996380
       3.0100000       5.9679837
       3.0200000       5.9261180
       3.0300000       5.8910299
       3.0400000       5.8729424
       3.0500000       5.8436778
       3.0600000       5.8462303
       3.0700000       5.6512398
       3.0800000       5.7596844
       3.0900000       5.8377598
       3.1000000       5.7634746
       3.1100000       5.7099002
       3.1200000       5.7335519
       3.1300000       5.7338656
       3.1400000       5.7969754
       3.1500000       5.6908895
       3.1600000       5.6506905
       3.1700000       5.6235131
       3.1800000       5.5945130
       3.1900000       5.5378922
       3.2000000       5.5842076
       3.2100000       5.6321662
       3.2200000       5.5378611
       3.2300000       5.0730820
       3.2400000       5.5168157
       3.2500000       5.5294714
       3.2600000       5.3720010
       3.2700000       5.4572326
       3.2800000       5.4220697
       3.2900000       5.4258957
       3.3000000       5.5266273
       3.3100000       5.4152635
       3.3200000       5.4609891
       3.3300000       5.3999504
       3.3400000       5.3720815
       3.3500000       5.3480025
       3.3600000       5.3286152
       3.3700000       5.3140504
       3.3800000       5.2972519
       3.3900000       5.2824657
       3.4000000       5.2650938
       3.4100000       5.2535801
       3.4200000       5.2342288
       3.4300000       5.2180074
       3.4400000       5.2014158
       3.4500000       5.1863785
       3.4600000       5.1719373
       3.4700000       5.1552874
       3.4800000       5.1398808
       3.4900000       5.1243675
       3.5000000       5.1090054
       3.5100000       5.0936052
       3.5200000       5.0782713
       3.5300000       5.0628654
       3.5400000       5.0476066
       3.5500000       5.0323466
       3.5600000       5.0169176
       3.5700000       5.0016329
       3.5800000       4.9862930
       3.5900000       4.9709230
       3.6000000       4.9555889
       3.6100000       4.9402093
       3.6200000       4.9247944
       3.6300000       4.9093732
       3.6400000       4.8938914
       3.6500000       4.8783918
       3.6600000       4.8629305
       3.6700000       4.8472717
       3.6800000       4.8316368
       3.6900000       4.8159611
       3.7000000       4.8002234
       3.7100000       4.7844322
       3.7200000       4.7685793
       3.7300000       4.7526555
       3.7400000       4.7366649
       3.7500000       4.7205944
       3.7600000       4.7044457
       3.7700000       4.6882086
       3.7800000       4.6718822
       3.7900000       4.6554585
       3.8000000       4.6389250
       3.8100000       4.6222889
       3.8200000       4.6055356
       3.8300000       4.5886527
       3.8400000       4.5716383
       3.8500000       4.5544834
       3.8600000       4.5371819
       3.8700000       4.5197360
       3.8800000       4.5020272
       3.8900000       4.4842355
       3.9000000       4.4662380
       3.9100000       4.4479734
       3.9200000       4.4294783
       3.9300000       4.4107956
       3.9400000       4.3918268
       3.9500000       4.3725337
       3.9600000       4.3529218
       3.9700000       4.3329597
       3.9800000       4.3126020
       3.9900000       4.2918204
       4.0000000       4.2705619
       4.0100000       4.2487769
       4.0200000       4.2263836
       4.0300000       4.2033287
       4.0400000       4.1794936
       4.0500000       4.1548175
       4.0600000       4.1291108
       4.0700000       4.1022197
       4.0800000       4.0739596
       4.0900000       4.0440601
       4.1000000       4.0121863
       4.1100000       3.9778910
       4.1200000       3.9405661
       4.1300000       3.8993952
       4.1400000       3.8531947
       4.1500000       3.8001848
       4.1600000       3.7375616
       4.1700000       3.6604660
       4.1800000       3.5593500
       4.1900000       3.4045075
       4.2000000       3.1000582
       4.2100000       2.7978391
       4.2200000       2.6069514
       4.2300000       13.460133
       4.2400000       7.1114648
       4.2500000       7.0168716
       4.2600000       4.7945237
       4.2700000       3.9187272
       4.2800000       3.3550367
       4.2900000       3.7074568
       4.3000000       4.4484090
       4.3100000       4.8789347
       4.3200000       5.0538967
       4.3300000       4.5403359
       4.3400000       4.4833748
       4.3500000       4.3332099
       4.3600000       4.2692477
       4.3700000       4.1882806
       4.3800000       4.1289645
       4.3900000       4.0783799
       4.4000000       4.0330172
       4.4100000       3.9919171
       4.4200000       3.9541381
       4.4300000       3.9190755
       4.4400000       3.8853439
       4.4500000       3.8528624
       4.4600000       3.8228800
       4.4700000       3.7924155
       4.4800000       3.7645356
       4.4900000       3.7363157
       4.5000000       3.7081960
       4.5100000       3.6814088
       4.5200000       3.6528177
       4.5300000       3.6297547
       4.5400000       3.6038051
       4.5500000       3.5761258
       4.5600000       3.5513494
       4.5700000       3.5247660
       4.5800000       3.4995636
       4.5900000       3.4742790
       4.6000000       3.4482448
       4.6100000       3.4229320
       4.6200000       3.3963448
       4.6300000       3.3729414
       4.6400000       3.3459472
       4.6500000       3.3209726
       4.6600000       3.2912614
       4.6700000       3.2675895
       4.6800000       3.2356138
       4.6900000       3.2195991
       4.7000000       3.1918728
       4.7100000       3.1652895
       4.7200000       3.1370430
       4.7300000       3.1237341
       4.7400000       3.0851856
       4.7500000       3.0586583
       4.7600000       3.0241031
       4.7700000       3.0009488
       4.7800000       2.9623045
       4.7900000       2.9409678
       4.8000000       2.9189598
       4.8100000       2.8831766
       4.8200000       2.8417837
       4.8300000       2.8211947
       4.8400000       2.7019344
       4.8500000       2.7865562
       4.8600000       2.7549076
       4.8700000       2.7148706
       4.8800000       2.6748655
       4.8900000       2.6218168
       4.9000000       2.7342418
       4.9100000       2.5987228
       4.9200000       2.5516571
       4.9300000       2.5024765
       4.9400000       2.4600561
       4.9500000       2.3800220
       4.9600000       2.6560541
       4.9700000       2.4101228
       4.9800000       2.3281745
       4.9900000       2.2986083
       5.0000000       2.2104710
       5.0100000       2.1410996
       5.0200000     -0.11461106
       5.0300000       2.5809428
       5.0400000       2.2045637
       5.0500000       2.1222832
       5.0600000       1.9984670
       5.0700000       1.9676501
       5.0800000       1.6914056
       5.0900000       2.0589888
       5.1000000       1.9781219
       5.1100000       1.8049516
       5.1200000       1.7660863
       5.1300000       1.5887868
       5.1400000       1.0972135
       5.1500000       2.5566742
       5.1600000       1.7695846
       5.1700000       1.5808535
       5.1800000       1.4532397
       5.1900000       1.2241535
       5.2000000       5.3561780
       5.2100000      0.34313225
       5.2200000       2.1300364
       5.2300000       1.4540094
       5.2400000       1.2922416
       5.2500000       1.2816879
       5.2600000       1.2224365
       5.2700000      0.83868091
       5.2800000       1.1402134
       5.2900000     -0.32103872
       5.3000000       1.2885877
       5.3100000       1.0362316
       5.3200000      0.69590254
       5.3300000      0.44685248
       5.3400000     -0.18101182
       5.3500000       11.626035
       5.3600000       2.0665670
       5.3700000      0.88942081
       5.3800000      0.31618618
       5.3900000      0.21667565
       5.4000000     -0.22924005
       5.4100000      -1.5278150
       5.4200000      -6.7017608
       5.4300000       2.3796051
       5.4400000      0.46884312
       5.4500000     0.032659664
       5.4600000      -2.0496375
       5.4700000       2.0094827
       5.4800000       5.6185439
       5.4900000      0.80762346
       5.5000000       0.0000000
