# microns      mas
       1.5000000       10.534703
       1.5100000       10.503984
       1.5200000       10.474039
       1.5300000       10.445571
       1.5400000       10.417269
       1.5500000       10.389435
       1.5600000       10.361987
       1.5700000       10.334886
       1.5800000       10.308083
       1.5900000       10.281532
       1.6000000       10.255220
       1.6100000       10.229094
       1.6200000       10.203147
       1.6300000       10.177324
       1.6400000       10.151622
       1.6500000       10.125976
       1.6600000       10.100391
       1.6700000       10.074774
       1.6800000       10.049194
       1.6900000       10.023282
       1.7000000       9.9973990
       1.7100000       9.9712229
       1.7200000       9.9443517
       1.7300000       9.9174139
       1.7400000       9.8900176
       1.7500000       9.8609845
       1.7600000       9.8303946
       1.7700000       9.7987439
       1.7800000       9.7625823
       1.7900000       9.7192920
       1.8000000       9.6914806
       1.8100000       9.5802823
       1.8200000       9.2789838
       1.8300000       9.1501037
       1.8400000       13.768232
       1.8500000       9.6721833
       1.8600000       10.920011
       1.8700000       9.4826274
       1.8800000       9.8309718
       1.8900000       9.0441191
       1.9000000       10.329120
       1.9100000       9.7095758
       1.9200000       9.9437679
       1.9300000       9.7105462
       1.9400000       9.7852443
       1.9500000       9.6703937
       1.9600000       9.6033979
       1.9700000       9.5622735
       1.9800000       9.5519869
       1.9900000       9.4956374
       2.0000000       9.4716161
       2.0100000       9.4442740
       2.0200000       9.4173412
       2.0300000       9.3919045
       2.0400000       9.3650175
       2.0500000       9.3411908
       2.0600000       9.3163546
       2.0700000       9.2919587
       2.0800000       9.2672136
       2.0900000       9.2421092
       2.1000000       9.2180047
       2.1100000       9.1936182
       2.1200000       9.1687525
       2.1300000       9.1440142
       2.1400000       9.1190095
       2.1500000       9.0938250
       2.1600000       9.0686632
       2.1700000       9.0427729
       2.1800000       9.0167552
       2.1900000       8.9904352
       2.2000000       8.9642919
       2.2100000       8.9367384
       2.2200000       8.9092009
       2.2300000       8.8811185
       2.2400000       8.8524912
       2.2500000       8.8232601
       2.2600000       8.7933507
       2.2700000       8.7627456
       2.2800000       8.7312605
       2.2900000       8.6989088
       2.3000000       8.6656185
       2.3100000       8.6311922
       2.3200000       8.5954463
       2.3300000       8.5585882
       2.3400000       8.5199470
       2.3500000       8.4804573
       2.3600000       8.4381064
       2.3700000       8.3932503
       2.3800000       8.3478742
       2.3900000       8.2979930
       2.4000000       8.2448234
       2.4100000       8.2021686
       2.4200000       8.1424836
       2.4300000       8.0629153
       2.4400000       7.9998093
       2.4500000       7.8896057
       2.4600000       7.8316488
       2.4700000       7.7178111
       2.4800000       7.6138917
       2.4900000       7.5127227
       2.5000000       7.3587509
       2.5100000       7.1482379
       2.5200000       7.0117225
       2.5300000       6.6353117
       2.5400000       6.2832312
       2.5500000       5.5553756
       2.5600000     0.034195975
       2.5700000       18.213798
       2.5800000       4.1705574
       2.5900000       7.5141428
       2.6000000       7.9916002
       2.6100000       19.806535
       2.6200000      -3.8680069
       2.6300000     -0.19386534
       2.6400000       8.8182495
       2.6500000       6.6624305
       2.6600000       9.3023324
       2.6700000      -15.260601
       2.6800000       19.379139
       2.6900000       9.6148949
       2.7000000       9.0298359
       2.7100000       6.6391139
       2.7200000      -9.9741848
       2.7300000       11.085953
       2.7400000      -4.9354786
       2.7500000       9.7952647
       2.7600000       10.679131
       2.7700000       8.5982457
       2.7800000       10.758246
       2.7900000       11.709404
       2.8000000       9.8382536
       2.8100000       10.977045
       2.8200000       10.518424
       2.8300000       10.197068
       2.8400000       10.398679
       2.8500000       11.047946
       2.8600000       10.839164
       2.8700000       9.6833466
       2.8800000       9.7281849
       2.8900000       9.7090120
       2.9000000       9.3389283
       2.9100000       9.5279319
       2.9200000       9.3472611
       2.9300000       9.4322732
       2.9400000       9.2801299
       2.9500000       9.2571526
       2.9600000       9.1966308
       2.9700000       9.1051253
       2.9800000       9.1268327
       2.9900000       9.0373652
       3.0000000       9.0227558
       3.0100000       8.9729704
       3.0200000       8.9048483
       3.0300000       8.8536814
       3.0400000       8.8319137
       3.0500000       8.7897104
       3.0600000       8.7936873
       3.0700000       8.5050302
       3.0800000       8.6684310
       3.0900000       8.7804346
       3.1000000       8.6734484
       3.1100000       8.5984415
       3.1200000       8.6295060
       3.1300000       8.6312009
       3.1400000       8.7183680
       3.1500000       8.5673392
       3.1600000       8.5099829
       3.1700000       8.4704437
       3.1800000       8.4288482
       3.1900000       8.3472000
       3.2000000       8.4198635
       3.2100000       8.4877543
       3.2200000       8.3502299
       3.2300000       7.6903152
       3.2400000       8.3197491
       3.2500000       8.3398736
       3.2600000       8.1092798
       3.2700000       8.2310388
       3.2800000       8.1806442
       3.2900000       8.1868084
       3.3000000       8.3433040
       3.3100000       8.1742687
       3.3200000       8.2527581
       3.3300000       8.1569887
       3.3400000       8.1150840
       3.3500000       8.0792784
       3.3600000       8.0502276
       3.3700000       8.0297919
       3.3800000       8.0062529
       3.3900000       7.9857475
       3.4000000       7.9603279
       3.4100000       7.9459511
       3.4200000       7.9164939
       3.4300000       7.8930650
       3.4400000       7.8693526
       3.4500000       7.8478848
       3.4600000       7.8282202
       3.4700000       7.8035112
       3.4800000       7.7815288
       3.4900000       7.7593489
       3.5000000       7.7375037
       3.5100000       7.7155292
       3.5200000       7.6937011
       3.5300000       7.6717306
       3.5400000       7.6500027
       3.5500000       7.6283129
       3.5600000       7.6063136
       3.5700000       7.5845906
       3.5800000       7.5627673
       3.5900000       7.5409116
       3.6000000       7.5191345
       3.6100000       7.4972861
       3.6200000       7.4753917
       3.6300000       7.4535119
       3.6400000       7.4315435
       3.6500000       7.4095605
       3.6600000       7.3876878
       3.6700000       7.3654670
       3.6800000       7.3433355
       3.6900000       7.3211540
       3.7000000       7.2989026
       3.7100000       7.2765858
       3.7200000       7.2542089
       3.7300000       7.2317451
       3.7400000       7.2092042
       3.7500000       7.1865735
       3.7600000       7.1638536
       3.7700000       7.1410326
       3.7800000       7.1181111
       3.7900000       7.0950841
       3.8000000       7.0719289
       3.8100000       7.0486623
       3.8200000       7.0252669
       3.8300000       7.0017293
       3.8400000       6.9780468
       3.8500000       6.9542125
       3.8600000       6.9302191
       3.8700000       6.9060675
       3.8800000       6.8816500
       3.8900000       6.8571283
       3.9000000       6.8323905
       3.9100000       6.8073838
       3.9200000       6.7821366
       3.9300000       6.7566794
       3.9400000       6.7309459
       3.9500000       6.7048804
       3.9600000       6.6784909
       3.9700000       6.6517558
       3.9800000       6.6246190
       3.9900000       6.5970676
       4.0000000       6.5690504
       4.0100000       6.5405147
       4.0200000       6.5113905
       4.0300000       6.4816339
       4.0400000       6.4511271
       4.0500000       6.4198343
       4.0600000       6.3875459
       4.0700000       6.3541447
       4.0800000       6.3194617
       4.0900000       6.2832505
       4.1000000       6.2452012
       4.1100000       6.2049142
       4.1200000       6.1618195
       4.1300000       6.1151762
       4.1400000       6.0638916
       4.1500000       6.0063214
       4.1600000       5.9398683
       4.1700000       5.8599470
       4.1800000       5.7573965
       4.1900000       5.6007361
       4.2000000       5.2988125
       4.2100000       5.0451363
       4.2200000       4.9104457
       4.2300000       14.567050
       4.2400000       8.7838852
       4.2500000       8.6279345
       4.2600000       6.7683866
       4.2700000       6.0080962
       4.2800000       5.4706750
       4.2900000       5.7546162
       4.3000000       6.3903824
       4.3100000       6.8012384
       4.3200000       7.0050075
       4.3300000       6.5023252
       4.3400000       6.4516585
       4.3500000       6.2939872
       4.3600000       6.2313319
       4.3700000       6.1417701
       4.3800000       6.0756335
       4.3900000       6.0181243
       4.4000000       5.9653766
       4.4100000       5.9163845
       4.4200000       5.8707116
       4.4300000       5.8281858
       4.4400000       5.7860304
       4.4500000       5.7443331
       4.4600000       5.7063551
       4.4700000       5.6667795
       4.4800000       5.6295332
       4.4900000       5.5927754
       4.5000000       5.5549077
       4.5100000       5.5187484
       4.5200000       5.4808001
       4.5300000       5.4472763
       4.5400000       5.4121384
       4.5500000       5.3747058
       4.5600000       5.3401440
       4.5700000       5.3020824
       4.5800000       5.2674373
       4.5900000       5.2319207
       4.6000000       5.1947798
       4.6100000       5.1587006
       4.6200000       5.1200039
       4.6300000       5.0885867
       4.6400000       5.0487489
       4.6500000       5.0129961
       4.6600000       4.9681537
       4.6700000       4.9348428
       4.6800000       4.8843150
       4.6900000       4.8679839
       4.7000000       4.8264578
       4.7100000       4.7874788
       4.7200000       4.7452327
       4.7300000       4.7359506
       4.7400000       4.6711285
       4.7500000       4.6316533
       4.7600000       4.5784082
       4.7700000       4.5451713
       4.7800000       4.4829905
       4.7900000       4.4533361
       4.8000000       4.4269171
       4.8100000       4.3697466
       4.8200000       4.3062765
       4.8300000       4.2763414
       4.8400000       4.0554701
       4.8500000       4.2387410
       4.8600000       4.1879997
       4.8700000       4.1250036
       4.8800000       4.0622777
       4.8900000       3.9778418
       4.9000000       4.2020411
       4.9100000       3.9569186
       4.9200000       3.8813487
       4.9300000       3.8031311
       4.9400000       3.7325036
       4.9500000       3.5998187
       4.9600000       4.1175724
       4.9700000       3.6805057
       4.9800000       3.5376767
       4.9900000       3.5019470
       5.0000000       3.3599127
       5.0100000       3.2402267
       5.0200000     -0.66002491
       5.0300000       4.0608460
       5.0400000       3.3859078
       5.0500000       3.2511348
       5.0600000       3.0569007
       5.0700000       3.0001458
       5.0800000       2.5278572
       5.0900000       3.1823490
       5.1000000       3.0504826
       5.1100000       2.7652565
       5.1200000       2.7099051
       5.1300000       2.4097207
       5.1400000       1.6191888
       5.1500000       3.9903603
       5.1600000       2.7324005
       5.1700000       2.4307713
       5.1800000       2.2327757
       5.1900000       1.8575603
       5.2000000       8.8495330
       5.2100000      0.48904253
       5.2200000       3.3536911
       5.2300000       2.2649961
       5.2400000       1.9923562
       5.2500000       2.0234463
       5.2600000       1.9202673
       5.2700000       1.1980633
       5.2800000       1.7903509
       5.2900000     -0.56122419
       5.3000000       2.0563263
       5.3100000       1.6498775
       5.3200000       1.0864058
       5.3300000      0.73125352
       5.3400000     -0.25985204
       5.3500000       18.167186
       5.3600000       3.2700796
       5.3700000       1.4088761
       5.3800000      0.48191051
       5.3900000      0.40377576
       5.4000000     -0.29771135
       5.4100000      -2.3786074
       5.4200000      -9.9891905
       5.4300000       3.7933426
       5.4400000      0.76472754
       5.4500000      0.12517325
       5.4600000      -3.0258310
       5.4700000       3.0461414
       5.4800000       9.0753115
       5.4900000       1.3469131
       5.5000000       0.0000000
