# microns      mas
       1.5000000       37.270566
       1.5100000       37.203777
       1.5200000       37.139163
       1.5300000       37.078736
       1.5400000       37.018232
       1.5500000       36.958575
       1.5600000       36.899492
       1.5700000       36.840856
       1.5800000       36.782460
       1.5900000       36.724177
       1.6000000       36.666003
       1.6100000       36.607724
       1.6200000       36.549329
       1.6300000       36.490648
       1.6400000       36.431678
       1.6500000       36.372177
       1.6600000       36.312189
       1.6700000       36.251373
       1.6800000       36.189984
       1.6900000       36.126730
       1.7000000       36.062836
       1.7100000       35.997195
       1.7200000       35.928383
       1.7300000       35.858484
       1.7400000       35.786224
       1.7500000       35.707209
       1.7600000       35.621761
       1.7700000       35.531502
       1.7800000       35.424011
       1.7900000       35.289272
       1.8000000       35.194573
       1.8100000       34.818251
       1.8200000       33.699517
       1.8300000       33.197353
       1.8400000       51.510418
       1.8500000       35.276778
       1.8600000       40.445021
       1.8700000       34.629901
       1.8800000       35.991936
       1.8900000       32.851765
       1.9000000       38.079863
       1.9100000       35.620133
       1.9200000       36.552091
       1.9300000       35.654459
       1.9400000       35.920548
       1.9500000       35.513656
       1.9600000       35.294966
       1.9700000       35.160190
       1.9800000       35.141138
       1.9900000       34.948640
       2.0000000       34.877809
       2.0100000       34.793838
       2.0200000       34.710273
       2.0300000       34.633513
       2.0400000       34.551238
       2.0500000       34.478833
       2.0600000       34.402829
       2.0700000       34.328466
       2.0800000       34.252415
       2.0900000       34.174549
       2.1000000       34.100460
       2.1100000       34.024913
       2.1200000       33.947247
       2.1300000       33.869774
       2.1400000       33.790984
       2.1500000       33.711277
       2.1600000       33.631467
       2.1700000       33.548467
       2.1800000       33.464768
       2.1900000       33.379659
       2.2000000       33.294955
       2.2100000       33.204628
       2.2200000       33.114121
       2.2300000       33.021255
       2.2400000       32.926056
       2.2500000       32.828307
       2.2600000       32.727728
       2.2700000       32.624199
       2.2800000       32.517125
       2.2900000       32.406408
       2.3000000       32.291935
       2.3100000       32.172809
       2.3200000       32.048474
       2.3300000       31.919527
       2.3400000       31.783525
       2.3500000       31.643928
       2.3600000       31.493232
       2.3700000       31.333078
       2.3800000       31.169842
       2.3900000       30.989453
       2.4000000       30.796169
       2.4100000       30.640655
       2.4200000       30.419942
       2.4300000       30.128850
       2.4400000       29.895881
       2.4500000       29.486201
       2.4600000       29.269312
       2.4700000       28.842559
       2.4800000       28.448849
       2.4900000       28.077699
       2.5000000       27.499790
       2.5100000       26.697877
       2.5200000       26.152386
       2.5300000       24.867986
       2.5400000       23.379600
       2.5500000       20.673637
       2.5600000      0.26467962
       2.5700000       68.403410
       2.5800000       14.742437
       2.5900000       27.435301
       2.6000000       29.643537
       2.6100000       77.381654
       2.6200000      -18.267835
       2.6300000      -3.7402669
       2.6400000       33.595010
       2.6500000       24.881894
       2.6600000       36.460752
       2.6700000      -59.649064
       2.6800000       75.971452
       2.6900000       36.254349
       2.7000000       34.301727
       2.7100000       24.723359
       2.7200000      -41.068233
       2.7300000       42.674522
       2.7400000      -19.119400
       2.7500000       37.721802
       2.7600000       41.106730
       2.7700000       33.406978
       2.7800000       41.330896
       2.7900000       44.287525
       2.8000000       37.721699
       2.8100000       41.626121
       2.8200000       39.976728
       2.8300000       38.749685
       2.8400000       39.477464
       2.8500000       41.790393
       2.8600000       41.105629
       2.8700000       36.855794
       2.8800000       37.012226
       2.8900000       36.898264
       2.9000000       35.524098
       2.9100000       36.220825
       2.9200000       35.592934
       2.9300000       35.880809
       2.9400000       35.336380
       2.9500000       35.238923
       2.9600000       35.010979
       2.9700000       34.657744
       2.9800000       34.758213
       2.9900000       34.434238
       3.0000000       34.368922
       3.0100000       34.192122
       3.0200000       33.951409
       3.0300000       33.758794
       3.0400000       33.670831
       3.0500000       33.512158
       3.0600000       33.538710
       3.0700000       32.411045
       3.0800000       33.059164
       3.0900000       33.520902
       3.1000000       33.102197
       3.1100000       32.805947
       3.1200000       32.949079
       3.1300000       32.963090
       3.1400000       33.333436
       3.1500000       32.732568
       3.1600000       32.511190
       3.1700000       32.363776
       3.1800000       32.206479
       3.1900000       31.889183
       3.2000000       32.174648
       3.2100000       32.461423
       3.2200000       31.923873
       3.2300000       29.259289
       3.2400000       31.825425
       3.2500000       31.911217
       3.2600000       31.007880
       3.2700000       31.505218
       3.2800000       31.308577
       3.2900000       31.340895
       3.3000000       31.948950
       3.3100000       31.304222
       3.3200000       31.589989
       3.3300000       31.237800
       3.3400000       31.084193
       3.3500000       30.952814
       3.3600000       30.848424
       3.3700000       30.774013
       3.3800000       30.690864
       3.3900000       30.613021
       3.4000000       30.520995
       3.4100000       30.466376
       3.4200000       30.361708
       3.4300000       30.276925
       3.4400000       30.191161
       3.4500000       30.113585
       3.4600000       30.040774
       3.4700000       29.952995
       3.4800000       29.873483
       3.4900000       29.793404
       3.5000000       29.714404
       3.5100000       29.634998
       3.5200000       29.556111
       3.5300000       29.476777
       3.5400000       29.398291
       3.5500000       29.319999
       3.5600000       29.240604
       3.5700000       29.162253
       3.5800000       29.083537
       3.5900000       29.004747
       3.6000000       28.926278
       3.6100000       28.847565
       3.6200000       28.768744
       3.6300000       28.690008
       3.6400000       28.611014
       3.6500000       28.531990
       3.6600000       28.453397
       3.6700000       28.373655
       3.6800000       28.294287
       3.6900000       28.214775
       3.7000000       28.135099
       3.7100000       28.055243
       3.7200000       27.975270
       3.7300000       27.895067
       3.7400000       27.814671
       3.7500000       27.734060
       3.7600000       27.653231
       3.7700000       27.572162
       3.7800000       27.490853
       3.7900000       27.409305
       3.8000000       27.327456
       3.8100000       27.245352
       3.8200000       27.162964
       3.8300000       27.080264
       3.8400000       26.997250
       3.8500000       26.913911
       3.8600000       26.830232
       3.8700000       26.746211
       3.8800000       26.661749
       3.8900000       26.576987
       3.9000000       26.491818
       3.9100000       26.406187
       3.9200000       26.320117
       3.9300000       26.233615
       3.9400000       26.146665
       3.9500000       26.059166
       3.9600000       25.971130
       3.9700000       25.882557
       3.9800000       25.793352
       3.9900000       25.703535
       4.0000000       25.613048
       4.0100000       25.521829
       4.0200000       25.429819
       4.0300000       25.336993
       4.0400000       25.243217
       4.0500000       25.148512
       4.0600000       25.052609
       4.0700000       24.955423
       4.0800000       24.856841
       4.0900000       24.756644
       4.1000000       24.654549
       4.1100000       24.550234
       4.1200000       24.443182
       4.1300000       24.332783
       4.1400000       24.218092
       4.1500000       24.097735
       4.1600000       23.969569
       4.1700000       23.829707
       4.1800000       23.670747
       4.1900000       23.468555
       4.2000000       23.147907
       4.2100000       22.841300
       4.2200000       22.625771
       4.2300000       30.849661
       4.2400000       25.872003
       4.2500000       25.696754
       4.2600000       23.949495
       4.2700000       23.203146
       4.2800000       22.678931
       4.2900000       22.856764
       4.3000000       23.333551
       4.3100000       23.587133
       4.3200000       23.650383
       4.3300000       23.158595
       4.3400000       23.028946
       4.3500000       22.821214
       4.3600000       22.683529
       4.3700000       22.529697
       4.3800000       22.391945
       4.3900000       22.261046
       4.4000000       22.134529
       4.4100000       22.008649
       4.4200000       21.885450
       4.4300000       21.766682
       4.4400000       21.645199
       4.4500000       21.521183
       4.4600000       21.404629
       4.4700000       21.282394
       4.4800000       21.161976
       4.4900000       21.043684
       4.5000000       20.920355
       4.5100000       20.799660
       4.5200000       20.676500
       4.5300000       20.555106
       4.5400000       20.434405
       4.5500000       20.309607
       4.5600000       20.187149
       4.5700000       20.054926
       4.5800000       19.932382
       4.5900000       19.806580
       4.6000000       19.674828
       4.6100000       19.546226
       4.6200000       19.408493
       4.6300000       19.291653
       4.6400000       19.149504
       4.6500000       19.019355
       4.6600000       18.858832
       4.6700000       18.736133
       4.6800000       18.558439
       4.6900000       18.486174
       4.7000000       18.334003
       4.7100000       18.191800
       4.7200000       18.037321
       4.7300000       17.982680
       4.7400000       17.758625
       4.7500000       17.613382
       4.7600000       17.418565
       4.7700000       17.294168
       4.7800000       17.071333
       4.7900000       16.958268
       4.8000000       16.845623
       4.8100000       16.640928
       4.8200000       16.401949
       4.8300000       16.290738
       4.8400000       15.548716
       4.8500000       16.121017
       4.8600000       15.938278
       4.8700000       15.706255
       4.8800000       15.476498
       4.8900000       15.165244
       4.9000000       15.900830
       4.9100000       15.060217
       4.9200000       14.784389
       4.9300000       14.496577
       4.9400000       14.245251
       4.9500000       13.765529
       4.9600000       15.522000
       4.9700000       13.998644
       4.9800000       13.498812
       4.9900000       13.341357
       5.0000000       12.817142
       5.0100000       12.395770
       5.0200000      -1.4994864
       5.0300000       15.190787
       5.0400000       12.848099
       5.0500000       12.355914
       5.0600000       11.623554
       5.0700000       11.434166
       5.0800000       9.7438830
       5.0900000       12.037648
       5.1000000       11.554489
       5.1100000       10.510011
       5.1200000       10.290249
       5.1300000       9.2120339
       5.1400000       6.2610889
       5.1500000       15.072326
       5.1600000       10.353148
       5.1700000       9.2244054
       5.1800000       8.4705195
       5.1900000       7.0897381
       5.2000000       32.368504
       5.2100000       1.8641504
       5.2200000       12.597217
       5.2300000       8.5360347
       5.2400000       7.5527364
       5.2500000       7.5552829
       5.2600000       7.1914627
       5.2700000       4.7745296
       5.2800000       6.7098074
       5.2900000      -2.0707229
       5.3000000       7.6445476
       5.3100000       6.1306652
       5.3200000       4.0734075
       5.3300000       2.6343919
       5.3400000      -1.1092924
       5.3500000       69.120151
       5.3600000       12.292998
       5.3700000       5.2670795
       5.3800000       1.8193261
       5.3900000       1.3281946
       5.4000000      -1.3258106
       5.4100000      -9.1154466
       5.4200000      -39.277249
       5.4300000       14.211019
       5.4400000       2.8003525
       5.4500000      0.26679663
       5.4600000      -11.987466
       5.4700000       11.810835
       5.4800000       33.790322
       5.4900000       4.9031541
       5.5000000       0.0000000
