# microns      mas
       1.5000000       14.263091
       1.5100000       14.228135
       1.5200000       14.194064
       1.5300000       14.162014
       1.5400000       14.129997
       1.5500000       14.098487
       1.5600000       14.067375
       1.5700000       14.036616
       1.5800000       14.006132
       1.5900000       13.975867
       1.6000000       13.945810
       1.6100000       13.915887
       1.6200000       13.886089
       1.6300000       13.856346
       1.6400000       13.826655
       1.6500000       13.796926
       1.6600000       13.767171
       1.6700000       13.737261
       1.6800000       13.707302
       1.6900000       13.676752
       1.7000000       13.646163
       1.7100000       13.615052
       1.7200000       13.582841
       1.7300000       13.550482
       1.7400000       13.517382
       1.7500000       13.481860
       1.7600000       13.444028
       1.7700000       13.404648
       1.7800000       13.358702
       1.7900000       13.302478
       1.8000000       13.271655
       1.8100000       13.115687
       1.8200000       12.694067
       1.8300000       12.523343
       1.8400000       18.946520
       1.8500000       13.265411
       1.8600000       14.971274
       1.8700000       13.002790
       1.8800000       13.498585
       1.8900000       12.417485
       1.9000000       14.188675
       1.9100000       13.336909
       1.9200000       13.669640
       1.9300000       13.349404
       1.9400000       13.467122
       1.9500000       13.307270
       1.9600000       13.213638
       1.9700000       13.159268
       1.9800000       13.148819
       1.9900000       13.072822
       2.0000000       13.042770
       2.0100000       13.007784
       2.0200000       12.973248
       2.0300000       12.940936
       2.0400000       12.906395
       2.0500000       12.876398
       2.0600000       12.844769
       2.0700000       12.813725
       2.0800000       12.782152
       2.0900000       12.750041
       2.1000000       12.719269
       2.1100000       12.688071
       2.1200000       12.656155
       2.1300000       12.624383
       2.1400000       12.592202
       2.1500000       12.559723
       2.1600000       12.527229
       2.1700000       12.493693
       2.1800000       12.459936
       2.1900000       12.425719
       2.2000000       12.391721
       2.2100000       12.355694
       2.2200000       12.319667
       2.2300000       12.282846
       2.2400000       12.245219
       2.2500000       12.206716
       2.2600000       12.167228
       2.2700000       12.126738
       2.2800000       12.084972
       2.2900000       12.041947
       2.3000000       11.997620
       2.3100000       11.951636
       2.3200000       11.903756
       2.3300000       11.854326
       2.3400000       11.802346
       2.3500000       11.749175
       2.3600000       11.691924
       2.3700000       11.631087
       2.3800000       11.569586
       2.3900000       11.501697
       2.4000000       11.429143
       2.4100000       11.371843
       2.4200000       11.290468
       2.4300000       11.179852
       2.4400000       11.093332
       2.4500000       10.939604
       2.4600000       10.860914
       2.4700000       10.702494
       2.4800000       10.558933
       2.4900000       10.416987
       2.5000000       10.201169
       2.5100000       9.9068748
       2.5200000       9.7226946
       2.5300000       9.1656177
       2.5400000       8.6981941
       2.5500000       7.6593188
       2.5600000     -0.26879940
       2.5700000       25.671370
       2.5800000       5.8252985
       2.5900000       10.567538
       2.6000000       11.179658
       2.6100000       27.446184
       2.6200000      -5.1414286
       2.6300000    -0.031063418
       2.6400000       12.228977
       2.6500000       9.2664607
       2.6600000       12.750675
       2.6700000      -21.575186
       2.6800000       26.850397
       2.6900000       13.432275
       2.7000000       12.577513
       2.7100000       9.2491982
       2.7200000      -13.831391
       2.7300000       15.387385
       2.7400000      -7.1525519
       2.7500000       13.574081
       2.7600000       14.819094
       2.7700000       11.841427
       2.7800000       14.946791
       2.7900000       16.414633
       2.8000000       13.669433
       2.8100000       15.364633
       2.8200000       14.700603
       2.8300000       14.249552
       2.8400000       14.546856
       2.8500000       15.497559
       2.8600000       15.183937
       2.8700000       13.521652
       2.8800000       13.591372
       2.8900000       13.575829
       2.9000000       13.047078
       2.9100000       13.322761
       2.9200000       13.056767
       2.9300000       13.186524
       2.9400000       12.967189
       2.9500000       12.939028
       2.9600000       12.855679
       2.9700000       12.729081
       2.9800000       12.759057
       2.9900000       12.631801
       3.0000000       12.615439
       3.0100000       12.544930
       3.0200000       12.447316
       3.0300000       12.376864
       3.0400000       12.349382
       3.0500000       12.291818
       3.0600000       12.297576
       3.0700000       11.896035
       3.0800000       12.125116
       3.0900000       12.279986
       3.1000000       12.132488
       3.1100000       12.030237
       3.1200000       12.072276
       3.1300000       12.075554
       3.1400000       12.194665
       3.1500000       11.987317
       3.1600000       11.908688
       3.1700000       11.854260
       3.1800000       11.797298
       3.1900000       11.684781
       3.2000000       11.788682
       3.2100000       11.881797
       3.2200000       11.691643
       3.2300000       10.785140
       3.2400000       11.650319
       3.2500000       11.679271
       3.2600000       11.359668
       3.2700000       11.527501
       3.2800000       11.458406
       3.2900000       11.467408
       3.3000000       11.688913
       3.3100000       11.452109
       3.3200000       11.566571
       3.3300000       11.431087
       3.3400000       11.372730
       3.3500000       11.323135
       3.3600000       11.282807
       3.3700000       11.255175
       3.3800000       11.223422
       3.3900000       11.195825
       3.4000000       11.160846
       3.4100000       11.142496
       3.4200000       11.101301
       3.4300000       11.069237
       3.4400000       11.036961
       3.4500000       11.007732
       3.4600000       10.981557
       3.4700000       10.947332
       3.4800000       10.917413
       3.4900000       10.887207
       3.5000000       10.857523
       3.5100000       10.827618
       3.5200000       10.797945
       3.5300000       10.768055
       3.5400000       10.738514
       3.5500000       10.709051
       3.5600000       10.679126
       3.5700000       10.649620
       3.5800000       10.619965
       3.5900000       10.590274
       3.6000000       10.560706
       3.6100000       10.531039
       3.6200000       10.501313
       3.6300000       10.471622
       3.6400000       10.441811
       3.6500000       10.411987
       3.6600000       10.382348
       3.6700000       10.352199
       3.6800000       10.322205
       3.6900000       10.292150
       3.7000000       10.262013
       3.7100000       10.231795
       3.7200000       10.201516
       3.7300000       10.171129
       3.7400000       10.140651
       3.7500000       10.110068
       3.7600000       10.079380
       3.7700000       10.048573
       3.7800000       10.017650
       3.7900000       9.9866072
       3.8000000       9.9554116
       3.8100000       9.9240898
       3.8200000       9.8926215
       3.8300000       9.8609911
       3.8400000       9.8291952
       3.8500000       9.7972286
       3.8600000       9.7650817
       3.8700000       9.7327558
       3.8800000       9.7001487
       3.8900000       9.6674112
       3.9000000       9.6344375
       3.9100000       9.6011794
       3.9200000       9.5676593
       3.9300000       9.5338995
       3.9400000       9.4998588
       3.9500000       9.4654632
       3.9600000       9.4307242
       3.9700000       9.3956288
       3.9800000       9.3601087
       3.9900000       9.3241650
       4.0000000       9.2877465
       4.0100000       9.2507954
       4.0200000       9.2132516
       4.0300000       9.1750781
       4.0400000       9.1361541
       4.0500000       9.0964685
       4.0600000       9.0557819
       4.0700000       9.0140110
       4.0800000       8.9709974
       4.0900000       8.9265097
       4.1000000       8.8802538
       4.1100000       8.8318635
       4.1200000       8.7807927
       4.1300000       8.7263552
       4.1400000       8.6675206
       4.1500000       8.6027469
       4.1600000       8.5296020
       4.1700000       8.4437349
       4.1800000       8.3364514
       4.1900000       8.1768019
       4.2000000       7.8790335
       4.2100000       7.6411933
       4.2200000       7.5183393
       4.2300000       16.451791
       4.2400000       11.048115
       4.2500000       10.875343
       4.2600000       9.1789658
       4.2700000       8.4709937
       4.2800000       7.9535982
       4.2900000       8.1989580
       4.3000000       8.7708484
       4.3100000       9.1501873
       4.3200000       9.3450302
       4.3300000       8.8564994
       4.3400000       8.8004700
       4.3500000       8.6375637
       4.3600000       8.5688467
       4.3700000       8.4709913
       4.3800000       8.3960191
       4.3900000       8.3293680
       4.4000000       8.2672912
       4.4100000       8.2082209
       4.4200000       8.1524203
       4.4300000       8.1003121
       4.4400000       8.0475667
       4.4500000       7.9944314
       4.4600000       7.9463475
       4.4700000       7.8954839
       4.4800000       7.8468138
       4.4900000       7.7994060
       4.5000000       7.7496311
       4.5100000       7.7019997
       4.5200000       7.6524459
       4.5300000       7.6065552
       4.5400000       7.5601108
       4.5500000       7.5107290
       4.5600000       7.4642551
       4.5700000       7.4124735
       4.5800000       7.3662638
       4.5900000       7.3183641
       4.6000000       7.2678882
       4.6100000       7.2188609
       4.6200000       7.1657648
       4.6300000       7.1242638
       4.6400000       7.0692397
       4.6500000       7.0204925
       4.6600000       6.9580035
       4.6700000       6.9128784
       4.6800000       6.8411033
       4.6900000       6.8227557
       4.7000000       6.7649774
       4.7100000       6.7112426
       4.7200000       6.6524958
       4.7300000       6.6456724
       4.7400000       6.5513829
       4.7500000       6.4965882
       4.7600000       6.4216827
       4.7700000       6.3761352
       4.7800000       6.2872468
       4.7900000       6.2470185
       4.8000000       6.2140065
       4.8100000       6.1323706
       4.8200000       6.0433383
       4.8300000       6.0020375
       4.8400000       5.6717100
       4.8500000       5.9572772
       4.8600000       5.8847097
       4.8700000       5.7953313
       4.8800000       5.7064769
       4.8900000       5.5862571
       4.9000000       5.9278771
       4.9100000       5.5641659
       4.9200000       5.4561890
       4.9300000       5.3447447
       4.9400000       5.2425423
       4.9500000       5.0511607
       4.9600000       5.8261748
       4.9700000       5.1818378
       4.9800000       4.9721825
       4.9900000       4.9269677
       5.0000000       4.7238338
       5.0100000       4.5489466
       5.0200000      -1.1479957
       5.0300000       5.7751182
       5.0400000       4.7774214
       5.0500000       4.5836403
       5.0600000       4.3081417
       5.0700000       4.2238195
       5.0800000       3.5359889
       5.0900000       4.5002978
       5.1000000       4.3108655
       5.1100000       3.9003400
       5.1200000       3.8244956
       5.1300000       3.3874323
       5.1400000       2.2592170
       5.1500000       5.6532222
       5.1600000       3.8623768
       5.1700000       3.4336249
       5.1800000       3.1542182
       5.1900000       2.6149447
       5.2000000       12.759318
       5.2100000      0.68278068
       5.2200000       4.7691663
       5.2300000       3.2136784
       5.2400000       2.8180221
       5.2500000       2.8836283
       5.2600000       2.7338387
       5.2700000       1.6387811
       5.2800000       2.5478532
       5.2900000     -0.81133439
       5.3000000       2.9396595
       5.3100000       2.3589407
       5.3200000       1.5428317
       5.3300000       1.0591873
       5.3400000     -0.34969357
       5.3500000       25.726399
       5.3600000       4.6566282
       5.3700000       2.0095240
       5.3800000      0.68311021
       5.3900000      0.60932917
       5.4000000     -0.38740166
       5.4100000      -3.3570609
       5.4200000      -13.921149
       5.4300000       5.4214561
       5.4400000       1.1064296
       5.4500000      0.21690053
       5.4600000      -4.1967372
       5.4700000       4.2809084
       5.4800000       12.995302
       5.4900000       1.9521871
       5.5000000       0.0000000
