# microns      mas
       1.5000000       56.815853
       1.5100000       56.726679
       1.5200000       56.640276
       1.5300000       56.560907
       1.5400000       56.480770
       1.5500000       56.401689
       1.5600000       56.323248
       1.5700000       56.245286
       1.5800000       56.167448
       1.5900000       56.089552
       1.6000000       56.011610
       1.6100000       55.933286
       1.6200000       55.854567
       1.6300000       55.775202
       1.6400000       55.695189
       1.6500000       55.614154
       1.6600000       55.532180
       1.6700000       55.448731
       1.6800000       55.364263
       1.6900000       55.276574
       1.7000000       55.187881
       1.7100000       55.096252
       1.7200000       54.999323
       1.7300000       54.900883
       1.7400000       54.798608
       1.7500000       54.685448
       1.7600000       54.561917
       1.7700000       54.431006
       1.7800000       54.272033
       1.7900000       54.069310
       1.8000000       53.958542
       1.8100000       53.346396
       1.8200000       51.592420
       1.8300000       50.872363
       1.8400000       78.641459
       1.8500000       54.110028
       1.8600000       61.649994
       1.8700000       53.073383
       1.8800000       55.213344
       1.8900000       50.539444
       1.9000000       58.299389
       1.9100000       54.628127
       1.9200000       56.079996
       1.9300000       54.725899
       1.9400000       55.219159
       1.9500000       54.574584
       1.9600000       54.215960
       1.9700000       54.011593
       1.9800000       53.992041
       1.9900000       53.695678
       2.0000000       53.593297
       2.0100000       53.469198
       2.0200000       53.345703
       2.0300000       53.232802
       2.0400000       53.110318
       2.0500000       53.005473
       2.0600000       52.893785
       2.0700000       52.784497
       2.0800000       52.672562
       2.0900000       52.557885
       2.1000000       52.448768
       2.1100000       52.337432
       2.1200000       52.222730
       2.1300000       52.108312
       2.1400000       51.991829
       2.1500000       51.873808
       2.1600000       51.755475
       2.1700000       51.632328
       2.1800000       51.507984
       2.1900000       51.381405
       2.2000000       51.255458
       2.2100000       51.120632
       2.2200000       50.985550
       2.2300000       50.846799
       2.2400000       50.704347
       2.2500000       50.557916
       2.2600000       50.407054
       2.2700000       50.251627
       2.2800000       50.090584
       2.2900000       49.923842
       2.3000000       49.751426
       2.3100000       49.571632
       2.3200000       49.383609
       2.3300000       49.188673
       2.3400000       48.982639
       2.3500000       48.771266
       2.3600000       48.542343
       2.3700000       48.298309
       2.3800000       48.050482
       2.3900000       47.775531
       2.4000000       47.480528
       2.4100000       47.248379
       2.4200000       46.913755
       2.4300000       46.459518
       2.4400000       46.103827
       2.4500000       45.465214
       2.4600000       45.139928
       2.4700000       44.479019
       2.4800000       43.877404
       2.4900000       43.292068
       2.5000000       42.389608
       2.5100000       41.147594
       2.5200000       40.349487
       2.5300000       38.111412
       2.5400000       36.019179
       2.5500000       31.671497
       2.5600000      -1.4443284
       2.5700000       107.68418
       2.5800000       23.421457
       2.5900000       43.508791
       2.6000000       46.394531
       2.6100000       117.32420
       2.6200000      -24.742371
       2.6300000      -2.6705938
       2.6400000       51.438713
       2.6500000       38.523211
       2.6600000       54.394175
       2.6700000      -93.004972
       2.6800000       114.98902
       2.6900000       56.283275
       2.7000000       52.876053
       2.7100000       38.393958
       2.7200000      -61.274016
       2.7300000       65.176062
       2.7400000      -30.947416
       2.7500000       57.481265
       2.7600000       62.777823
       2.7700000       50.341845
       2.7800000       63.268328
       2.7900000       68.984300
       2.8000000       57.793965
       2.8100000       64.635880
       2.8200000       61.902660
       2.8300000       59.992486
       2.8400000       61.219443
       2.8500000       65.132700
       2.8600000       63.895529
       2.8700000       56.974413
       2.8800000       57.258992
       2.8900000       57.158946
       2.9000000       54.952632
       2.9100000       56.101672
       2.9200000       55.031841
       2.9300000       55.556344
       2.9400000       54.657468
       2.9500000       54.533588
       2.9600000       54.184262
       2.9700000       53.648873
       2.9800000       53.792815
       2.9900000       53.269315
       3.0000000       53.194913
       3.0100000       52.909449
       3.0200000       52.513778
       3.0300000       52.219736
       3.0400000       52.102054
       3.0500000       51.861615
       3.0600000       51.898224
       3.0700000       50.178479
       3.0800000       51.171702
       3.0900000       51.856384
       3.1000000       51.226678
       3.1100000       50.788823
       3.1200000       50.987474
       3.1300000       51.009796
       3.1400000       51.545028
       3.1500000       50.650573
       3.1600000       50.318287
       3.1700000       50.092870
       3.1800000       49.855064
       3.1900000       49.376809
       3.2000000       49.824797
       3.2100000       50.244154
       3.2200000       49.430793
       3.2300000       45.482739
       3.2400000       49.274930
       3.2500000       49.407144
       3.2600000       48.037682
       3.2700000       48.775081
       3.2800000       48.480418
       3.2900000       48.527974
       3.3000000       49.478628
       3.3100000       48.477049
       3.3200000       48.953399
       3.3300000       48.391701
       3.3400000       48.151642
       3.3500000       47.947662
       3.3600000       47.783971
       3.3700000       47.671870
       3.3800000       47.545685
       3.3900000       47.430492
       3.4000000       47.288287
       3.4100000       47.212670
       3.4200000       47.046516
       3.4300000       46.916418
       3.4400000       46.785685
       3.4500000       46.667392
       3.4600000       46.560172
       3.4700000       46.422686
       3.4800000       46.301520
       3.4900000       46.179331
       3.5000000       46.059185
       3.5100000       45.938165
       3.5200000       45.818105
       3.5300000       45.697208
       3.5400000       45.577725
       3.5500000       45.458639
       3.5600000       45.337648
       3.5700000       45.218453
       3.5800000       45.098635
       3.5900000       44.978724
       3.6000000       44.859374
       3.6100000       44.739627
       3.6200000       44.619706
       3.6300000       44.499978
       3.6400000       44.379825
       3.6500000       44.259653
       3.6600000       44.140303
       3.6700000       44.018949
       3.6800000       43.898321
       3.6900000       43.777485
       3.7000000       43.656426
       3.7100000       43.535104
       3.7200000       43.413658
       3.7300000       43.291873
       3.7400000       43.169818
       3.7500000       43.047472
       3.7600000       42.924826
       3.7700000       42.801845
       3.7800000       42.678538
       3.7900000       42.554918
       3.8000000       42.430868
       3.8100000       42.306486
       3.8200000       42.181724
       3.8300000       42.056546
       3.8400000       41.930945
       3.8500000       41.804918
       3.8600000       41.678439
       3.8700000       41.551509
       3.8800000       41.424054
       3.8900000       41.296164
       3.9000000       41.167761
       3.9100000       41.038808
       3.9200000       40.909304
       3.9300000       40.779214
       3.9400000       40.648644
       3.9500000       40.517404
       3.9600000       40.385525
       3.9700000       40.253047
       3.9800000       40.119816
       3.9900000       39.985920
       4.0000000       39.851305
       4.0100000       39.715880
       4.0200000       39.579636
       4.0300000       39.442586
       4.0400000       39.304578
       4.0500000       39.165758
       4.0600000       39.025714
       4.0700000       38.884525
       4.0800000       38.742135
       4.0900000       38.598404
       4.1000000       38.453133
       4.1100000       38.306169
       4.1200000       38.157129
       4.1300000       38.005688
       4.1400000       37.851235
       4.1500000       37.692956
       4.1600000       37.529619
       4.1700000       37.358712
       4.1800000       37.175816
       4.1900000       36.964984
       4.2000000       36.680413
       4.2100000       36.419361
       4.2200000       36.217378
       4.2300000       40.935375
       4.2400000       37.893077
       4.2500000       37.678239
       4.2600000       36.606143
       4.2700000       36.085657
       4.2800000       35.676592
       4.2900000       35.679378
       4.3000000       35.857866
       4.3100000       35.922705
       4.3200000       35.883212
       4.3300000       35.486370
       4.3400000       35.315838
       4.3500000       35.091837
       4.3600000       34.913932
       4.3700000       34.722817
       4.3800000       34.540033
       4.3900000       34.361785
       4.4000000       34.187314
       4.4100000       34.008994
       4.4200000       33.832791
       4.4300000       33.663795
       4.4400000       33.486874
       4.4500000       33.303068
       4.4600000       33.133417
       4.4700000       32.952034
       4.4800000       32.771814
       4.4900000       32.597492
       4.5000000       32.411803
       4.5100000       32.230918
       4.5200000       32.046857
       4.5300000       31.860747
       4.5400000       31.680553
       4.5500000       31.493068
       4.5600000       31.308034
       4.5700000       31.104005
       4.5800000       30.920565
       4.5900000       30.729828
       4.6000000       30.528141
       4.6100000       30.331664
       4.6200000       30.118531
       4.6300000       29.948283
       4.6400000       29.726693
       4.6500000       29.528382
       4.6600000       29.275332
       4.6700000       29.090723
       4.6800000       28.802157
       4.6900000       28.718343
       4.7000000       28.480992
       4.7100000       28.261400
       4.7200000       28.020435
       4.7300000       27.976954
       4.7400000       27.599680
       4.7500000       27.374110
       4.7600000       27.065559
       4.7700000       26.876892
       4.7800000       26.513994
       4.7900000       26.346217
       4.8000000       26.197591
       4.8100000       25.865146
       4.8200000       25.490921
       4.8300000       25.320628
       4.8400000       24.005518
       4.8500000       25.112917
       4.8600000       24.816135
       4.8700000       24.445473
       4.8800000       24.078556
       4.8900000       23.578801
       4.9000000       24.931915
       4.9100000       23.468227
       4.9200000       23.022108
       4.9300000       22.559780
       4.9400000       22.142897
       4.9500000       21.353419
       4.9600000       24.467524
       4.9700000       21.850972
       4.9800000       21.000213
       4.9900000       20.792109
       5.0000000       19.945879
       5.0100000       19.233666
       5.0200000      -4.1683994
       5.0300000       24.170645
       5.0400000       20.125672
       5.0500000       19.322501
       5.0600000       18.162367
       5.0700000       17.827253
       5.0800000       14.998119
       5.0900000       18.931527
       5.1000000       18.145367
       5.1100000       16.438681
       5.1200000       16.111589
       5.1300000       14.315004
       5.1400000       9.5754347
       5.1500000       23.811334
       5.1600000       16.266317
       5.1700000       14.460949
       5.1800000       13.276989
       5.1900000       11.029759
       5.2000000       52.997686
       5.2100000       2.8253871
       5.2200000       20.022709
       5.2300000       13.492793
       5.2400000       11.860921
       5.2500000       12.051634
       5.2600000       11.436677
       5.2700000       7.1063349
       5.2800000       10.665230
       5.2900000      -3.4440746
       5.3000000       12.269616
       5.3100000       9.8342177
       5.3200000       6.4563366
       5.3300000       4.3287328
       5.3400000      -1.6157259
       5.3500000       108.98122
       5.3600000       19.577340
       5.3700000       8.4107036
       5.3800000       2.8510321
       5.3900000       2.3857154
       5.4000000      -1.8207912
       5.4100000      -14.306101
       5.4200000      -59.978878
       5.4300000       22.742968
       5.4400000       4.5696431
       5.4500000      0.73466285
       5.4600000      -18.173278
       5.4700000       18.272106
       5.4800000       54.460566
       5.4900000       8.0804951
       5.5000000       0.0000000
