# microns      mas
       1.5000000       38.288834
       1.5100000       38.223215
       1.5200000       38.159565
       1.5300000       38.100722
       1.5400000       38.041482
       1.5500000       37.983059
       1.5600000       37.925172
       1.5700000       37.867708
       1.5800000       37.810435
       1.5900000       37.753225
       1.6000000       37.696080
       1.6100000       37.638778
       1.6200000       37.581309
       1.6300000       37.523499
       1.6400000       37.465345
       1.6500000       37.406599
       1.6600000       37.347312
       1.6700000       37.287124
       1.6800000       37.226338
       1.6900000       37.163484
       1.7000000       37.100038
       1.7100000       37.034710
       1.7200000       36.965924
       1.7300000       36.896202
       1.7400000       36.823994
       1.7500000       36.744599
       1.7600000       36.658357
       1.7700000       36.567262
       1.7800000       36.457525
       1.7900000       36.318687
       1.8000000       36.241208
       1.8100000       35.829573
       1.8200000       34.656864
       1.8300000       34.173413
       1.8400000       52.680625
       1.8500000       36.324843
       1.8600000       41.347611
       1.8700000       35.627271
       1.8800000       37.050550
       1.8900000       33.931822
       1.9000000       39.101429
       1.9100000       36.651147
       1.9200000       37.615944
       1.9300000       36.710355
       1.9400000       37.036241
       1.9500000       36.603672
       1.9600000       36.361796
       1.9700000       36.222813
       1.9800000       36.207043
       1.9900000       36.006776
       2.0000000       35.935818
       2.0100000       35.850499
       2.0200000       35.765704
       2.0300000       35.687865
       2.0400000       35.603695
       2.0500000       35.531331
       2.0600000       35.454456
       2.0700000       35.379197
       2.0800000       35.302208
       2.0900000       35.223431
       2.1000000       35.148387
       2.1100000       35.071899
       2.1200000       34.993200
       2.1300000       34.914720
       2.1400000       34.834894
       2.1500000       34.754073
       2.1600000       34.673073
       2.1700000       34.588893
       2.1800000       34.503942
       2.1900000       34.417529
       2.2000000       34.331566
       2.2100000       34.239710
       2.2200000       34.147707
       2.2300000       34.053284
       2.2400000       33.956422
       2.2500000       33.856930
       2.2600000       33.754508
       2.2700000       33.649068
       2.2800000       33.539907
       2.2900000       33.426980
       2.3000000       33.310272
       2.3100000       33.188682
       2.3200000       33.061628
       2.3300000       32.929981
       2.3400000       32.790961
       2.3500000       32.648399
       2.3600000       32.494162
       2.3700000       32.329858
       2.3800000       32.163068
       2.3900000       31.978204
       2.4000000       31.779994
       2.4100000       31.623698
       2.4200000       31.399110
       2.4300000       31.094808
       2.4400000       30.856212
       2.4500000       30.429040
       2.4600000       30.210744
       2.4700000       29.768740
       2.4800000       29.366277
       2.4900000       28.974680
       2.5000000       28.371705
       2.5100000       27.542400
       2.5200000       27.009013
       2.5300000       25.515769
       2.5400000       24.119754
       2.5500000       21.220288
       2.5600000     -0.85574425
       2.5700000       71.886988
       2.5800000       15.716917
       2.5900000       29.105636
       2.6000000       31.027934
       2.6100000       78.307683
       2.6200000      -16.393899
       2.6300000      -1.6824064
       2.6400000       34.384959
       2.6500000       25.774111
       2.6600000       36.351789
       2.6700000      -61.904380
       2.6800000       76.736157
       2.6900000       37.610189
       2.7000000       35.332211
       2.7100000       25.687259
       2.7200000      -40.753056
       2.7300000       43.533888
       2.7400000      -20.543204
       2.7500000       38.401266
       2.7600000       41.932430
       2.7700000       33.639294
       2.7800000       42.258378
       2.7900000       46.068110
       2.8000000       38.606160
       2.8100000       43.166447
       2.8200000       41.343256
       2.8300000       40.068752
       2.8400000       40.885530
       2.8500000       43.492996
       2.8600000       42.667280
       2.8700000       38.052707
       2.8800000       38.241401
       2.8900000       38.173736
       2.9000000       36.702067
       2.9100000       37.467053
       2.9200000       36.752972
       2.9300000       37.101674
       2.9400000       36.501568
       2.9500000       36.418081
       2.9600000       36.184321
       2.9700000       35.826540
       2.9800000       35.921604
       2.9900000       35.571771
       3.0000000       35.521314
       3.0100000       35.330161
       3.0200000       35.065556
       3.0300000       34.868703
       3.0400000       34.789417
       3.0500000       34.628308
       3.0600000       34.651885
       3.0700000       33.504696
       3.0800000       34.165955
       3.0900000       34.621549
       3.1000000       34.200989
       3.1100000       33.908320
       3.1200000       34.039947
       3.1300000       34.054037
       3.1400000       34.410034
       3.1500000       33.813022
       3.1600000       33.590748
       3.1700000       33.439716
       3.1800000       33.280429
       3.1900000       32.960864
       3.2000000       33.258718
       3.2100000       33.537486
       3.2200000       32.994527
       3.2300000       30.361977
       3.2400000       32.888874
       3.2500000       32.976264
       3.2600000       32.062453
       3.2700000       32.553566
       3.2800000       32.356641
       3.2900000       32.387656
       3.3000000       33.020612
       3.3100000       32.352131
       3.3200000       32.669319
       3.3300000       32.294048
       3.3400000       32.133284
       3.3500000       31.996605
       3.3600000       31.886798
       3.3700000       31.811388
       3.3800000       31.726296
       3.3900000       31.648998
       3.4000000       31.553534
       3.4100000       31.502436
       3.4200000       31.390989
       3.4300000       31.303584
       3.4400000       31.215688
       3.4500000       31.136150
       3.4600000       31.063977
       3.4700000       30.971629
       3.4800000       30.890163
       3.4900000       30.808004
       3.5000000       30.727204
       3.5100000       30.645828
       3.5200000       30.565087
       3.5300000       30.483787
       3.5400000       30.403432
       3.5500000       30.323331
       3.5600000       30.241963
       3.5700000       30.161784
       3.5800000       30.081190
       3.5900000       30.000528
       3.6000000       29.920234
       3.6100000       29.839673
       3.6200000       29.758990
       3.6300000       29.678428
       3.6400000       29.597577
       3.6500000       29.516708
       3.6600000       29.436377
       3.6700000       29.354704
       3.6800000       29.273503
       3.6900000       29.192158
       3.7000000       29.110651
       3.7100000       29.028960
       3.7200000       28.947171
       3.7300000       28.865145
       3.7400000       28.782926
       3.7500000       28.700496
       3.7600000       28.617852
       3.7700000       28.534967
       3.7800000       28.451846
       3.7900000       28.368496
       3.8000000       28.284838
       3.8100000       28.200936
       3.8200000       28.116755
       3.8300000       28.032269
       3.8400000       27.947472
       3.8500000       27.862359
       3.8600000       27.776913
       3.8700000       27.691133
       3.8800000       27.604934
       3.8900000       27.518432
       3.9000000       27.431538
       3.9100000       27.344209
       3.9200000       27.256453
       3.9300000       27.168264
       3.9400000       27.079678
       3.9500000       26.990560
       3.9600000       26.900931
       3.9700000       26.810807
       3.9800000       26.720073
       3.9900000       26.628779
       4.0000000       26.536869
       4.0100000       26.444271
       4.0200000       26.350951
       4.0300000       26.256899
       4.0400000       26.161979
       4.0500000       26.066264
       4.0600000       25.969425
       4.0700000       25.871464
       4.0800000       25.772281
       4.0900000       25.671696
       4.1000000       25.569468
       4.1100000       25.465351
       4.1200000       25.358891
       4.1300000       25.249604
       4.1400000       25.136698
       4.1500000       25.019041
       4.1600000       24.894883
       4.1700000       24.760924
       4.1800000       24.610940
       4.1900000       24.423074
       4.2000000       24.134272
       4.2100000       23.878409
       4.2200000       23.704423
       4.2300000       30.303726
       4.2400000       26.221089
       4.2500000       26.031090
       4.2600000       24.661862
       4.2700000       24.052612
       4.2800000       23.597193
       4.2900000       23.709441
       4.3000000       24.064417
       4.3100000       24.263426
       4.3200000       24.319015
       4.3300000       23.884479
       4.3400000       23.762138
       4.3500000       23.565955
       4.3600000       23.434510
       4.3700000       23.284638
       4.3800000       23.148901
       4.3900000       23.019252
       4.4000000       22.893731
       4.4100000       22.767357
       4.4200000       22.643549
       4.4300000       22.525302
       4.4400000       22.402432
       4.4500000       22.275597
       4.4600000       22.158728
       4.4700000       22.034177
       4.4800000       21.911233
       4.4900000       21.792028
       4.5000000       21.665552
       4.5100000       21.542631
       4.5200000       21.417103
       4.5300000       21.292065
       4.5400000       21.169958
       4.5500000       21.042570
       4.5600000       20.917775
       4.5700000       20.780188
       4.5800000       20.656319
       4.5900000       20.527721
       4.6000000       20.391901
       4.6100000       20.259630
       4.6200000       20.116317
       4.6300000       20.001644
       4.6400000       19.852798
       4.6500000       19.719550
       4.6600000       19.549826
       4.6700000       19.425774
       4.6800000       19.232466
       4.6900000       19.175675
       4.7000000       19.016689
       4.7100000       18.869380
       4.7200000       18.707938
       4.7300000       18.678161
       4.7400000       18.425910
       4.7500000       18.274811
       4.7600000       18.068419
       4.7700000       17.941954
       4.7800000       17.699382
       4.7900000       17.586882
       4.8000000       17.487165
       4.8100000       17.264867
       4.8200000       17.014978
       4.8300000       16.900854
       4.8400000       16.023533
       4.8500000       16.761231
       4.8600000       16.562896
       4.8700000       16.315334
       4.8800000       16.070131
       4.8900000       15.736545
       4.9000000       16.638029
       4.9100000       15.661864
       4.9200000       15.364004
       4.9300000       15.055359
       4.9400000       14.777014
       4.9500000       14.250311
       4.9600000       16.325709
       4.9700000       14.581113
       4.9800000       14.013585
       4.9900000       13.874454
       5.0000000       13.309962
       5.0100000       12.834811
       5.0200000      -2.7651757
       5.0300000       16.124984
       5.0400000       13.428268
       5.0500000       12.892512
       5.0600000       12.118814
       5.0700000       11.895073
       5.0800000       10.008849
       5.0900000       12.630474
       5.1000000       12.106086
       5.1100000       10.968091
       5.1200000       10.749723
       5.1300000       9.5518101
       5.1400000       6.3921362
       5.1500000       15.881336
       5.1600000       10.851584
       5.1700000       9.6478233
       5.1800000       8.8583245
       5.1900000       7.3600375
       5.2000000       35.335185
       5.2100000       1.8904938
       5.2200000       13.353768
       5.2300000       9.0007223
       5.2400000       7.9126445
       5.2500000       8.0395051
       5.2600000       7.6293019
       5.2700000       4.7424704
       5.2800000       7.1145256
       5.2900000      -2.2908704
       5.3000000       8.1834700
       5.3100000       6.5597980
       5.3200000       4.3078814
       5.3300000       2.8893871
       5.3400000      -1.0733828
       5.3500000       72.649268
       5.3600000       13.053228
       5.3700000       5.6094110
       5.3800000       1.9031473
       5.3900000       1.5927365
       5.4000000      -1.2115148
       5.4100000      -9.5343364
       5.4200000      -39.979608
       5.4300000       15.161772
       5.4400000       3.0473795
       5.4500000      0.49079569
       5.4600000      -12.113280
       5.4700000       12.180655
       5.4800000       36.303331
       5.4900000       5.3865932
       5.5000000       0.0000000
