# microns      mas
       1.5000000       47.523439
       1.5100000       47.446465
       1.5200000       47.371851
       1.5300000       47.303151
       1.5400000       47.233859
       1.5500000       47.165498
       1.5600000       47.097716
       1.5700000       47.030379
       1.5800000       46.963191
       1.5900000       46.895998
       1.6000000       46.828810
       1.6100000       46.761345
       1.6200000       46.693592
       1.6300000       46.625339
       1.6400000       46.556585
       1.6500000       46.487018
       1.6600000       46.416704
       1.6700000       46.345197
       1.6800000       46.272877
       1.6900000       46.197906
       1.7000000       46.122132
       1.7100000       46.043944
       1.7200000       45.961372
       1.7300000       45.877571
       1.7400000       45.790606
       1.7500000       45.694599
       1.7600000       45.589980
       1.7700000       45.479239
       1.7800000       45.345142
       1.7900000       45.174617
       1.8000000       45.080743
       1.8100000       44.569102
       1.8200000       43.106018
       1.8300000       42.504507
       1.8400000       65.642621
       1.8500000       45.199483
       1.8600000       51.481002
       1.8700000       44.332832
       1.8800000       46.114649
       1.8900000       42.218596
       1.9000000       48.683507
       1.9100000       45.622979
       1.9200000       46.831503
       1.9300000       45.701875
       1.9400000       46.111642
       1.9500000       45.573274
       1.9600000       45.273220
       1.9700000       45.101734
       1.9800000       45.084260
       1.9900000       44.836133
       2.0000000       44.749649
       2.0100000       44.645118
       2.0200000       44.541143
       2.0300000       44.445950
       2.0400000       44.342796
       2.0500000       44.254361
       2.0600000       44.160246
       2.0700000       44.068138
       2.0800000       43.973839
       2.0900000       43.877272
       2.1000000       43.785350
       2.1100000       43.691594
       2.1200000       43.595047
       2.1300000       43.498750
       2.1400000       43.400745
       2.1500000       43.301472
       2.1600000       43.201951
       2.1700000       43.098431
       2.1800000       42.993925
       2.1900000       42.887570
       2.2000000       42.781753
       2.2100000       42.668548
       2.2200000       42.555140
       2.2300000       42.438687
       2.2400000       42.319161
       2.2500000       42.196329
       2.2600000       42.069815
       2.2700000       41.939508
       2.2800000       41.804532
       2.2900000       41.664820
       2.3000000       41.520380
       2.3100000       41.369809
       2.3200000       41.212389
       2.3300000       41.049216
       2.3400000       40.876805
       2.3500000       40.699953
       2.3600000       40.508488
       2.3700000       40.304432
       2.3800000       40.097234
       2.3900000       39.867438
       2.4000000       39.620940
       2.4100000       39.426826
       2.4200000       39.147328
       2.4300000       38.768166
       2.4400000       38.471127
       2.4500000       37.938342
       2.4600000       37.666654
       2.4700000       37.115303
       2.4800000       36.613367
       2.4900000       36.125003
       2.5000000       35.372390
       2.5100000       34.336837
       2.5200000       33.671192
       2.5300000       31.805647
       2.5400000       30.061636
       2.5500000       26.438196
       2.5600000      -1.1573170
       2.5700000       89.777326
       2.5800000       19.561842
       2.5900000       36.299761
       2.6000000       38.703841
       2.6100000       97.807944
       2.6200000      -20.574648
       2.6300000      -2.1831386
       2.6400000       42.904762
       2.6500000       32.141815
       2.6600000       45.366100
       2.6700000      -77.460023
       2.6800000       95.855631
       2.6900000       46.939890
       2.7000000       44.097784
       2.7100000       32.033811
       2.7200000      -51.019179
       2.7300000       54.348329
       2.7400000      -25.750871
       2.7500000       47.934923
       2.7600000       52.348696
       2.7700000       41.984495
       2.7800000       52.756987
       2.7900000       57.519815
       2.8000000       48.193958
       2.8100000       53.895024
       2.8200000       51.616931
       2.8300000       50.024692
       2.8400000       51.046623
       2.8500000       54.307020
       2.8600000       53.275658
       2.8700000       47.507951
       2.8800000       47.744653
       2.8900000       47.660865
       2.9000000       45.821961
       2.9100000       46.779028
       2.9200000       45.887146
       2.9300000       46.323807
       2.9400000       45.574387
       2.9500000       45.470767
       2.9600000       45.179289
       2.9700000       44.732770
       2.9800000       44.852333
       2.9900000       44.415731
       3.0000000       44.353360
       3.0100000       44.115114
       3.0200000       43.785038
       3.0300000       43.539651
       3.0400000       43.441226
       3.0500000       43.240511
       3.0600000       43.270659
       3.0700000       41.837266
       3.0800000       42.664552
       3.0900000       43.234738
       3.1000000       42.709666
       3.1100000       42.344464
       3.1200000       42.509654
       3.1300000       42.527914
       3.1400000       42.973577
       3.1500000       42.227905
       3.1600000       41.950681
       3.1700000       41.762511
       3.1800000       41.564020
       3.1900000       41.165166
       3.2000000       41.538136
       3.2100000       41.887246
       3.2200000       41.209147
       3.2300000       37.918939
       3.2400000       41.078511
       3.2500000       41.188362
       3.2600000       40.046803
       3.2700000       40.661081
       3.2800000       40.415324
       3.2900000       40.454656
       3.3000000       41.246503
       3.3100000       40.411539
       3.3200000       40.808327
       3.3300000       40.339906
       3.3400000       40.139547
       3.3500000       39.969268
       3.3600000       39.832568
       3.3700000       39.738860
       3.3800000       39.633289
       3.3900000       39.537080
       3.4000000       39.418293
       3.4100000       39.354983
       3.4200000       39.216231
       3.4300000       39.107528
       3.4400000       38.998265
       3.4500000       38.899398
       3.4600000       38.809750
       3.4700000       38.694882
       3.4800000       38.593615
       3.4900000       38.491491
       3.5000000       38.391067
       3.5100000       38.289918
       3.5200000       38.189568
       3.5300000       38.088519
       3.5400000       37.988649
       3.5500000       37.889106
       3.5600000       37.787977
       3.5700000       37.688340
       3.5800000       37.588184
       3.5900000       37.487949
       3.6000000       37.388179
       3.6100000       37.288076
       3.6200000       37.187826
       3.6300000       37.087733
       3.6400000       36.987284
       3.6500000       36.886817
       3.6600000       36.787030
       3.6700000       36.685571
       3.6800000       36.584712
       3.6900000       36.483677
       3.7000000       36.382450
       3.7100000       36.281001
       3.7200000       36.179442
       3.7300000       36.077595
       3.7400000       35.975517
       3.7500000       35.873190
       3.7600000       35.770607
       3.7700000       35.667737
       3.7800000       35.564587
       3.7900000       35.461168
       3.8000000       35.357381
       3.8100000       35.253307
       3.8200000       35.148907
       3.8300000       35.044147
       3.8400000       34.939022
       3.8500000       34.833529
       3.8600000       34.727645
       3.8700000       34.621371
       3.8800000       34.514630
       3.8900000       34.407520
       3.9000000       34.299962
       3.9100000       34.191916
       3.9200000       34.083384
       3.9300000       33.974346
       3.9400000       33.864875
       3.9500000       33.754809
       3.9600000       33.644173
       3.9700000       33.532997
       3.9800000       33.421147
       3.9900000       33.308693
       4.0000000       33.195580
       4.0100000       33.081728
       4.0200000       32.967118
       4.0300000       32.851752
       4.0400000       32.735488
       4.0500000       32.618439
       4.0600000       32.500237
       4.0700000       32.380925
       4.0800000       32.260431
       4.0900000       32.138600
       4.1000000       32.015219
       4.1100000       31.890100
       4.1200000       31.762835
       4.1300000       31.633041
       4.1400000       31.500041
       4.1500000       31.362903
       4.1600000       31.220199
       4.1700000       31.069133
       4.1800000       30.904608
       4.1900000       30.708487
       4.2000000       30.428558
       4.2100000       30.175681
       4.2200000       29.990381
       4.2300000       35.413546
       4.2400000       31.991149
       4.2500000       31.791922
       4.2600000       30.615885
       4.2700000       30.068900
       4.2800000       29.649117
       4.2900000       29.699110
       4.3000000       29.949755
       4.3100000       30.071060
       4.3200000       30.073526
       4.3300000       29.669428
       4.3400000       29.523584
       4.3500000       29.316688
       4.3600000       29.162891
       4.3700000       28.993931
       4.3800000       28.835620
       4.3900000       28.682411
       4.4000000       28.533045
       4.4100000       28.381211
       4.4200000       28.231641
       4.4300000       28.088402
       4.4400000       27.938845
       4.4500000       27.783820
       4.4600000       27.640819
       4.4700000       27.488103
       4.4800000       27.336714
       4.4900000       27.190157
       4.5000000       27.034260
       4.5100000       26.882519
       4.5200000       26.727920
       4.5300000       26.572414
       4.5400000       26.421400
       4.5500000       26.264130
       4.5600000       26.109317
       4.5700000       25.938619
       4.5800000       25.785074
       4.5900000       25.625508
       4.6000000       25.456850
       4.6100000       25.292567
       4.6200000       25.114430
       4.6300000       24.972053
       4.6400000       24.786914
       4.6500000       24.621209
       4.6600000       24.409895
       4.6700000       24.255634
       4.6800000       24.014765
       4.6900000       23.944526
       4.7000000       23.746412
       4.7100000       23.563028
       4.7200000       23.361882
       4.7300000       23.325308
       4.7400000       23.010601
       4.7500000       22.822318
       4.7600000       22.564899
       4.7700000       22.407383
       4.7800000       22.104697
       4.7900000       21.964605
       4.8000000       21.840479
       4.8100000       21.563158
       4.8200000       21.251134
       4.8300000       21.108969
       4.8400000       20.012812
       4.8500000       20.935383
       4.8600000       20.687862
       4.8700000       20.378786
       4.8800000       20.072772
       4.8900000       19.656137
       4.9000000       20.783456
       4.9100000       19.563577
       4.9200000       19.191625
       4.9300000       18.806175
       4.9400000       18.458595
       4.9500000       17.800543
       4.9600000       20.395294
       4.9700000       18.214775
       4.9800000       17.505668
       4.9900000       17.332081
       5.0000000       16.626755
       5.0100000       16.033107
       5.0200000      -3.4676626
       5.0300000       20.146687
       5.0400000       16.775908
       5.0500000       16.106478
       5.0600000       15.139598
       5.0700000       14.860198
       5.0800000       12.502570
       5.0900000       15.780072
       5.1000000       15.124829
       5.1100000       13.702528
       5.1200000       13.429824
       5.1300000       11.932615
       5.1400000       7.9830616
       5.1500000       19.845493
       5.1600000       13.558204
       5.1700000       12.053679
       5.1800000       11.066981
       5.1900000       9.1942650
       5.2000000       44.165409
       5.2100000       2.3574277
       5.2200000       16.687577
       5.2300000       11.246179
       5.2400000       9.8862392
       5.2500000       10.045043
       5.2600000       9.5324874
       5.2700000       5.9239612
       5.2800000       8.8894197
       5.2900000      -2.8677739
       5.3000000       10.226105
       5.3100000       8.1966114
       5.3200000       5.3817629
       5.3300000       3.6087521
       5.3400000      -1.3447869
       5.3500000       90.813942
       5.3600000       16.314877
       5.3700000       7.0097762
       5.3800000       2.3768794
       5.3900000       1.9890362
       5.4000000      -1.5162855
       5.4100000      -11.920213
       5.4200000      -49.978773
       5.4300000       18.952043
       5.4400000       3.8083780
       5.4500000      0.61264875
       5.4600000      -15.143159
       5.4700000       15.226157
       5.4800000       45.381385
       5.4900000       6.7334504
       5.5000000       0.0000000
