# microns      mas
       1.5000000       92.307143
       1.5100000       92.174869
       1.5200000       92.046576
       1.5300000       91.930276
       1.5400000       91.812116
       1.5500000       91.695439
       1.5600000       91.579565
       1.5700000       91.464266
       1.5800000       91.348926
       1.5900000       91.233262
       1.6000000       91.117313
       1.6100000       91.000523
       1.6200000       90.882873
       1.6300000       90.763965
       1.6400000       90.643798
       1.6500000       90.521760
       1.6600000       90.397997
       1.6700000       90.271630
       1.6800000       90.143456
       1.6900000       90.009697
       1.7000000       89.874256
       1.7100000       89.733781
       1.7200000       89.584262
       1.7300000       89.432401
       1.7400000       89.274065
       1.7500000       89.097512
       1.7600000       88.903571
       1.7700000       88.697589
       1.7800000       88.444456
       1.7900000       88.118203
       1.8000000       87.968721
       1.8100000       86.941768
       1.8200000       84.053381
       1.8300000       82.920970
       1.8400000       127.96448
       1.8500000       88.240961
       1.8600000       100.24725
       1.8700000       86.521231
       1.8800000       90.051556
       1.8900000       82.538010
       1.9000000       94.998093
       1.9100000       89.088807
       1.9200000       91.473670
       1.9300000       89.285000
       1.9400000       90.162501
       1.9500000       89.095940
       1.9600000       88.491582
       1.9700000       88.161029
       1.9800000       88.137711
       1.9900000       87.654950
       2.0000000       87.493879
       2.0100000       87.296156
       2.0200000       87.099416
       2.0300000       86.920121
       2.0400000       86.724191
       2.0500000       86.559223
       2.0600000       86.381910
       2.0700000       86.208398
       2.0800000       86.030527
       2.0900000       85.848190
       2.1000000       85.674722
       2.1100000       85.497640
       2.1200000       85.314958
       2.1300000       85.132714
       2.1400000       84.947054
       2.1500000       84.758761
       2.1600000       84.569833
       2.1700000       84.373092
       2.1800000       84.174287
       2.1900000       83.971767
       2.2000000       83.770272
       2.2100000       83.554077
       2.2200000       83.337465
       2.2300000       83.114823
       2.2400000       82.886026
       2.2500000       82.650674
       2.2600000       82.408004
       2.2700000       82.157850
       2.2800000       81.898367
       2.2900000       81.629483
       2.3000000       81.351421
       2.3100000       81.061103
       2.3200000       80.757140
       2.3300000       80.442040
       2.3400000       80.108608
       2.3500000       79.766554
       2.3600000       79.395483
       2.3700000       78.999199
       2.3800000       78.597481
       2.3900000       78.150918
       2.4000000       77.671321
       2.4100000       77.298242
       2.4200000       76.756252
       2.4300000       76.009161
       2.4400000       75.430511
       2.4500000       74.380901
       2.4600000       73.856492
       2.4700000       72.773453
       2.4800000       71.794196
       2.4900000       70.825969
       2.5000000       69.340167
       2.5100000       67.304551
       2.5200000       66.039817
       2.5300000       62.163469
       2.5400000       58.914747
       2.5500000       51.663963
       2.5600000      -3.8322278
       2.5700000       177.85029
       2.5800000       38.892692
       2.5900000       72.126381
       2.6000000       76.436918
       2.6100000       190.37493
       2.6200000      -37.811263
       2.6300000      -1.9989328
       2.6400000       83.883278
       2.6500000       63.164090
       2.6600000       87.596118
       2.6700000      -152.76567
       2.6800000       186.47181
       2.6900000       92.384644
       2.7000000       86.522170
       2.7100000       63.056423
       2.7200000      -98.531368
       2.7300000       106.15188
       2.7400000      -51.656941
       2.7500000       93.513288
       2.7600000       102.22306
       2.7700000       81.432820
       2.7800000       103.13732
       2.7900000       113.42488
       2.8000000       94.247756
       2.8100000       106.12676
       2.8200000       101.49928
       2.8300000       98.362524
       2.8400000       100.46455
       2.8500000       107.14191
       2.8600000       104.96439
       2.8700000       93.342041
       2.8800000       93.848585
       2.8900000       93.757500
       2.9000000       90.072180
       2.9100000       92.020157
       2.9200000       90.174544
       2.9300000       91.100123
       2.9400000       89.580953
       2.9500000       89.400319
       2.9600000       88.833066
       2.9700000       87.962810
       2.9800000       88.188879
       2.9900000       87.313616
       3.0000000       87.214729
       3.0100000       86.736715
       3.0200000       86.068703
       3.0300000       85.590750
       3.0400000       85.413614
       3.0500000       85.025685
       3.0600000       85.081071
       3.0700000       82.284076
       3.0800000       83.903151
       3.0900000       85.002446
       3.1000000       83.984168
       3.1100000       83.282660
       3.1200000       83.591493
       3.1300000       83.628814
       3.1400000       84.477230
       3.1500000       83.039319
       3.1600000       82.502807
       3.1700000       82.135701
       3.1800000       81.750785
       3.1900000       80.976744
       3.2000000       81.718414
       3.2100000       82.384565
       3.2200000       81.067119
       3.2300000       74.733702
       3.2400000       80.809670
       3.2500000       81.025894
       3.2600000       78.804745
       3.2700000       79.988002
       3.2800000       79.513428
       3.2900000       79.588975
       3.3000000       81.153671
       3.3100000       79.510583
       3.3200000       80.318422
       3.3300000       79.385084
       3.3400000       78.989936
       3.3500000       78.655531
       3.3600000       78.385728
       3.3700000       78.204691
       3.3800000       78.000122
       3.3900000       77.816199
       3.4000000       77.583482
       3.4100000       77.467584
       3.4200000       77.191667
       3.4300000       76.979541
       3.4400000       76.767228
       3.4500000       76.574997
       3.4600000       76.404448
       3.4700000       76.177548
       3.4800000       75.980741
       3.4900000       75.782143
       3.5000000       75.587215
       3.5100000       75.390636
       3.5200000       75.195775
       3.5300000       74.999410
       3.5400000       74.805447
       3.5500000       74.612223
       3.5600000       74.415711
       3.5700000       74.222294
       3.5800000       74.027805
       3.5900000       73.833189
       3.6000000       73.639544
       3.6100000       73.445235
       3.6200000       73.250634
       3.6300000       73.056404
       3.6400000       72.861459
       3.6500000       72.666508
       3.6600000       72.473037
       3.6700000       72.276092
       3.6800000       72.080465
       3.6900000       71.884513
       3.7000000       71.688223
       3.7100000       71.491519
       3.7200000       71.294665
       3.7300000       71.097273
       3.7400000       70.899467
       3.7500000       70.701221
       3.7600000       70.502523
       3.7700000       70.303310
       3.7800000       70.103607
       3.7900000       69.903446
       3.8000000       69.702616
       3.8100000       69.501301
       3.8200000       69.299423
       3.8300000       69.096927
       3.8400000       68.893801
       3.8500000       68.690051
       3.8600000       68.485632
       3.8700000       68.280547
       3.8800000       68.074760
       3.8900000       67.868286
       3.9000000       67.661088
       3.9100000       67.453147
       3.9200000       67.244428
       3.9300000       67.034832
       3.9400000       66.824658
       3.9500000       66.613561
       3.9600000       66.401601
       3.9700000       66.188888
       3.9800000       65.975161
       3.9900000       65.760622
       4.0000000       65.545212
       4.0100000       65.328793
       4.0200000       65.111429
       4.0300000       64.893190
       4.0400000       64.673882
       4.0500000       64.453861
       4.0600000       64.232445
       4.0700000       64.009979
       4.0800000       63.786489
       4.0900000       63.561940
       4.1000000       63.336237
       4.1100000       63.109476
       4.1200000       62.881439
       4.1300000       62.652212
       4.1400000       62.421639
       4.1500000       62.189703
       4.1600000       61.956485
       4.1700000       61.721445
       4.1800000       61.484702
       4.1900000       61.245102
       4.2000000       61.000174
       4.2100000       60.755691
       4.2200000       60.513259
       4.2300000       60.532990
       4.2400000       60.134028
       4.2500000       59.886309
       4.2600000       59.592262
       4.2700000       59.325451
       4.2800000       59.063245
       4.2900000       58.821509
       4.3000000       58.587225
       4.3100000       58.346339
       4.3200000       58.099522
       4.3300000       57.828814
       4.3400000       57.568885
       4.3500000       57.306850
       4.3600000       57.044383
       4.3700000       56.782031
       4.3800000       56.513430
       4.3900000       56.245720
       4.4000000       55.981474
       4.4100000       55.705726
       4.4200000       55.431234
       4.4300000       55.168915
       4.4400000       54.889917
       4.4500000       54.596642
       4.4600000       54.329045
       4.4700000       54.039409
       4.4800000       53.750086
       4.4900000       53.472917
       4.5000000       53.173617
       4.5100000       52.882891
       4.5200000       52.587459
       4.5300000       52.284305
       4.5400000       51.995372
       4.5500000       51.693535
       4.5600000       51.394551
       4.5700000       51.060778
       4.5800000       50.766140
       4.5900000       50.457289
       4.6000000       50.128911
       4.6100000       49.809331
       4.6200000       49.460123
       4.6300000       49.191162
       4.6400000       48.826545
       4.6500000       48.504427
       4.6600000       48.085840
       4.6700000       47.787951
       4.6800000       47.302688
       4.6900000       47.191000
       4.7000000       46.800454
       4.7100000       46.441107
       4.7200000       46.044588
       4.7300000       46.011272
       4.7400000       45.364882
       4.7500000       44.994577
       4.7600000       44.483034
       4.7700000       44.176864
       4.7800000       43.566540
       4.7900000       43.296889
       4.8000000       43.077461
       4.8100000       42.518396
       4.8200000       41.902826
       4.8300000       41.624692
       4.8400000       39.323787
       4.8500000       41.332461
       4.8600000       40.833444
       4.8700000       40.216291
       4.8800000       39.605367
       4.8900000       38.771724
       4.9000000       41.172992
       4.9100000       38.634746
       4.9200000       37.887383
       4.9300000       37.115343
       4.9400000       36.407899
       4.9500000       35.075764
       4.9600000       40.511112
       4.9700000       36.006617
       4.9800000       34.546039
       4.9900000       34.236890
       5.0000000       32.821697
       5.0100000       31.604182
       5.0200000      -8.2843031
       5.0300000       40.205091
       5.0400000       33.225088
       5.0500000       31.874775
       5.0600000       29.952082
       5.0700000       29.368091
       5.0800000       24.557598
       5.0900000       31.316972
       5.1000000       29.996601
       5.1100000       27.127787
       5.1200000       26.602692
       5.1300000       23.547890
       5.1400000       15.652872
       5.1500000       39.426801
       5.1600000       26.891288
       5.1700000       23.894556
       5.1800000       21.943016
       5.1900000       18.172043
       5.2000000       89.218021
       5.2100000       4.6518179
       5.2200000       33.274154
       5.2300000       22.385932
       5.2400000       19.620393
       5.2500000       20.084699
       5.2600000       19.040800
       5.2700000       11.376969
       5.2800000       17.748122
       5.2900000      -5.7713568
       5.3000000       20.501497
       5.3100000       16.439436
       5.3200000       10.728846
       5.3300000       7.3465134
       5.3400000      -2.5153139
       5.3500000       180.09944
       5.3600000       32.552781
       5.3700000       14.019552
       5.3800000       4.7350516
       5.3900000       4.2226473
       5.4000000      -2.7531902
       5.4100000      -23.545446
       5.4200000      -97.521427
       5.4300000       37.938614
       5.4400000       7.7246518
       5.4500000       1.4993408
       5.4600000      -29.405288
       5.4700000       29.967461
       5.4800000       90.998096
       5.4900000       13.667291
       5.5000000       0.0000000
