# microns      mas
       1.5000000       134.99983
       1.5100000       134.81728
       1.5200000       134.63894
       1.5300000       134.48138
       1.5400000       134.31929
       1.5500000       134.15917
       1.5600000       134.00003
       1.5700000       133.84167
       1.5800000       133.68305
       1.5900000       133.52378
       1.6000000       133.36394
       1.6100000       133.20272
       1.6200000       133.04009
       1.6300000       132.87547
       1.6400000       132.70886
       1.6500000       132.53938
       1.6600000       132.36725
       1.6700000       132.19117
       1.6800000       132.01250
       1.6900000       131.82495
       1.7000000       131.63543
       1.7100000       131.43818
       1.7200000       131.22667
       1.7300000       131.01304
       1.7400000       130.78957
       1.7500000       130.53841
       1.7600000       130.26050
       1.7700000       129.96596
       1.7800000       129.59796
       1.7900000       129.11685
       1.8000000       129.01691
       1.8100000       127.38042
       1.8200000       123.08922
       1.8300000       121.61203
       1.8400000       185.37143
       1.8500000       129.36779
       1.8600000       145.46832
       1.8700000       126.74101
       1.8800000       131.95332
       1.8900000       121.55340
       1.9000000       138.67428
       1.9100000       130.46105
       1.9200000       133.92765
       1.9300000       130.84178
       1.9400000       132.40875
       1.9500000       130.78827
       1.9600000       129.80367
       1.9700000       129.31706
       1.9800000       129.29669
       1.9900000       128.58650
       2.0000000       128.35742
       2.0100000       128.07173
       2.0200000       127.78876
       2.0300000       127.53088
       2.0400000       127.24475
       2.0500000       127.01402
       2.0600000       126.76030
       2.0700000       126.51160
       2.0800000       126.25689
       2.0900000       125.99600
       2.1000000       125.74723
       2.1100000       125.49357
       2.1200000       125.23163
       2.1300000       124.97044
       2.1400000       124.70436
       2.1500000       124.43418
       2.1600000       124.16279
       2.1700000       123.88051
       2.1800000       123.59502
       2.1900000       123.30407
       2.2000000       123.01477
       2.2100000       122.70361
       2.2200000       122.39199
       2.2300000       122.07174
       2.2400000       121.74230
       2.2500000       121.40331
       2.2600000       121.05357
       2.2700000       120.69311
       2.2800000       120.31857
       2.2900000       119.93029
       2.3000000       119.52925
       2.3100000       119.10981
       2.3200000       118.66979
       2.3300000       118.21458
       2.3400000       117.73227
       2.3500000       117.23768
       2.3600000       116.70018
       2.3700000       116.12359
       2.3800000       115.54277
       2.3900000       114.89529
       2.4000000       114.19843
       2.4100000       113.67220
       2.4200000       112.89686
       2.4300000       111.78070
       2.4400000       110.94046
       2.4500000       109.38300
       2.4600000       108.64109
       2.4700000       107.04705
       2.4800000       105.63356
       2.4900000       104.16595
       2.5000000       101.95012
       2.5100000       98.965189
       2.5200000       97.325006
       2.5300000       90.719625
       2.5400000       86.785532
       2.5500000       75.659761
       2.5600000      -10.627801
       2.5700000       266.26842
       2.5800000       60.160467
       2.5900000       109.81456
       2.6000000       114.36445
       2.6100000       271.32077
       2.6200000      -43.045054
       2.6300000       7.5909195
       2.6400000       121.89397
       2.6500000       93.473150
       2.6600000       122.76215
       2.6700000      -222.64120
       2.6800000       265.35995
       2.6900000       136.54340
       2.7000000       126.88685
       2.7100000       93.803237
       2.7200000      -134.70862
       2.7300000       153.34965
       2.7400000      -77.798179
       2.7500000       134.71223
       2.7600000       147.48104
       2.7700000       115.37854
       2.7800000       149.24389
       2.7900000       168.20208
       2.8000000       136.53550
       2.8100000       156.85066
       2.8200000       149.43136
       2.8300000       144.82439
       2.8400000       148.33655
       2.8500000       159.18156
       2.8600000       155.31075
       2.8700000       137.10345
       2.8800000       138.04476
       2.8900000       138.28794
       2.9000000       132.55644
       2.9100000       135.73365
       2.9200000       132.53925
       2.9300000       134.17812
       2.9400000       131.74824
       2.9500000       131.57477
       2.9600000       130.77543
       2.9700000       129.51221
       2.9800000       129.78695
       2.9900000       128.42975
       3.0000000       128.38373
       3.0100000       127.62964
       3.0200000       126.55572
       3.0300000       125.86990
       3.0400000       125.67461
       3.0500000       125.13762
       3.0600000       125.18414
       3.0700000       121.18566
       3.0800000       123.50214
       3.0900000       125.00964
       3.1000000       123.56720
       3.1100000       122.60030
       3.1200000       122.98068
       3.1300000       123.03187
       3.1400000       124.14959
       3.1500000       122.15833
       3.1600000       121.39956
       3.1700000       120.86609
       3.1800000       120.31825
       3.1900000       119.21848
       3.2000000       120.33950
       3.2100000       121.20742
       3.2200000       119.34430
       3.2300000       110.64528
       3.2400000       118.94627
       3.2500000       119.25302
       3.2600000       116.09891
       3.2700000       117.71950
       3.2800000       117.05925
       3.2900000       117.15065
       3.3000000       119.45267
       3.3100000       117.04418
       3.3200000       118.33604
       3.3300000       116.91194
       3.3400000       116.32059
       3.3500000       115.82674
       3.3600000       115.42007
       3.3700000       115.16130
       3.3800000       114.86324
       3.3900000       114.61372
       3.4000000       114.26925
       3.4100000       114.13238
       3.4200000       113.70518
       3.4300000       113.39408
       3.4400000       113.08646
       3.4500000       112.80689
       3.4600000       112.57758
       3.4700000       112.23031
       3.4800000       111.94467
       3.4900000       111.65581
       3.5000000       111.37383
       3.5100000       111.08841
       3.5200000       110.80620
       3.5300000       110.52112
       3.5400000       110.23995
       3.5500000       109.96018
       3.5600000       109.67490
       3.5700000       109.39473
       3.5800000       109.11278
       3.5900000       108.83072
       3.6000000       108.55025
       3.6100000       108.26874
       3.6200000       107.98669
       3.6300000       107.70540
       3.6400000       107.42292
       3.6500000       107.14049
       3.6600000       106.86075
       3.6700000       106.57503
       3.6800000       106.29170
       3.6900000       106.00793
       3.7000000       105.72368
       3.7100000       105.43882
       3.7200000       105.15385
       3.7300000       104.86809
       3.7400000       104.58174
       3.7500000       104.29478
       3.7600000       104.00721
       3.7700000       103.71889
       3.7800000       103.42991
       3.7900000       103.14033
       3.8000000       102.84974
       3.8100000       102.55853
       3.8200000       102.26656
       3.8300000       101.97373
       3.8400000       101.68002
       3.8500000       101.38546
       3.8600000       101.08998
       3.8700000       100.79359
       3.8800000       100.49630
       3.8900000       100.19802
       3.9000000       99.898780
       3.9100000       99.598596
       3.9200000       99.297345
       3.9300000       98.994807
       3.9400000       98.691763
       3.9500000       98.387420
       3.9600000       98.081936
       3.9700000       97.775598
       3.9800000       97.467836
       3.9900000       97.159162
       4.0000000       96.849492
       4.0100000       96.538493
       4.0200000       96.226442
       4.0300000       95.913514
       4.0400000       95.599345
       4.0500000       95.284858
       4.0600000       94.968390
       4.0700000       94.651156
       4.0800000       94.333159
       4.0900000       94.014487
       4.1000000       93.695163
       4.1100000       93.375662
       4.1200000       93.055860
       4.1300000       92.736447
       4.1400000       92.417772
       4.1500000       92.100864
       4.1600000       91.787586
       4.1700000       91.479779
       4.1800000       91.183856
       4.1900000       90.921169
       4.2000000       90.743877
       4.2100000       90.500361
       4.2200000       90.180413
       4.2300000       84.521627
       4.2400000       87.405213
       4.2500000       87.157771
       4.2600000       87.718657
       4.2700000       87.743465
       4.2800000       87.680809
       4.2900000       87.159745
       4.3000000       86.442168
       4.3100000       85.809750
       4.3200000       85.270106
       4.3300000       85.180817
       4.3400000       84.806557
       4.3500000       84.514406
       4.3600000       84.147797
       4.3700000       83.811055
       4.3800000       83.442394
       4.3900000       83.070830
       4.4000000       82.706918
       4.4100000       82.315273
       4.4200000       81.925089
       4.4300000       81.562721
       4.4400000       81.162874
       4.4500000       80.732063
       4.4600000       80.357584
       4.4700000       79.937482
       4.4800000       79.517789
       4.4900000       79.127455
       4.5000000       78.688762
       4.5100000       78.270065
       4.5200000       77.841607
       4.5300000       77.398730
       4.5400000       76.990027
       4.5500000       76.552647
       4.5600000       76.123128
       4.5700000       75.622328
       4.5800000       75.207441
       4.5900000       74.760446
       4.6000000       74.277999
       4.6100000       73.810177
       4.6200000       73.287885
       4.6300000       72.935428
       4.6400000       72.383518
       4.6500000       71.916699
       4.6600000       71.276970
       4.6700000       70.853810
       4.6800000       70.073533
       4.6900000       70.029687
       4.7000000       69.444007
       4.7100000       68.912658
       4.7200000       68.317575
       4.7300000       68.453239
       4.7400000       67.358927
       4.7500000       66.807785
       4.7600000       66.026928
       4.7700000       65.584748
       4.7800000       64.613640
       4.7900000       64.231544
       4.8000000       64.029125
       4.8100000       63.134202
       4.8200000       62.229025
       4.8300000       61.817497
       4.8400000       57.760869
       4.8500000       61.607109
       4.8600000       60.810841
       4.8700000       59.860950
       4.8800000       58.918361
       4.8900000       57.633210
       4.9000000       61.982473
       4.9100000       57.625717
       4.9200000       56.455463
       4.9300000       55.257103
       4.9400000       54.105545
       4.9500000       51.989924
       4.9600000       61.414425
       4.9700000       53.863360
       4.9800000       51.418552
       4.9900000       51.117642
       5.0000000       48.923998
       5.0100000       46.915931
       5.0200000      -17.950390
       5.0300000       61.746450
       5.0400000       49.975370
       5.0500000       47.850383
       5.0600000       44.946867
       5.0700000       43.936454
       5.0800000       36.150795
       5.0900000       47.380347
       5.1000000       45.305402
       5.1100000       40.810601
       5.1200000       40.088853
       5.1300000       35.104029
       5.1400000       23.087160
       5.1500000       59.484354
       5.1600000       40.569168
       5.1700000       36.092135
       5.1800000       33.205312
       5.1900000       27.321427
       5.2000000       140.63631
       5.2100000       7.3539634
       5.2200000       50.849615
       5.2300000       34.203636
       5.2400000       29.756978
       5.2500000       31.085537
       5.2600000       29.439953
       5.2700000       15.181251
       5.2800000       27.379122
       5.2900000      -8.5516854
       5.3000000       31.909959
       5.3100000       25.691228
       5.3200000       16.474122
       5.3300000       12.134822
       5.3400000      -2.7831141
       5.3500000       268.91217
       5.3600000       49.735176
       5.3700000       21.672263
       5.3800000       7.4176581
       5.3900000       7.8010534
       5.4000000      -2.7589225
       5.4100000      -34.444303
       5.4200000      -138.47641
       5.4300000       58.669451
       5.4400000       12.577331
       5.4500000       3.6677863
       5.4600000      -40.920285
       5.4700000       44.062158
       5.4800000       140.44635
       5.4900000       21.953478
       5.5000000       0.0000000
