# microns      mas
       1.5000000       5.8202836
       1.5100000       5.7946721
       1.5200000       5.7696725
       1.5300000       5.7455274
       1.5400000       5.7216940
       1.5500000       5.6982831
       1.5600000       5.6752486
       1.5700000       5.6525609
       1.5800000       5.6302048
       1.5900000       5.6081481
       1.6000000       5.5863729
       1.6100000       5.5648564
       1.6200000       5.5435931
       1.6300000       5.5225451
       1.6400000       5.5017103
       1.6500000       5.4810555
       1.6600000       5.4605768
       1.6700000       5.4402269
       1.6800000       5.4200307
       1.6900000       5.3998234
       1.7000000       5.3797512
       1.7100000       5.3596735
       1.7200000       5.3394042
       1.7300000       5.3192007
       1.7400000       5.2988984
       1.7500000       5.2779444
       1.7600000       5.2563731
       1.7700000       5.2343843
       1.7800000       5.2104214
       1.7900000       5.1832285
       1.8000000       5.1612104
       1.8100000       5.1041647
       1.8200000       4.9545050
       1.8300000       4.8820575
       1.8400000       7.1610951
       1.8500000       5.1230032
       1.8600000       5.7596424
       1.8700000       5.0238434
       1.8800000       5.1851128
       1.8900000       4.7838843
       1.9000000       5.4285705
       1.9100000       5.1126470
       1.9200000       5.2207117
       1.9300000       5.1002601
       1.9400000       5.1253616
       1.9500000       5.0664060
       1.9600000       5.0311843
       1.9700000       5.0066492
       1.9800000       4.9966149
       1.9900000       4.9649723
       2.0000000       4.9485372
       2.0100000       4.9307891
       2.0200000       4.9134346
       2.0300000       4.8966261
       2.0400000       4.8792927
       2.0500000       4.8633220
       2.0600000       4.8470486
       2.0700000       4.8310223
       2.0800000       4.8148837
       2.0900000       4.7986237
       2.1000000       4.7829175
       2.1100000       4.7671242
       2.1200000       4.7511550
       2.1300000       4.7352970
       2.1400000       4.7193591
       2.1500000       4.7033897
       2.1600000       4.6874885
       2.1700000       4.6712691
       2.1800000       4.6550408
       2.1900000       4.6387123
       2.2000000       4.6225120
       2.2100000       4.6056846
       2.2200000       4.5888988
       2.2300000       4.5718901
       2.2400000       4.5546684
       2.2500000       4.5371920
       2.2600000       4.5194277
       2.2700000       4.5013650
       2.2800000       4.4829200
       2.2900000       4.4641110
       2.3000000       4.4448381
       2.3100000       4.4250871
       2.3200000       4.4047400
       2.3300000       4.3838604
       2.3400000       4.3621697
       2.3500000       4.3400765
       2.3600000       4.3166639
       2.3700000       4.2920826
       2.3800000       4.2672390
       2.3900000       4.2402668
       2.4000000       4.2117405
       2.4100000       4.1879800
       2.4200000       4.1561196
       2.4300000       4.1155150
       2.4400000       4.0822203
       2.4500000       4.0268885
       2.4600000       3.9956939
       2.4700000       3.9383167
       2.4800000       3.8851110
       2.4900000       3.8347663
       2.5000000       3.7586224
       2.5100000       3.6545232
       2.5200000       3.5825058
       2.5300000       3.4181825
       2.5400000       3.2283997
       2.5500000       2.8864876
       2.5600000      0.33226961
       2.5700000       8.8438294
       2.5800000       2.1341704
       2.5900000       3.7167251
       2.6000000       3.9890247
       2.6100000       9.9511586
       2.6200000      -2.0058046
       2.6300000     -0.19406620
       2.6400000       4.4678075
       2.6500000       3.3747644
       2.6600000       4.8168772
       2.6700000      -7.1979880
       2.6800000       9.7324309
       2.6900000       4.7885905
       2.7000000       4.5258017
       2.7100000       3.3531757
       2.7200000      -4.8765108
       2.7300000       5.5793270
       2.7400000      -2.1488065
       2.7500000       4.9507566
       2.7600000       5.3754019
       2.7700000       4.4035541
       2.7800000       5.4010525
       2.7900000       5.7690302
       2.8000000       4.9414519
       2.8100000       5.4277619
       2.8200000       5.2181232
       2.8300000       5.0614451
       2.8400000       5.1493160
       2.8500000       5.4353644
       2.8600000       5.3469136
       2.8700000       4.8129633
       2.8800000       4.8297068
       2.8900000       4.8127416
       2.9000000       4.6383274
       2.9100000       4.7227305
       2.9200000       4.6416345
       2.9300000       4.6750193
       2.9400000       4.6043997
       2.9500000       4.5896774
       2.9600000       4.5586694
       2.9700000       4.5120234
       2.9800000       4.5221011
       2.9900000       4.4791739
       3.0000000       4.4686036
       3.0100000       4.4440903
       3.0200000       4.4116190
       3.0300000       4.3851820
       3.0400000       4.3718385
       3.0500000       4.3496784
       3.0600000       4.3506858
       3.0700000       4.2074620
       3.0800000       4.2861820
       3.0900000       4.3416229
       3.1000000       4.2870503
       3.1100000       4.2477951
       3.1200000       4.2634672
       3.1300000       4.2630148
       3.1400000       4.3071054
       3.1500000       4.2298428
       3.1600000       4.2000107
       3.1700000       4.1794331
       3.1800000       4.1576292
       3.1900000       4.1158417
       3.2000000       4.1493616
       3.2100000       4.1830416
       3.2200000       4.1136839
       3.2300000       3.7784133
       3.2400000       4.0964530
       3.2500000       4.1050874
       3.2600000       3.9895385
       3.2700000       4.0505101
       3.2800000       4.0245510
       3.2900000       4.0266819
       3.3000000       4.1006015
       3.3100000       4.0176794
       3.3200000       4.0524402
       3.3300000       4.0060531
       3.3400000       3.9847830
       3.3500000       3.9663878
       3.3600000       3.9514111
       3.3700000       3.9402003
       3.3800000       3.9270610
       3.3900000       3.9159137
       3.4000000       3.9025350
       3.4100000       3.8937730
       3.4200000       3.8787614
       3.4300000       3.8662555
       3.4400000       3.8534448
       3.4500000       3.8418337
       3.4600000       3.8307732
       3.4700000       3.8178424
       3.4800000       3.8059505
       3.4900000       3.7939649
       3.5000000       3.7821026
       3.5100000       3.7702089
       3.5200000       3.7583649
       3.5300000       3.7464616
       3.5400000       3.7346731
       3.5500000       3.7228774
       3.5600000       3.7109523
       3.5700000       3.6991327
       3.5800000       3.6872713
       3.5900000       3.6753824
       3.6000000       3.6635175
       3.6100000       3.6516164
       3.6200000       3.6396832
       3.6300000       3.6277415
       3.6400000       3.6157481
       3.6500000       3.6037385
       3.6600000       3.5917538
       3.6700000       3.5796100
       3.6800000       3.5674784
       3.6900000       3.5553120
       3.7000000       3.5430896
       3.7100000       3.5308210
       3.7200000       3.5184951
       3.7300000       3.5061072
       3.7400000       3.4936601
       3.7500000       3.4811412
       3.7600000       3.4685523
       3.7700000       3.4558840
       3.7800000       3.4431356
       3.7900000       3.4302990
       3.8000000       3.4173631
       3.8100000       3.4043344
       3.8200000       3.3911988
       3.8300000       3.3779449
       3.8400000       3.3645705
       3.8500000       3.3510673
       3.8600000       3.3374299
       3.8700000       3.3236598
       3.8800000       3.3096398
       3.8900000       3.2955487
       3.9000000       3.2812649
       3.9100000       3.2667287
       3.9200000       3.2519756
       3.9300000       3.2370483
       3.9400000       3.2218496
       3.9500000       3.2063420
       3.9600000       3.1905307
       3.9700000       3.1743845
       3.9800000       3.1578588
       3.9900000       3.1409254
       4.0000000       3.1235317
       4.0100000       3.1056286
       4.0200000       3.0871347
       4.0300000       3.0679967
       4.0400000       3.0480969
       4.0500000       3.0273736
       4.0600000       3.0056388
       4.0700000       2.9827407
       4.0800000       2.9584923
       4.0900000       2.9326238
       4.1000000       2.9048009
       4.1100000       2.8745759
       4.1200000       2.8413399
       4.1300000       2.8042741
       4.1400000       2.7621918
       4.1500000       2.7133025
       4.1600000       2.6547804
       4.1700000       2.5817153
       4.1800000       2.4843764
       4.1900000       2.3315109
       4.2000000       2.0254403
       4.2100000       1.7382053
       4.2200000       1.5698385
       4.2300000       12.360385
       4.2400000       6.0098746
       4.2500000       5.8956325
       4.2600000       3.7410523
       4.2700000       2.8867881
       4.2800000       2.3215131
       4.2900000       2.6685592
       4.3000000       3.4046530
       4.3100000       3.8515082
       4.3200000       4.0513860
       4.3300000       3.5325156
       4.3400000       3.4843962
       4.3500000       3.3349722
       4.3600000       3.2777008
       4.3700000       3.1995190
       4.3800000       3.1444624
       4.3900000       3.0983804
       4.4000000       3.0574893
       4.4100000       3.0211026
       4.4200000       2.9881230
       4.4300000       2.9578330
       4.4400000       2.9289850
       4.4500000       2.9015187
       4.4600000       2.8764528
       4.4700000       2.8510552
       4.4800000       2.8282421
       4.4900000       2.8050981
       4.5000000       2.7821807
       4.5100000       2.7605826
       4.5200000       2.7372487
       4.5300000       2.7194586
       4.5400000       2.6988166
       4.5500000       2.6764947
       4.5600000       2.6571264
       4.5700000       2.6361768
       4.5800000       2.6164283
       4.5900000       2.5966657
       4.6000000       2.5763579
       4.6100000       2.5566622
       4.6200000       2.5359934
       4.6300000       2.5180794
       4.6400000       2.4971485
       4.6500000       2.4779427
       4.6600000       2.4549707
       4.6700000       2.4368658
       4.6800000       2.4120013
       4.6900000       2.4003998
       4.7000000       2.3792403
       4.7100000       2.3588654
       4.7200000       2.3372817
       4.7300000       2.3282397
       4.7400000       2.2981080
       4.7500000       2.2779015
       4.7600000       2.2515600
       4.7700000       2.2340596
       4.7800000       2.2043435
       4.7900000       2.1883681
       4.8000000       2.1724932
       4.8100000       2.1449809
       4.8200000       2.1138992
       4.8300000       2.0983087
       4.8400000       2.0036685
       4.8500000       2.0738433
       4.8600000       2.0496032
       4.8700000       2.0192584
       4.8800000       1.9888280
       4.8900000       1.9486533
       4.9000000       2.0392099
       4.9100000       1.9328065
       4.9200000       1.8969940
       4.9300000       1.8597366
       4.9400000       1.8270601
       4.9500000       1.7658677
       4.9600000       1.9841561
       4.9700000       1.7925905
       4.9800000       1.7289571
       4.9900000       1.7081320
       5.0000000       1.6414948
       5.0100000       1.5877301
       5.0200000     -0.14983845
       5.0300000       1.9348678
       5.0400000       1.6410539
       5.0500000       1.5785141
       5.0600000       1.4859768
       5.0700000       1.4613106
       5.0800000       1.2490992
       5.0900000       1.5347789
       5.1000000       1.4734454
       5.1100000       1.3419840
       5.1200000       1.3135945
       5.1300000       1.1779396
       5.1400000      0.80826446
       5.1500000       1.9085136
       5.1600000       1.3178803
       5.1700000       1.1759316
       5.1800000       1.0809313
       5.1900000      0.90752476
       5.2000000       4.0658101
       5.2100000      0.25284931
       5.2200000       1.5933166
       5.2300000       1.0850532
       5.2400000      0.96136918
       5.2500000      0.96093899
       5.2600000      0.91469561
       5.2700000      0.61190895
       5.2800000      0.85300372
       5.2900000     -0.24503560
       5.3000000      0.96835150
       5.3100000      0.77844159
       5.3200000      0.52064113
       5.3300000      0.34009987
       5.3400000     -0.12844213
       5.3500000       8.6474036
       5.3600000       1.5450658
       5.3700000      0.66636820
       5.3800000      0.23483766
       5.3900000      0.17280410
       5.4000000     -0.15951699
       5.4100000      -1.1336291
       5.4200000      -4.9035688
       5.4300000       1.7801961
       5.4400000      0.35358589
       5.4500000     0.036348949
       5.4600000      -1.4956717
       5.4700000       1.4777805
       5.4800000       4.2239427
       5.4900000      0.61333304
       5.5000000       0.0000000
