# microns      mas
       1.5000000       65.882629
       1.5100000       65.784623
       1.5200000       65.689730
       1.5300000       65.602930
       1.5400000       65.515119
       1.5500000       65.428431
       1.5600000       65.342383
       1.5700000       65.256792
       1.5800000       65.171240
       1.5900000       65.085521
       1.6000000       64.999654
       1.6100000       64.913247
       1.6200000       64.826286
       1.6300000       64.738483
       1.6400000       64.649836
       1.6500000       64.559912
       1.6600000       64.468808
       1.6700000       64.375903
       1.6800000       64.281730
       1.6900000       64.183721
       1.7000000       64.084465
       1.7100000       63.981710
       1.7200000       63.872700
       1.7300000       63.761856
       1.7400000       63.646469
       1.7500000       63.518314
       1.7600000       63.377995
       1.7700000       63.229000
       1.7800000       63.047202
       1.7900000       62.814298
       1.8000000       62.688622
       1.8100000       61.977911
       1.8200000       59.934929
       1.8300000       59.098201
       1.8400000       91.500732
       1.8500000       62.882315
       1.8600000       71.682692
       1.8700000       61.679230
       1.8800000       64.179126
       1.8900000       58.728997
       1.9000000       67.785832
       1.9100000       63.505423
       1.9200000       65.202307
       1.9300000       63.625327
       1.9400000       64.203681
       1.9500000       63.454469
       1.9600000       63.038805
       1.9700000       62.803055
       1.9800000       62.782917
       1.9900000       62.439792
       2.0000000       62.322990
       2.0100000       62.180735
       2.0200000       62.039069
       2.0300000       61.909864
       2.0400000       61.769423
       2.0500000       61.649516
       2.0600000       61.521575
       2.0700000       61.396420
       2.0800000       61.268140
       2.0900000       61.136625
       2.1000000       61.011568
       2.1100000       60.883890
       2.1200000       60.752253
       2.1300000       60.620916
       2.1400000       60.487141
       2.1500000       60.351542
       2.1600000       60.215552
       2.1700000       60.073916
       2.1800000       59.930855
       2.1900000       59.785162
       2.2000000       59.640178
       2.2100000       59.484809
       2.2200000       59.329117
       2.2300000       59.169121
       2.2400000       59.004779
       2.2500000       58.835772
       2.2600000       58.661571
       2.2700000       58.482021
       2.2800000       58.295897
       2.2900000       58.103092
       2.3000000       57.903664
       2.3100000       57.695592
       2.3200000       57.477901
       2.3300000       57.252128
       2.3400000       57.013382
       2.3500000       56.768390
       2.3600000       56.502900
       2.3700000       56.219772
       2.3800000       55.932177
       2.3900000       55.612931
       2.4000000       55.270269
       2.4100000       55.000925
       2.4200000       54.612003
       2.4300000       54.083506
       2.4400000       53.669970
       2.4500000       52.926323
       2.4600000       52.548230
       2.4700000       51.778539
       2.4800000       51.078013
       2.4900000       50.396466
       2.5000000       49.344905
       2.5100000       47.897161
       2.5200000       46.967326
       2.5300000       44.357417
       2.5400000       41.917655
       2.5500000       36.846370
       2.5600000      -1.7897479
       2.5700000       125.53568
       2.5800000       27.224633
       2.5900000       50.662526
       2.6000000       54.030703
       2.6100000       136.78816
       2.6200000      -28.964690
       2.6300000      -3.2114407
       2.6400000       59.921186
       2.6500000       44.853669
       2.6600000       63.372610
       2.6700000      -108.60201
       2.6800000       134.07821
       2.6900000       65.577527
       2.7000000       61.608802
       2.7100000       44.703543
       2.7200000      -71.580135
       2.7300000       75.957116
       2.7400000      -36.191557
       2.7500000       66.982587
       2.7600000       73.161756
       2.7700000       58.655606
       2.7800000       73.735040
       2.7900000       80.404539
       2.8000000       67.350893
       2.8100000       75.334061
       2.8200000       72.146337
       2.8300000       69.918842
       2.8400000       71.351452
       2.8500000       75.918239
       2.8600000       74.475794
       2.8700000       66.401678
       2.8800000       66.734688
       2.8900000       66.618912
       2.9000000       64.045666
       2.9100000       65.387225
       2.9200000       64.139934
       2.9300000       64.752796
       2.9400000       63.704948
       2.9500000       63.561303
       2.9600000       63.154612
       2.9700000       62.530830
       2.9800000       62.699639
       2.9900000       62.089706
       3.0000000       62.003740
       3.0100000       61.671525
       3.0200000       61.210717
       3.0300000       60.868474
       3.0400000       60.731993
       3.0500000       60.452278
       3.0600000       60.495799
       3.0700000       58.490116
       3.0800000       59.649739
       3.0900000       60.449373
       3.1000000       59.715459
       3.1100000       59.205379
       3.1200000       59.437927
       3.1300000       59.464740
       3.1400000       60.089981
       3.1500000       59.047147
       3.1600000       58.660215
       3.1700000       58.397967
       3.1800000       58.121261
       3.1900000       57.564009
       3.2000000       58.087447
       3.2100000       58.577481
       3.2200000       57.629265
       3.2300000       53.023724
       3.2400000       57.449131
       3.2500000       57.604114
       3.2600000       56.007232
       3.2700000       56.868003
       3.2800000       56.524703
       3.2900000       56.580859
       3.3000000       57.690745
       3.3100000       56.522986
       3.3200000       57.079095
       3.3300000       56.424571
       3.3400000       56.145211
       3.3500000       55.907913
       3.3600000       55.717604
       3.3700000       55.587481
       3.3800000       55.441213
       3.3900000       55.307313
       3.4000000       55.142054
       3.4100000       55.054506
       3.4200000       54.861322
       3.4300000       54.710198
       3.4400000       54.558402
       3.4500000       54.421054
       3.4600000       54.296641
       3.4700000       54.136917
       3.4800000       53.996232
       3.4900000       53.854362
       3.5000000       53.714878
       3.5100000       53.574369
       3.5200000       53.434985
       3.5300000       53.294625
       3.5400000       53.155912
       3.5500000       53.017673
       3.5600000       52.877209
       3.5700000       52.738850
       3.5800000       52.599760
       3.5900000       52.460571
       3.6000000       52.322040
       3.6100000       52.183049
       3.6200000       52.043861
       3.6300000       51.904904
       3.6400000       51.765459
       3.6500000       51.625996
       3.6600000       51.487502
       3.6700000       51.346676
       3.6800000       51.206708
       3.6900000       51.066504
       3.7000000       50.926051
       3.7100000       50.785301
       3.7200000       50.644421
       3.7300000       50.503157
       3.7400000       50.361589
       3.7500000       50.219698
       3.7600000       50.077472
       3.7700000       49.934872
       3.7800000       49.791910
       3.7900000       49.648602
       3.8000000       49.504815
       3.8100000       49.360661
       3.8200000       49.216090
       3.8300000       49.071060
       3.8400000       48.925565
       3.8500000       48.779605
       3.8600000       48.633148
       3.8700000       48.486196
       3.8800000       48.338701
       3.8900000       48.190709
       3.9000000       48.042170
       3.9100000       47.893056
       3.9200000       47.743355
       3.9300000       47.593013
       3.9400000       47.442187
       3.9500000       47.290662
       3.9600000       47.138475
       3.9700000       46.985682
       3.9800000       46.832115
       3.9900000       46.677889
       4.0000000       46.522955
       4.0100000       46.367223
       4.0200000       46.210706
       4.0300000       46.053439
       4.0400000       45.895278
       4.0500000       45.736419
       4.0600000       45.576433
       4.0700000       45.415461
       4.0800000       45.253500
       4.0900000       45.090471
       4.1000000       44.926246
       4.1100000       44.760791
       4.1200000       44.593850
       4.1300000       44.425306
       4.1400000       44.254824
       4.1500000       44.082027
       4.1600000       43.906389
       4.1700000       43.726564
       4.1800000       43.540603
       4.1900000       43.340868
       4.2000000       43.105707
       4.2100000       42.881115
       4.2200000       42.683905
       4.2300000       44.812740
       4.2400000       43.271155
       4.2500000       43.066222
       4.2600000       42.455072
       4.2700000       42.104140
       4.2800000       41.805455
       4.2900000       41.700824
       4.3000000       41.678438
       4.3100000       41.601840
       4.3200000       41.475711
       4.3300000       41.178842
       4.3400000       40.988345
       4.3500000       40.772795
       4.3600000       40.577791
       4.3700000       40.376776
       4.3800000       40.177095
       4.3900000       39.979708
       4.4000000       39.785158
       4.4100000       39.584443
       4.4200000       39.385070
       4.4300000       39.193364
       4.4400000       38.991769
       4.4500000       38.781529
       4.4600000       38.587286
       4.4700000       38.379220
       4.4800000       38.171698
       4.4900000       37.971245
       4.5000000       37.757232
       4.5100000       37.548478
       4.5200000       37.336498
       4.5300000       37.120314
       4.5400000       36.912021
       4.5500000       36.695632
       4.5600000       36.481167
       4.5700000       36.244667
       4.5800000       36.032193
       4.5900000       35.811075
       4.6000000       35.577105
       4.6100000       35.349141
       4.6200000       35.101682
       4.6300000       34.904210
       4.6400000       34.646781
       4.6500000       34.416437
       4.6600000       34.122214
       4.6700000       33.907795
       4.6800000       33.572046
       4.6900000       33.475157
       4.7000000       33.198985
       4.7100000       32.943689
       4.7200000       32.663344
       4.7300000       32.613389
       4.7400000       32.173956
       4.7500000       31.911494
       4.7600000       31.552195
       4.7700000       31.332756
       4.7800000       30.910003
       4.7900000       30.714898
       4.8000000       30.542121
       4.8100000       30.154922
       4.8200000       29.718726
       4.8300000       29.520633
       4.8400000       27.986911
       4.8500000       29.279426
       4.8600000       28.933653
       4.8700000       28.501658
       4.8800000       28.074168
       4.8900000       27.491530
       4.9000000       29.070735
       4.9100000       27.363470
       4.9200000       26.843439
       4.9300000       26.304475
       4.9400000       25.818526
       4.9500000       24.897848
       4.9600000       28.531613
       4.9700000       25.479205
       4.9800000       24.487003
       4.9900000       24.244602
       5.0000000       23.257669
       5.0100000       22.427092
       5.0200000      -4.8765557
       5.0300000       28.187995
       5.0400000       23.468948
       5.0500000       22.532221
       5.0600000       21.179006
       5.0700000       20.788366
       5.0800000       17.487855
       5.0900000       22.077444
       5.1000000       21.160535
       5.1100000       19.169611
       5.1200000       18.788304
       5.1300000       16.692484
       5.1400000       11.162972
       5.1500000       27.772815
       5.1600000       18.970082
       5.1700000       16.864006
       5.1800000       15.482913
       5.1900000       12.861287
       5.2000000       61.827044
       5.2100000       3.2895250
       5.2200000       23.354549
       5.2300000       15.736121
       5.2400000       13.832438
       5.2500000       14.055212
       5.2600000       13.337991
       5.2700000       8.2858853
       5.2800000       12.438440
       5.2900000      -4.0231308
       5.3000000       14.310848
       5.3100000       11.469634
       5.3200000       7.5287858
       5.3300000       5.0466821
       5.3400000      -1.8886876
       5.3500000       127.14896
       5.3600000       22.838500
       5.3700000       9.8102208
       5.3800000       3.3237864
       5.3900000       2.7811145
       5.4000000      -2.1265397
       5.4100000      -16.693372
       5.4200000      -69.981217
       5.4300000       26.533547
       5.4400000       5.3302977
       5.4500000      0.85610576
       5.4600000      -21.204253
       5.4700000       21.318095
       5.4800000       63.540677
       5.4900000       9.4275972
       5.5000000       0.0000000
