# microns      mas
       1.5000000       168.38941
       1.5100000       168.16689
       1.5200000       167.94950
       1.5300000       167.75800
       1.5400000       167.56071
       1.5500000       167.36580
       1.5600000       167.17201
       1.5700000       166.97909
       1.5800000       166.78575
       1.5900000       166.59149
       1.6000000       166.39645
       1.6100000       166.19959
       1.6200000       166.00087
       1.6300000       165.79959
       1.6400000       165.59574
       1.6500000       165.38821
       1.6600000       165.17730
       1.6700000       164.96137
       1.6800000       164.74212
       1.6900000       164.51171
       1.7000000       164.27877
       1.7100000       164.03607
       1.7200000       163.77549
       1.7300000       163.51220
       1.7400000       163.23654
       1.7500000       162.92620
       1.7600000       162.58236
       1.7700000       162.21766
       1.7800000       161.76106
       1.7900000       161.16300
       1.8000000       161.04142
       1.8100000       158.99883
       1.8200000       153.63736
       1.8300000       151.79382
       1.8400000       231.50688
       1.8500000       161.49605
       1.8600000       181.62745
       1.8700000       158.21816
       1.8800000       164.73738
       1.8900000       151.73864
       1.9000000       173.14546
       1.9100000       162.88036
       1.9200000       167.21696
       1.9300000       163.36183
       1.9400000       165.32348
       1.9500000       163.30029
       1.9600000       162.07196
       1.9700000       161.46616
       1.9800000       161.44322
       1.9900000       160.55786
       2.0000000       160.27396
       2.0100000       159.91919
       2.0200000       159.56771
       2.0300000       159.24769
       2.0400000       158.89231
       2.0500000       158.60614
       2.0600000       158.29118
       2.0700000       157.98248
       2.0800000       157.66624
       2.0900000       157.34223
       2.1000000       157.03335
       2.1100000       156.71833
       2.1200000       156.39292
       2.1300000       156.06843
       2.1400000       155.73779
       2.1500000       155.40200
       2.1600000       155.06467
       2.1700000       154.71370
       2.1800000       154.35869
       2.1900000       153.99683
       2.2000000       153.63700
       2.2100000       153.24983
       2.2200000       152.86205
       2.2300000       152.46346
       2.2400000       152.05336
       2.2500000       151.63131
       2.2600000       151.19578
       2.2700000       150.74683
       2.2800000       150.28026
       2.2900000       149.79649
       2.3000000       149.29675
       2.3100000       148.77399
       2.3200000       148.22547
       2.3300000       147.65795
       2.3400000       147.05653
       2.3500000       146.43975
       2.3600000       145.76929
       2.3700000       145.04995
       2.3800000       144.32530
       2.3900000       143.51731
       2.4000000       142.64755
       2.4100000       141.99109
       2.4200000       141.02320
       2.4300000       139.62920
       2.4400000       138.58014
       2.4500000       136.63443
       2.4600000       135.70826
       2.4700000       133.71677
       2.4800000       131.95100
       2.4900000       130.11754
       2.5000000       127.34867
       2.5100000       123.61829
       2.5200000       121.56905
       2.5300000       113.31248
       2.5400000       108.39545
       2.5500000       94.487605
       2.5600000      -13.385087
       2.5700000       332.78277
       2.5800000       75.114547
       2.5900000       137.19169
       2.6000000       142.88102
       2.6100000       339.10388
       2.6200000      -53.904818
       2.6300000       9.3998845
       2.6400000       152.29914
       2.6500000       116.76973
       2.6600000       153.38752
       2.6700000      -278.42382
       2.6800000       331.66507
       2.6900000       170.61713
       2.7000000       158.55111
       2.7100000       117.18317
       2.7200000      -168.49299
       2.7300000       191.63158
       2.7400000      -97.340037
       2.7500000       168.33457
       2.7600000       184.29736
       2.7700000       144.16698
       2.7800000       186.50244
       2.7900000       210.20370
       2.8000000       170.61766
       2.8100000       196.01523
       2.8200000       186.74099
       2.8300000       180.98263
       2.8400000       185.37442
       2.8500000       198.93350
       2.8600000       194.09528
       2.8700000       171.33406
       2.8800000       172.51178
       2.8900000       172.81670
       2.9000000       165.65224
       2.9100000       169.62517
       2.9200000       165.63250
       2.9300000       167.68222
       2.9400000       164.64531
       2.9500000       164.42928
       2.9600000       163.43080
       2.9700000       161.85239
       2.9800000       162.19667
       2.9900000       160.50075
       3.0000000       160.44401
       3.0100000       159.50208
       3.0200000       158.16028
       3.0300000       157.30367
       3.0400000       157.06029
       3.0500000       156.38974
       3.0600000       156.44866
       3.0700000       151.45065
       3.0800000       154.34739
       3.0900000       156.23276
       3.1000000       154.43020
       3.1100000       153.22215
       3.1200000       153.69842
       3.1300000       153.76314
       3.1400000       155.16121
       3.1500000       152.67251
       3.1600000       151.72464
       3.1700000       151.05842
       3.1800000       150.37424
       3.1900000       149.00004
       3.2000000       150.40221
       3.2100000       151.48797
       3.2200000       149.15947
       3.2300000       138.28499
       3.2400000       148.66347
       3.2500000       149.04764
       3.2600000       145.10532
       3.2700000       147.13174
       3.2800000       146.30680
       3.2900000       146.42171
       3.3000000       149.30029
       3.3100000       146.29004
       3.3200000       147.90541
       3.3300000       146.12583
       3.3400000       145.38722
       3.3500000       144.77048
       3.3600000       144.26272
       3.3700000       143.93983
       3.3800000       143.56810
       3.3900000       143.25664
       3.4000000       142.82662
       3.4100000       142.65614
       3.4200000       142.12270
       3.4300000       141.73440
       3.4400000       141.35052
       3.4500000       141.00164
       3.4600000       140.71561
       3.4700000       140.28211
       3.4800000       139.92565
       3.4900000       139.56519
       3.5000000       139.21332
       3.5100000       138.85715
       3.5200000       138.50499
       3.5300000       138.14924
       3.5400000       137.79839
       3.5500000       137.44930
       3.5600000       137.09331
       3.5700000       136.74371
       3.5800000       136.39190
       3.5900000       136.03995
       3.6000000       135.68998
       3.6100000       135.33874
       3.6200000       134.98681
       3.6300000       134.63585
       3.6400000       134.28339
       3.6500000       133.93101
       3.6600000       133.58200
       3.6700000       133.22551
       3.6800000       132.87204
       3.6900000       132.51801
       3.7000000       132.16339
       3.7100000       131.80802
       3.7200000       131.45254
       3.7300000       131.09606
       3.7400000       130.73887
       3.7500000       130.38093
       3.7600000       130.02223
       3.7700000       129.66262
       3.7800000       129.30219
       3.7900000       128.94104
       3.8000000       128.57865
       3.8100000       128.21550
       3.8200000       127.85142
       3.8300000       127.48629
       3.8400000       127.12009
       3.8500000       126.75286
       3.8600000       126.38450
       3.8700000       126.01505
       3.8800000       125.64452
       3.8900000       125.27278
       3.9000000       124.89987
       3.9100000       124.52585
       3.9200000       124.15055
       3.9300000       123.77368
       3.9400000       123.39625
       3.9500000       123.01727
       3.9600000       122.63695
       3.9700000       122.25565
       3.9800000       121.87266
       3.9900000       121.48864
       4.0000000       121.10350
       4.0100000       120.71684
       4.0200000       120.32903
       4.0300000       119.94029
       4.0400000       119.55022
       4.0500000       119.15998
       4.0600000       118.76755
       4.0700000       118.37450
       4.0800000       117.98087
       4.0900000       117.58688
       4.1000000       117.19263
       4.1100000       116.79887
       4.1200000       116.40563
       4.1300000       116.01400
       4.1400000       115.62480
       4.1500000       115.23987
       4.1600000       114.86242
       4.1700000       114.49632
       4.1800000       114.15287
       4.1900000       113.87153
       4.2000000       113.74787
       4.2100000       113.50392
       4.2200000       113.12094
       4.2300000       102.95106
       4.2400000       108.44385
       4.2500000       108.19700
       4.2600000       109.43392
       4.2700000       109.68947
       4.2800000       109.78511
       4.2900000       109.04202
       4.3000000       107.94062
       4.3100000       106.99586
       4.3200000       106.22214
       4.3300000       106.27690
       4.3400000       105.81183
       4.3500000       105.49487
       4.3600000       105.04485
       4.3700000       104.64745
       4.3800000       104.20003
       4.3900000       103.74583
       4.4000000       103.29993
       4.4100000       102.81747
       4.4200000       102.33562
       4.4300000       101.88790
       4.4400000       101.39266
       4.4500000       100.85810
       4.4600000       100.39347
       4.4700000       99.871674
       4.4800000       99.349639
       4.4900000       98.864446
       4.5000000       98.318516
       4.5100000       97.797260
       4.5200000       97.264215
       4.5300000       96.711524
       4.5400000       96.202419
       4.5500000       95.657849
       4.5600000       95.122217
       4.5700000       94.497593
       4.5800000       93.980382
       4.5900000       93.422921
       4.6000000       92.821054
       4.6100000       92.237406
       4.6200000       91.585602
       4.6300000       91.146071
       4.6400000       90.457142
       4.6500000       89.874519
       4.6600000       89.075713
       4.6700000       88.547612
       4.6800000       87.573016
       4.6900000       87.519054
       4.7000000       86.787572
       4.7100000       86.124153
       4.7200000       85.380954
       4.7300000       85.551290
       4.7400000       84.183921
       4.7500000       83.495582
       4.7600000       82.520039
       4.7700000       81.967888
       4.7800000       80.754455
       4.7900000       80.277383
       4.8000000       80.024921
       4.8100000       78.906758
       4.8200000       77.775536
       4.8300000       77.261620
       4.8400000       72.190777
       4.8500000       76.999673
       4.8600000       76.004670
       4.8700000       74.817589
       4.8800000       73.639773
       4.8900000       72.033532
       4.9000000       77.471290
       4.9100000       72.025060
       4.9200000       70.562494
       4.9300000       69.064768
       4.9400000       67.625546
       4.9500000       64.981075
       4.9600000       76.763683
       4.9700000       67.323981
       4.9800000       64.267947
       4.9900000       63.892139
       5.0000000       61.150087
       5.0100000       58.640033
       5.0200000      -22.453388
       5.0300000       77.181378
       5.0400000       62.465902
       5.0500000       59.809652
       5.0600000       56.180105
       5.0700000       54.917250
       5.0800000       45.184193
       5.0900000       59.223336
       5.1000000       56.629622
       5.1100000       51.010675
       5.1200000       50.108674
       5.1300000       43.877110
       5.1400000       28.854305
       5.1500000       74.357191
       5.1600000       50.710328
       5.1700000       45.113581
       5.1800000       41.504828
       5.1900000       34.149267
       5.2000000       175.81211
       5.2100000       9.1871289
       5.2200000       63.564262
       5.2300000       42.754242
       5.2400000       37.195439
       5.2500000       38.856606
       5.2600000       36.799607
       5.2700000       18.974083
       5.2800000       34.223718
       5.2900000      -10.695572
       5.3000000       39.888506
       5.3100000       32.114288
       5.3200000       20.591593
       5.3300000       15.166974
       5.3400000      -3.4827183
       5.3500000       336.18209
       5.3600000       62.174401
       5.3700000       27.091278
       5.3800000       9.2708512
       5.3900000       9.7503760
       5.4000000      -3.4511500
       5.4100000      -43.062978
       5.4200000      -173.12037
       5.4300000       73.345247
       5.4400000       15.722577
       5.4500000       4.5843565
       5.4600000      -51.158011
       5.4700000       55.084496
       5.4800000       175.58108
       5.4900000       27.445336
       5.5000000       0.0000000
