# microns      mas
       1.5000000       84.586775
       1.5100000       84.462677
       1.5200000       84.342545
       1.5300000       84.232782
       1.5400000       84.121684
       1.5500000       84.011995
       1.5600000       83.903095
       1.5700000       83.794749
       1.5800000       83.686420
       1.5900000       83.577844
       1.6000000       83.469049
       1.6100000       83.359529
       1.6200000       83.249266
       1.6300000       83.137892
       1.6400000       83.025406
       1.6500000       82.911250
       1.6600000       82.795550
       1.6700000       82.677509
       1.6800000       82.557811
       1.6900000       82.433157
       1.7000000       82.306876
       1.7100000       82.176071
       1.7200000       82.037199
       1.7300000       81.895948
       1.7400000       81.748834
       1.7500000       81.585279
       1.7600000       81.406061
       1.7700000       81.215668
       1.7800000       80.983074
       1.7900000       80.684746
       1.8000000       80.524279
       1.8100000       79.611514
       1.8200000       76.985606
       1.8300000       75.910764
       1.8400000       117.57725
       1.8500000       80.778751
       1.8600000       92.095915
       1.8700000       79.233784
       1.8800000       82.449321
       1.8900000       75.442150
       1.9000000       87.089023
       1.9100000       81.585928
       1.9200000       83.768837
       1.9300000       81.741969
       1.9400000       82.486566
       1.9500000       81.524081
       1.9600000       80.990472
       1.9700000       80.688186
       1.9800000       80.663145
       1.9900000       80.222778
       2.0000000       80.073431
       2.0100000       79.891319
       2.0200000       79.709926
       2.0300000       79.544591
       2.0400000       79.364789
       2.0500000       79.211376
       2.0600000       79.047617
       2.0700000       78.887434
       2.0800000       78.723224
       2.0900000       78.554840
       2.1000000       78.394752
       2.1100000       78.231284
       2.1200000       78.062714
       2.1300000       77.894522
       2.1400000       77.723184
       2.1500000       77.549492
       2.1600000       77.375287
       2.1700000       77.193814
       2.1800000       77.010500
       2.1900000       76.823793
       2.2000000       76.637989
       2.2100000       76.438821
       2.2200000       76.239234
       2.2300000       76.034102
       2.2400000       75.823373
       2.2500000       75.606640
       2.2600000       75.383220
       2.2700000       75.152913
       2.2800000       74.914147
       2.2900000       74.666780
       2.3000000       74.410895
       2.3100000       74.143885
       2.3200000       73.864499
       2.3300000       73.574716
       2.3400000       73.268243
       2.3500000       72.953735
       2.3600000       72.612859
       2.3700000       72.249304
       2.3800000       71.879990
       2.3900000       71.469975
       2.4000000       71.029844
       2.4100000       70.683985
       2.4200000       70.184359
       2.4300000       69.505254
       2.4400000       68.973966
       2.4500000       68.018195
       2.4600000       67.532473
       2.4700000       66.543202
       2.4800000       65.642863
       2.4900000       64.766925
       2.5000000       63.415192
       2.5100000       61.554015
       2.5200000       60.358798
       2.5300000       57.003221
       2.5400000       53.866428
       2.5500000       47.345836
       2.5600000      -2.3347566
       2.5700000       161.38953
       2.5800000       34.974776
       2.5900000       65.113256
       2.6000000       69.444700
       2.6100000       175.86039
       2.6200000      -37.275726
       2.6300000      -4.1599853
       2.6400000       77.020770
       2.6500000       57.646375
       2.6600000       81.459864
       2.6700000      -139.67668
       2.6800000       172.38039
       2.6900000       84.295367
       2.7000000       79.194211
       2.7100000       57.453549
       2.7200000      -92.071297
       2.7300000       97.643457
       2.7400000      -46.564457
       2.7500000       86.104427
       2.7600000       94.049867
       2.7700000       75.397920
       2.7800000       94.787352
       2.7900000       103.36361
       2.8000000       86.579127
       2.8100000       96.844585
       2.8200000       92.745978
       2.8300000       89.882085
       2.8400000       91.724578
       2.8500000       97.597204
       2.8600000       95.742729
       2.8700000       85.360789
       2.8800000       85.789309
       2.8900000       85.640741
       2.9000000       82.332182
       2.9100000       84.057549
       2.9200000       82.453988
       2.9300000       83.242338
       2.9400000       81.895231
       2.9500000       81.710805
       2.9600000       81.188136
       2.9700000       80.386312
       2.9800000       80.603655
       2.9900000       79.819633
       3.0000000       79.709361
       3.0100000       79.282446
       3.0200000       78.690173
       3.0300000       78.250357
       3.0400000       78.075123
       3.0500000       77.715706
       3.0600000       77.771926
       3.0700000       75.193135
       3.0800000       76.684514
       3.0900000       77.712991
       3.1000000       76.769523
       3.1100000       76.113877
       3.1200000       76.413150
       3.1300000       76.447874
       3.1400000       77.252097
       3.1500000       75.911391
       3.1600000       75.414088
       3.1700000       75.077112
       3.1800000       74.721544
       3.1900000       74.005229
       3.2000000       74.678542
       3.2100000       75.308902
       3.2200000       74.089863
       3.2300000       68.167993
       3.2400000       73.858783
       3.2500000       74.058302
       3.2600000       72.005213
       3.2700000       73.112187
       3.2800000       72.670906
       3.2900000       72.743328
       3.3000000       74.170727
       3.3100000       72.669403
       3.3200000       73.384594
       3.3300000       72.543226
       3.3400000       72.184238
       3.3500000       71.879323
       3.3600000       71.634827
       3.3700000       71.467719
       3.3800000       71.279943
       3.3900000       71.107924
       3.4000000       70.895632
       3.4100000       70.783272
       3.4200000       70.535079
       3.4300000       70.340966
       3.4400000       70.146010
       3.4500000       69.969612
       3.4600000       69.809852
       3.4700000       69.604686
       3.4800000       69.424001
       3.4900000       69.241796
       3.5000000       69.062660
       3.5100000       68.882203
       3.5200000       68.703195
       3.5300000       68.522932
       3.5400000       68.344786
       3.5500000       68.167254
       3.5600000       67.986859
       3.5700000       67.809173
       3.5800000       67.630548
       3.5900000       67.451796
       3.6000000       67.273893
       3.6100000       67.095398
       3.6200000       66.916653
       3.6300000       66.738207
       3.6400000       66.559136
       3.6500000       66.380043
       3.6600000       66.202199
       3.6700000       66.021358
       3.6800000       65.841624
       3.6900000       65.661589
       3.7000000       65.481238
       3.7100000       65.300506
       3.7200000       65.119613
       3.7300000       64.938229
       3.7400000       64.756460
       3.7500000       64.574278
       3.7600000       64.391672
       3.7700000       64.208590
       3.7800000       64.025048
       3.7900000       63.841068
       3.8000000       63.656478
       3.8100000       63.471424
       3.8200000       63.285840
       3.8300000       63.099676
       3.8400000       62.912924
       3.8500000       62.725582
       3.8600000       62.537613
       3.8700000       62.349016
       3.8800000       62.159743
       3.8900000       61.969835
       3.9000000       61.779238
       3.9100000       61.587925
       3.9200000       61.395875
       3.9300000       61.203014
       3.9400000       61.009554
       3.9500000       60.815223
       3.9600000       60.620066
       3.9700000       60.424160
       3.9800000       60.227292
       3.9900000       60.029615
       4.0000000       59.831068
       4.0100000       59.631542
       4.0200000       59.431062
       4.0300000       59.229678
       4.0400000       59.027216
       4.0500000       58.823935
       4.0600000       58.619300
       4.0700000       58.413510
       4.0800000       58.206580
       4.0900000       57.998435
       4.1000000       57.788944
       4.1100000       57.578110
       4.1200000       57.365663
       4.1300000       57.151537
       4.1400000       56.935422
       4.1500000       56.717016
       4.1600000       56.495933
       4.1700000       56.270948
       4.1800000       56.040578
       4.1900000       55.798502
       4.2000000       55.527019
       4.2100000       55.263745
       4.2200000       55.022427
       4.2300000       56.682726
       4.2400000       55.341121
       4.2500000       55.092195
       4.2600000       54.510441
       4.2700000       54.140977
       4.2800000       53.813888
       4.2900000       53.644924
       4.3000000       53.542551
       4.3100000       53.395480
       4.3200000       53.207753
       4.3300000       52.879028
       4.3400000       52.636775
       4.3500000       52.374220
       4.3600000       52.127478
       4.3700000       51.876007
       4.3800000       51.623576
       4.3900000       51.373140
       4.4000000       51.125849
       4.4100000       50.870097
       4.4200000       50.615710
       4.4300000       50.370945
       4.4400000       50.113260
       4.4500000       49.844263
       4.4600000       49.595671
       4.4700000       49.329262
       4.4800000       49.063291
       4.4900000       48.806471
       4.5000000       48.532120
       4.5100000       48.264420
       4.5200000       47.992726
       4.5300000       47.715046
       4.5400000       47.447830
       4.5500000       47.170334
       4.5600000       46.895013
       4.5700000       46.591399
       4.5800000       46.318680
       4.5900000       46.034805
       4.6000000       45.734380
       4.6100000       45.441654
       4.6200000       45.123841
       4.6300000       44.870287
       4.6400000       44.539622
       4.6500000       44.243758
       4.6600000       43.865751
       4.6700000       43.590346
       4.6800000       43.158914
       4.6900000       43.034615
       4.7000000       42.679734
       4.7100000       42.351747
       4.7200000       41.991514
       4.7300000       41.927526
       4.7400000       41.362710
       4.7500000       41.025449
       4.7600000       40.563660
       4.7700000       40.281708
       4.7800000       39.738311
       4.7900000       39.487638
       4.8000000       39.265670
       4.8100000       38.767998
       4.8200000       38.207243
       4.8300000       37.952711
       4.8400000       35.980757
       4.8500000       37.642914
       4.8600000       37.198451
       4.8700000       36.643113
       4.8800000       36.093609
       4.8900000       35.344554
       4.9000000       37.375358
       4.9100000       35.180189
       4.9200000       34.511647
       4.9300000       33.818754
       4.9400000       33.194028
       4.9500000       32.010296
       4.9600000       36.682979
       4.9700000       32.758114
       4.9800000       31.482402
       4.9900000       31.170834
       5.0000000       29.901894
       5.0100000       28.834002
       5.0200000      -6.2748055
       5.0300000       36.242013
       5.0400000       30.174052
       5.0500000       28.969658
       5.0600000       27.229713
       5.0700000       26.727512
       5.0800000       22.483596
       5.0900000       28.385316
       5.1000000       27.206398
       5.1100000       24.646432
       5.1200000       24.156226
       5.1300000       21.461375
       5.1400000       14.351245
       5.1500000       35.709435
       5.1600000       24.390367
       5.1700000       21.682327
       5.1800000       19.906509
       5.1900000       16.535535
       5.2000000       79.499197
       5.2100000       4.2276809
       5.2200000       30.028778
       5.2300000       20.232556
       5.2400000       17.784758
       5.2500000       18.071299
       5.2600000       17.149133
       5.2700000       10.652867
       5.2800000       15.992595
       5.2900000      -5.1747550
       5.3000000       18.400432
       5.3100000       14.747081
       5.3200000       9.6797434
       5.3300000       6.4881608
       5.3400000      -2.4297424
       5.3500000       163.49590
       5.3600000       29.366348
       5.3700000       12.613756
       5.3800000       4.2731215
       5.3900000       3.5753894
       5.4000000      -2.7351410
       5.4100000      -21.466116
       5.4200000      -89.987270
       5.4300000       34.118206
       5.4400000       6.8536629
       5.4500000       1.1005049
       5.4600000      -27.266172
       5.4700000       27.412090
       5.4800000       81.704886
       5.4900000       12.122595
       5.5000000       0.0000000
