# microns      mas
       1.5000000       75.238139
       1.5100000       75.130078
       1.5200000       75.024756
       1.5300000       74.930440
       1.5400000       74.834039
       1.5500000       74.738861
       1.5600000       74.644343
       1.5700000       74.550347
       1.5800000       74.456328
       1.5900000       74.362054
       1.6000000       74.267570
       1.6100000       74.172420
       1.6200000       74.076587
       1.6300000       73.979749
       1.6400000       73.881900
       1.6500000       73.782550
       1.6600000       73.681817
       1.6700000       73.578978
       1.6800000       73.474754
       1.6900000       73.365795
       1.7000000       73.255709
       1.7100000       73.141456
       1.7200000       73.019540
       1.7300000       72.896251
       1.7400000       72.767631
       1.7500000       72.623882
       1.7600000       72.465594
       1.7700000       72.297921
       1.7800000       72.090345
       1.7900000       71.821214
       1.8000000       71.740349
       1.8100000       70.854210
       1.8200000       68.479925
       1.8300000       67.624465
       1.8400000       103.40872
       1.8500000       71.931679
       1.8600000       81.126882
       1.8700000       70.486413
       1.8800000       73.370484
       1.8900000       67.488829
       1.9000000       77.189169
       1.9100000       72.549984
       1.9200000       74.477675
       1.9300000       72.740818
       1.9400000       73.555662
       1.9500000       72.664436
       1.9600000       72.134812
       1.9700000       71.863196
       1.9800000       71.847484
       1.9900000       71.451498
       2.0000000       71.321172
       2.0100000       71.160001
       2.0200000       71.000160
       2.0300000       70.854239
       2.0400000       70.693435
       2.0500000       70.561480
       2.0600000       70.417748
       2.0700000       70.276923
       2.0800000       70.132709
       2.0900000       69.985032
       2.1000000       69.844267
       2.1100000       69.700737
       2.1200000       69.552650
       2.1300000       69.404985
       2.1400000       69.254609
       2.1500000       69.102026
       2.1600000       68.948843
       2.1700000       68.789540
       2.1800000       68.628511
       2.1900000       68.464477
       2.2000000       68.301353
       2.2100000       68.126179
       2.2200000       67.950742
       2.2300000       67.770495
       2.2400000       67.585204
       2.2500000       67.394625
       2.2600000       67.198102
       2.2700000       66.995605
       2.2800000       66.785392
       2.2900000       66.567578
       2.3000000       66.342548
       2.3100000       66.107427
       2.3200000       65.861018
       2.3300000       65.605976
       2.3400000       65.335950
       2.3500000       65.059096
       2.3600000       64.758484
       2.3700000       64.436615
       2.3800000       64.111755
       2.3900000       63.750034
       2.4000000       63.361163
       2.4100000       63.064334
       2.4200000       62.629444
       2.4300000       62.013042
       2.4400000       61.544442
       2.4500000       60.682680
       2.4600000       60.265223
       2.4700000       59.381055
       2.4800000       58.591819
       2.4900000       57.785683
       2.5000000       56.562716
       2.5100000       54.905851
       2.5200000       53.952773
       2.5300000       50.459086
       2.5400000       48.119919
       2.5500000       42.035920
       2.5600000      -4.9376675
       2.5700000       146.80549
       2.5800000       32.849321
       2.5900000       60.243982
       2.6000000       63.084280
       2.6100000       151.95733
       2.6200000      -26.035654
       2.6300000       2.4042496
       2.6400000       67.856599
       2.6500000       51.737601
       2.6600000       69.142174
       2.6700000      -123.79265
       2.6800000       148.66803
       2.6900000       75.594529
       2.7000000       70.412244
       2.7100000       51.827285
       2.7200000      -76.472872
       2.7300000       85.513571
       2.7400000      -42.806045
       2.7500000       75.194474
       2.7600000       82.285667
       2.7700000       64.765349
       2.7800000       83.189223
       2.7900000       93.000349
       2.8000000       76.082357
       2.8100000       86.813364
       2.8200000       82.813657
       2.8300000       80.257502
       2.8400000       82.120868
       2.8500000       87.946913
       2.8600000       85.926013
       2.8700000       76.040200
       2.8800000       76.521686
       2.8900000       76.580062
       2.9000000       73.464121
       2.9100000       75.160745
       2.9200000       73.486760
       2.9300000       74.342746
       2.9400000       73.031607
       2.9500000       72.917864
       2.9600000       72.466466
       2.9700000       71.764272
       2.9800000       71.927007
       2.9900000       71.186616
       3.0000000       71.141799
       3.0100000       70.733011
       3.0200000       70.154556
       3.0300000       69.770523
       3.0400000       69.649557
       3.0500000       69.344275
       3.0600000       69.376553
       3.0700000       67.138991
       3.0800000       68.434300
       3.0900000       69.288430
       3.1000000       68.479093
       3.1100000       67.931292
       3.1200000       68.154274
       3.1300000       68.182729
       3.1400000       68.824508
       3.1500000       67.698335
       3.1600000       67.272073
       3.1700000       66.974776
       3.1800000       66.667279
       3.1900000       66.050647
       3.2000000       66.664760
       3.2100000       67.166232
       3.2200000       66.119532
       3.2300000       61.188652
       3.2400000       65.901105
       3.2500000       66.072690
       3.2600000       64.303742
       3.2700000       65.222907
       3.2800000       64.849666
       3.2900000       64.903656
       3.3000000       66.179237
       3.3100000       64.841945
       3.3200000       65.538886
       3.3300000       64.758347
       3.3400000       64.432003
       3.3500000       64.158087
       3.3600000       63.934032
       3.3700000       63.788783
       3.3800000       63.622456
       3.3900000       63.479749
       3.4000000       63.288805
       3.4100000       63.205984
       3.4200000       62.972911
       3.4300000       62.799877
       3.4400000       62.627967
       3.4500000       62.471980
       3.4600000       62.340139
       3.4700000       62.149968
       3.4800000       61.990467
       3.4900000       61.829281
       3.5000000       61.671627
       3.5100000       61.512265
       3.5200000       61.354542
       3.5300000       61.195356
       3.5400000       61.038271
       3.5500000       60.881894
       3.5600000       60.722589
       3.5700000       60.566005
       3.5800000       60.408478
       3.5900000       60.250866
       3.6000000       60.094101
       3.6100000       59.936772
       3.6200000       59.779160
       3.6300000       59.621922
       3.6400000       59.464043
       3.6500000       59.306183
       3.6600000       59.149706
       3.6700000       58.990074
       3.6800000       58.831676
       3.6900000       58.673018
       3.7000000       58.514083
       3.7100000       58.354805
       3.7200000       58.195436
       3.7300000       58.035614
       3.7400000       57.875457
       3.7500000       57.714943
       3.7600000       57.554066
       3.7700000       57.392761
       3.7800000       57.231063
       3.7900000       57.069005
       3.8000000       56.906378
       3.8100000       56.743371
       3.8200000       56.579910
       3.8300000       56.415943
       3.8400000       56.251457
       3.8500000       56.086467
       3.8600000       55.920927
       3.8700000       55.754850
       3.8800000       55.588191
       3.8900000       55.420975
       3.9000000       55.253166
       3.9100000       55.084755
       3.9200000       54.915695
       3.9300000       54.745890
       3.9400000       54.575678
       3.9500000       54.404673
       3.9600000       54.232949
       3.9700000       54.060630
       3.9800000       53.887430
       3.9900000       53.713582
       4.0000000       53.539026
       4.0100000       53.363594
       4.0200000       53.187382
       4.0300000       53.010459
       4.0400000       52.832615
       4.0500000       52.654259
       4.0600000       52.474571
       4.0700000       52.294036
       4.0800000       52.112619
       4.0900000       51.930278
       4.1000000       51.746913
       4.1100000       51.562613
       4.1200000       51.377122
       4.1300000       51.190511
       4.1400000       51.002569
       4.1500000       50.813213
       4.1600000       50.622419
       4.1700000       50.429431
       4.1800000       50.233945
       4.1900000       50.033098
       4.2000000       49.820381
       4.2100000       49.613484
       4.2200000       49.414729
       4.2300000       49.889740
       4.2400000       49.286955
       4.2500000       49.077242
       4.2600000       48.759706
       4.2700000       48.510364
       4.2800000       48.272477
       4.2900000       48.090404
       4.3000000       47.930964
       4.3100000       47.758882
       4.3200000       47.573498
       4.3300000       47.329855
       4.3400000       47.118523
       4.3500000       46.899716
       4.3600000       46.685983
       4.3700000       46.470919
       4.3800000       46.250726
       4.3900000       46.032267
       4.4000000       45.818522
       4.4100000       45.593095
       4.4200000       45.369518
       4.4300000       45.159857
       4.4400000       44.932560
       4.4500000       44.690639
       4.4600000       44.476572
       4.4700000       44.239976
       4.4800000       44.004220
       4.4900000       43.782276
       4.5000000       43.536983
       4.5100000       43.301532
       4.5200000       43.060953
       4.5300000       42.814205
       4.5400000       42.583058
       4.5500000       42.337705
       4.5600000       42.096666
       4.5700000       41.820052
       4.5800000       41.585326
       4.5900000       41.335213
       4.6000000       41.066818
       4.6100000       40.806269
       4.6200000       40.517728
       4.6300000       40.312995
       4.6400000       40.009513
       4.6500000       39.748774
       4.6600000       39.398161
       4.6700000       39.160194
       4.6800000       38.740213
       4.6900000       38.691732
       4.7000000       38.368853
       4.7100000       38.074326
       4.7200000       37.746325
       4.7300000       37.784627
       4.7400000       37.206005
       4.7500000       36.901359
       4.7600000       36.473529
       4.7700000       36.226704
       4.7800000       35.702082
       4.7900000       35.487790
       4.8000000       35.351348
       4.8100000       34.869226
       4.8200000       34.366524
       4.8300000       34.138872
       4.8400000       32.018698
       4.8500000       33.979732
       4.8600000       33.550272
       4.8700000       33.031453
       4.8800000       32.517017
       4.8900000       31.815313
       4.9000000       34.071223
       4.9100000       31.774184
       4.9200000       31.138678
       4.9300000       30.486176
       4.9400000       29.868846
       4.9500000       28.724660
       4.9600000       33.681170
       4.9700000       29.668196
       4.9800000       28.369148
       4.9900000       28.172540
       5.0000000       26.977128
       5.0100000       25.904515
       5.0200000      -8.9154859
       5.0300000       33.718407
       5.0400000       27.474627
       5.0500000       26.322323
       5.0600000       24.726797
       5.0700000       24.194606
       5.0800000       20.009800
       5.0900000       25.997114
       5.1000000       24.871757
       5.1100000       22.430038
       5.1200000       22.020578
       5.1300000       19.351800
       5.1400000       12.759806
       5.1500000       32.690778
       5.1600000       22.283863
       5.1700000       19.808394
       5.1800000       18.210107
       5.1900000       15.010137
       5.2000000       76.219136
       5.2100000       3.9496965
       5.2200000       27.816719
       5.2300000       18.700953
       5.2400000       16.306759
       5.2500000       16.925392
       5.2600000       16.029769
       5.2700000       8.7347089
       5.2800000       14.920797
       5.2900000      -4.7593024
       5.3000000       17.345432
       5.3100000       13.941549
       5.3200000       8.9946874
       5.3300000       6.4589974
       5.3400000      -1.7331159
       5.3500000       148.34583
       5.3600000       27.212010
       5.3700000       11.806082
       5.3800000       4.0101774
       5.3900000       4.0104693
       5.4000000      -1.7854454
       5.4100000      -19.154507
       5.4200000      -77.695973
       5.4300000       31.955646
       5.4400000       6.7241533
       5.4500000       1.7488396
       5.4600000      -23.136815
       5.4700000       24.402349
       5.4800000       76.624937
       5.4900000       11.813508
       5.5000000       0.0000000
