# microns      mas
       1.5000000       19.339057
       1.5100000       19.295177
       1.5200000       19.252590
       1.5300000       19.212298
       1.5400000       19.172162
       1.5500000       19.132643
       1.5600000       19.093595
       1.5700000       19.054948
       1.5800000       19.016604
       1.5900000       18.978490
       1.6000000       18.940593
       1.6100000       18.902809
       1.6200000       18.865130
       1.6300000       18.827459
       1.6400000       18.789797
       1.6500000       18.752018
       1.6600000       18.714140
       1.6700000       18.675989
       1.6800000       18.637688
       1.6900000       18.598590
       1.7000000       18.559303
       1.7100000       18.519272
       1.7200000       18.477780
       1.7300000       18.435867
       1.7400000       18.392892
       1.7500000       18.346658
       1.7600000       18.297321
       1.7700000       18.245691
       1.7800000       18.185555
       1.7900000       18.111903
       1.8000000       18.058372
       1.8100000       17.864151
       1.8200000       17.298878
       1.8300000       17.041943
       1.8400000       26.191367
       1.8500000       18.070010
       1.8600000       20.648150
       1.8700000       17.735486
       1.8800000       18.410971
       1.8900000       16.835762
       1.9000000       19.444170
       1.9100000       18.209297
       1.9200000       18.670104
       1.9300000       18.216324
       1.9400000       18.344396
       1.9500000       18.136053
       1.9600000       18.021928
       1.9700000       17.949876
       1.9800000       17.935701
       1.9900000       17.834856
       2.0000000       17.794837
       2.0100000       17.748450
       2.0200000       17.702474
       2.0300000       17.659714
       2.0400000       17.614298
       2.0500000       17.573894
       2.0600000       17.531781
       2.0700000       17.490513
       2.0800000       17.448462
       2.0900000       17.405567
       2.1000000       17.364610
       2.1100000       17.322982
       2.1200000       17.280349
       2.1300000       17.237865
       2.1400000       17.194774
       2.1500000       17.151275
       2.1600000       17.107774
       2.1700000       17.062728
       2.1800000       17.017379
       2.1900000       16.971372
       2.2000000       16.925613
       2.2100000       16.877090
       2.2200000       16.828517
       2.2300000       16.778807
       2.2400000       16.727979
       2.2500000       16.675915
       2.2600000       16.622476
       2.2700000       16.567605
       2.2800000       16.510998
       2.2900000       16.452626
       2.3000000       16.392379
       2.3100000       16.329869
       2.3200000       16.264788
       2.3300000       16.197429
       2.3400000       16.126585
       2.3500000       16.053972
       2.3600000       15.975852
       2.3700000       15.893011
       2.3800000       15.808704
       2.3900000       15.715832
       2.4000000       15.616547
       2.4100000       15.536172
       2.4200000       15.423232
       2.4300000       15.275139
       2.4400000       15.156131
       2.4500000       14.948808
       2.4600000       14.837893
       2.4700000       14.622089
       2.4800000       14.422829
       2.4900000       14.234873
       2.5000000       13.943577
       2.5100000       13.540317
       2.5200000       13.265273
       2.5300000       12.620848
       2.5400000       11.874465
       2.5500000       10.519399
       2.5600000      0.31412353
       2.5700000       34.376353
       2.5800000       7.5474809
       2.5900000       13.890775
       2.6000000       14.992509
       2.6100000       38.855913
       2.6200000      -8.9642177
       2.6300000      -1.7037638
       2.6400000       16.958829
       2.6500000       12.600362
       2.6600000       18.385989
       2.6700000      -29.664495
       2.6800000       38.125091
       2.6900000       18.281288
       2.7000000       17.293711
       2.7100000       12.520027
       2.7200000      -20.375755
       2.7300000       21.483871
       2.7400000      -9.4121684
       2.7500000       19.002014
       2.7600000       20.695227
       2.7700000       16.840062
       2.7800000       20.805859
       2.7900000       22.283043
       2.8000000       18.996316
       2.8100000       20.947261
       2.8200000       20.120547
       2.8300000       19.505087
       2.8400000       19.867053
       2.8500000       21.021530
       2.8600000       20.677450
       2.8700000       18.551105
       2.8800000       18.627605
       2.8900000       18.568977
       2.9000000       17.880361
       2.9100000       18.227054
       2.9200000       17.911556
       2.9300000       18.053899
       2.9400000       17.780154
       2.9500000       17.729887
       2.9600000       17.614399
       2.9700000       17.436287
       2.9800000       17.485008
       2.9900000       17.321561
       3.0000000       17.287445
       3.0100000       17.197587
       3.0200000       17.075796
       3.0300000       16.978065
       3.0400000       16.932661
       3.0500000       16.851920
       3.0600000       16.863790
       3.0700000       16.298641
       3.0800000       16.621271
       3.0900000       16.850732
       3.1000000       16.640044
       3.1100000       16.490584
       3.1200000       16.560793
       3.1300000       16.566459
       3.1400000       16.750274
       3.1500000       16.448563
       3.1600000       16.336573
       3.1700000       16.261567
       3.1800000       16.181626
       3.1900000       16.021703
       3.2000000       16.163106
       3.2100000       16.305161
       3.2200000       16.035100
       3.2300000       14.701615
       3.2400000       15.982889
       3.2500000       16.024510
       3.2600000       15.571291
       3.2700000       15.819207
       3.2800000       15.720059
       3.2900000       15.735056
       3.3000000       16.037783
       3.3100000       15.714037
       3.3200000       15.856322
       3.3300000       15.678810
       3.3400000       15.600757
       3.3500000       15.533876
       3.3600000       15.480515
       3.3700000       15.442153
       3.3800000       15.398915
       3.3900000       15.359137
       3.4000000       15.311989
       3.4100000       15.283506
       3.4200000       15.230006
       3.4300000       15.186460
       3.4400000       15.142312
       3.4500000       15.102366
       3.4600000       15.064773
       3.4700000       15.019699
       3.4800000       14.978760
       3.4900000       14.937524
       3.5000000       14.896821
       3.5100000       14.855926
       3.5200000       14.815282
       3.5300000       14.774412
       3.5400000       14.733971
       3.5500000       14.693609
       3.5600000       14.652700
       3.5700000       14.612298
       3.5800000       14.571715
       3.5900000       14.531085
       3.6000000       14.490605
       3.6100000       14.449999
       3.6200000       14.409329
       3.6300000       14.368689
       3.6400000       14.327909
       3.6500000       14.287106
       3.6600000       14.246501
       3.6700000       14.205312
       3.6800000       14.164289
       3.6900000       14.123183
       3.7000000       14.081974
       3.7100000       14.040661
       3.7200000       13.999264
       3.7300000       13.957731
       3.7400000       13.916080
       3.7500000       13.874295
       3.7600000       13.832375
       3.7700000       13.790304
       3.7800000       13.748083
       3.7900000       13.705708
       3.8000000       13.663144
       3.8100000       13.620416
       3.8200000       13.577502
       3.8300000       13.534385
       3.8400000       13.491060
       3.8500000       13.447520
       3.8600000       13.403754
       3.8700000       13.359763
       3.8800000       13.315432
       3.8900000       13.270932
       3.9000000       13.226141
       3.9100000       13.181002
       3.9200000       13.135544
       3.9300000       13.089797
       3.9400000       13.043696
       3.9500000       12.997174
       3.9600000       12.950240
       3.9700000       12.902875
       3.9800000       12.855011
       3.9900000       12.806639
       4.0000000       12.757705
       4.0100000       12.708150
       4.0200000       12.657901
       4.0300000       12.606914
       4.0400000       12.555062
       4.0500000       12.502316
       4.0600000       12.448446
       4.0700000       12.393327
       4.0800000       12.336794
       4.0900000       12.278593
       4.1000000       12.218399
       4.1100000       12.155804
       4.1200000       12.090219
       4.1300000       12.020888
       4.1400000       11.946689
       4.1500000       11.865951
       4.1600000       11.776049
       4.1700000       11.672352
       4.1800000       11.545806
       4.1900000       11.367191
       4.2000000       11.045256
       4.2100000       10.740720
       4.2200000       10.547031
       4.2300000       20.590720
       4.2400000       14.621375
       4.2500000       14.477652
       4.2600000       12.427607
       4.2700000       11.592072
       4.2800000       11.026322
       4.2900000       11.312603
       4.3000000       11.962041
       4.3100000       12.341087
       4.3200000       12.489359
       4.3300000       11.965556
       4.3400000       11.881346
       4.3500000       11.702473
       4.3600000       11.609295
       4.3700000       11.496565
       4.3800000       11.404704
       4.3900000       11.321203
       4.4000000       11.242713
       4.4100000       11.167231
       4.4200000       11.094956
       4.4300000       11.026194
       4.4400000       10.957157
       4.4500000       10.887885
       4.4600000       10.823236
       4.4700000       10.755977
       4.4800000       10.691059
       4.4900000       10.626840
       4.5000000       10.560624
       4.5100000       10.496327
       4.5200000       10.429929
       4.5300000       10.367649
       4.5400000       10.303930
       4.5500000       10.237453
       4.5600000       10.173763
       4.5700000       10.104972
       4.5800000       10.041014
       4.5900000       9.9756663
       4.6000000       9.9074645
       4.6100000       9.8409706
       4.6200000       9.7700136
       4.6300000       9.7095890
       4.6400000       9.6366005
       4.6500000       9.5697483
       4.6600000       9.4877291
       4.6700000       9.4247044
       4.6800000       9.3342550
       4.6900000       9.2965658
       4.7000000       9.2191892
       4.7100000       9.1465155
       4.7200000       9.0679026
       4.7300000       9.0392408
       4.7400000       8.9259344
       4.7500000       8.8520740
       4.7600000       8.7534672
       4.7700000       8.6900896
       4.7800000       8.5775528
       4.7900000       8.5199071
       4.8000000       8.4625002
       4.8100000       8.3589935
       4.8200000       8.2387820
       4.8300000       8.1821561
       4.8400000       7.8100373
       4.8500000       8.0953295
       4.8600000       8.0031203
       4.8700000       7.8863057
       4.8800000       7.7704000
       4.8900000       7.6140192
       4.9000000       7.9809275
       4.9100000       7.5598594
       4.9200000       7.4211493
       4.9300000       7.2764806
       4.9400000       7.1500646
       4.9500000       6.9094836
       4.9600000       7.7868535
       4.9700000       7.0245602
       4.9800000       6.7739695
       4.9900000       6.6945553
       5.0000000       6.4318011
       5.0100000       6.2204732
       5.0200000     -0.72681755
       5.0300000       7.6164726
       5.0400000       6.4446589
       5.0500000       6.1979748
       5.0600000       5.8312306
       5.0700000       5.7359435
       5.0800000       4.8903293
       5.0900000       6.0364574
       5.1000000       5.7943329
       5.1100000       5.2716016
       5.1200000       5.1611739
       5.1300000       4.6215901
       5.1400000       3.1457842
       5.1500000       7.5502321
       5.1600000       5.1904467
       5.1700000       4.6256154
       5.1800000       4.2482481
       5.1900000       3.5574393
       5.2000000       16.194530
       5.2100000      0.94402592
       5.2200000       6.3092797
       5.2300000       4.2785305
       5.2400000       3.7864647
       5.2500000       3.7872831
       5.2600000       3.6049269
       5.2700000       2.3961818
       5.2800000       3.3632226
       5.2900000      -1.0268628
       5.3000000       3.8296346
       5.3100000       3.0723641
       5.3200000       2.0434538
       5.3300000       1.3236189
       5.3400000     -0.54837744
       5.3500000       34.560888
       5.3600000       6.1509743
       5.3700000       2.6381104
       5.3800000      0.91407617
       5.3900000      0.66814631
       5.4000000     -0.65906165
       5.4100000      -4.5537128
       5.4200000      -19.632834
       5.4300000       7.1070739
       5.4400000       1.4021795
       5.4500000      0.13520662
       5.4600000      -5.9914171
       5.4700000       5.9056556
       5.4800000       16.893456
       5.4900000       2.4515828
       5.5000000       0.0000000
