# microns      mas
       1.5000000       4.3543319
       1.5100000       4.3309845
       1.5200000       4.3081778
       1.5300000       4.2860449
       1.5400000       4.2642441
       1.5500000       4.2428394
       1.5600000       4.2217950
       1.5700000       4.2010860
       1.5800000       4.1807059
       1.5900000       4.1606274
       1.6000000       4.1408323
       1.6100000       4.1213066
       1.6200000       4.1020450
       1.6300000       4.0830159
       1.6400000       4.0642173
       1.6500000       4.0456260
       1.6600000       4.0272355
       1.6700000       4.0090126
       1.6800000       3.9909704
       1.6900000       3.9730010
       1.7000000       3.9551932
       1.7100000       3.9374563
       1.7200000       3.9196654
       1.7300000       3.9019803
       1.7400000       3.8842956
       1.7500000       3.8662419
       1.7600000       3.8478394
       1.7700000       3.8292110
       1.7800000       3.8093375
       1.7900000       3.7873656
       1.8000000       3.7681953
       1.8100000       3.7270025
       1.8200000       3.6228843
       1.8300000       3.5689668
       1.8400000       5.1301123
       1.8500000       3.7258875
       1.8600000       4.1689320
       1.8700000       3.6538092
       1.8800000       3.7594730
       1.8900000       3.4786713
       1.9000000       3.9234530
       1.9100000       3.7021706
       1.9200000       3.7725009
       1.9300000       3.6870645
       1.9400000       3.6993141
       1.9500000       3.6570862
       1.9600000       3.6311242
       1.9700000       3.6118636
       1.9800000       3.6022955
       1.9900000       3.5783336
       2.0000000       3.5645190
       2.0100000       3.5499624
       2.0200000       3.5357894
       2.0300000       3.5218818
       2.0400000       3.5076997
       2.0500000       3.4944235
       2.0600000       3.4810241
       2.0700000       3.4678083
       2.0800000       3.4545490
       2.0900000       3.4412384
       2.1000000       3.4283395
       2.1100000       3.4154106
       2.1200000       3.4023933
       2.1300000       3.3894797
       2.1400000       3.3765399
       2.1500000       3.3636086
       2.1600000       3.3507543
       2.1700000       3.3377058
       2.1800000       3.3246797
       2.1900000       3.3116117
       2.2000000       3.2986550
       2.2100000       3.2853020
       2.2200000       3.2719970
       2.2300000       3.2585642
       2.2400000       3.2450145
       2.2500000       3.2313130
       2.2600000       3.2174386
       2.2700000       3.2033840
       2.2800000       3.1890924
       2.2900000       3.1745848
       2.3000000       3.1597596
       2.3100000       3.1446481
       2.3200000       3.1291531
       2.3300000       3.1133047
       2.3400000       3.0969327
       2.3500000       3.0802956
       2.3600000       3.0627953
       2.3700000       3.0445162
       2.3800000       3.0260719
       2.3900000       3.0062044
       2.4000000       2.9852994
       2.4100000       2.9675233
       2.4200000       2.9443137
       2.4300000       2.9154614
       2.4400000       2.8913526
       2.4500000       2.8525592
       2.4600000       2.8297513
       2.4700000       2.7894752
       2.4800000       2.7518201
       2.4900000       2.7166193
       2.5000000       2.6638188
       2.5100000       2.5918691
       2.5200000       2.5405981
       2.5300000       2.4344386
       2.5400000       2.2987181
       2.5500000       2.0697506
       2.5600000      0.37607754
       2.5700000       6.0511053
       2.5800000       1.5291411
       2.5900000       2.5892358
       2.6000000       2.7881948
       2.6100000       6.9228677
       2.6200000      -1.3747901
       2.6300000     -0.13471402
       2.6400000       3.1400616
       2.6500000       2.3797314
       2.6600000       3.4178147
       2.6700000      -4.7800938
       2.6800000       6.7661278
       2.6900000       3.3329696
       2.7000000       3.1602479
       2.7100000       2.3617316
       2.7200000      -3.2919222
       2.7300000       3.8967249
       2.7400000      -1.3380202
       2.7500000       3.4670464
       2.7600000       3.7539168
       2.7700000       3.1052224
       2.7800000       3.7666561
       2.7900000       3.9844043
       2.8000000       3.4482017
       2.8100000       3.7564751
       2.8200000       3.6178140
       2.8300000       3.5106892
       2.8400000       3.5669110
       2.8500000       3.7508368
       2.8600000       3.6944949
       2.8700000       3.3402998
       2.8800000       3.3497572
       2.8900000       3.3355695
       2.9000000       3.2182621
       2.9100000       3.2729696
       2.9200000       3.2193530
       2.9300000       3.2390706
       2.9400000       3.1917912
       2.9500000       3.1802310
       2.9600000       3.1583202
       2.9700000       3.1254392
       2.9800000       3.1317870
       2.9900000       3.1024506
       3.0000000       3.0937934
       3.0100000       3.0766558
       3.0200000       3.0544286
       3.0300000       3.0356027
       3.0400000       3.0252852
       3.0500000       3.0093900
       3.0600000       3.0094139
       3.0700000       2.9106746
       3.0800000       2.9636626
       3.0900000       3.0014734
       3.1000000       2.9631138
       3.1100000       2.9351170
       3.1200000       2.9457423
       3.1300000       2.9447051
       3.1400000       2.9750716
       3.1500000       2.9208524
       3.1600000       2.8995793
       3.1700000       2.8848229
       3.1800000       2.8691600
       3.1900000       2.8396932
       3.2000000       2.8616829
       3.2100000       2.8844921
       3.2200000       2.8361587
       3.2300000       2.6025390
       3.2400000       2.8229610
       3.2500000       2.8281537
       3.2600000       2.7479703
       3.2700000       2.7899518
       3.2800000       2.7716281
       3.2900000       2.7725093
       3.3000000       2.8217533
       3.3100000       2.7647965
       3.3200000       2.7871447
       3.3300000       2.7553393
       3.3400000       2.7402814
       3.3500000       2.7271716
       3.3600000       2.7164324
       3.3700000       2.7081146
       3.3800000       2.6982231
       3.3900000       2.6900632
       3.4000000       2.6803596
       3.4100000       2.6735531
       3.4200000       2.6628305
       3.4300000       2.6536836
       3.4400000       2.6442559
       3.4500000       2.6356981
       3.4600000       2.6274141
       3.4700000       2.6180263
       3.4800000       2.6092629
       3.4900000       2.6004353
       3.5000000       2.5916756
       3.5100000       2.5829080
       3.5200000       2.5741650
       3.5300000       2.5653842
       3.5400000       2.5566822
       3.5500000       2.5479620
       3.5600000       2.5391620
       3.5700000       2.5304207
       3.5800000       2.5216536
       3.5900000       2.5128619
       3.6000000       2.5040793
       3.6100000       2.4952709
       3.6200000       2.4864344
       3.6300000       2.4775848
       3.6400000       2.4686941
       3.6500000       2.4597880
       3.6600000       2.4508852
       3.6700000       2.4418752
       3.6800000       2.4328585
       3.6900000       2.4238122
       3.7000000       2.4147158
       3.7100000       2.4055794
       3.7200000       2.3963895
       3.7300000       2.3871459
       3.7400000       2.3778499
       3.7500000       2.3684897
       3.7600000       2.3590671
       3.7700000       2.3495735
       3.7800000       2.3400082
       3.7900000       2.3303624
       3.8000000       2.3206284
       3.8100000       2.3108101
       3.8200000       2.3008944
       3.8300000       2.2908711
       3.8400000       2.2807378
       3.8500000       2.2704864
       3.8600000       2.2601119
       3.8700000       2.2496165
       3.8800000       2.2388841
       3.8900000       2.2280921
       3.9000000       2.2171207
       3.9100000       2.2059094
       3.9200000       2.1944953
       3.9300000       2.1829227
       3.9400000       2.1710899
       3.9500000       2.1589647
       3.9600000       2.1465519
       3.9700000       2.1338187
       3.9800000       2.1207250
       3.9900000       2.1072396
       4.0000000       2.0933118
       4.0100000       2.0788943
       4.0200000       2.0639059
       4.0300000       2.0482931
       4.0400000       2.0319415
       4.0500000       2.0147863
       4.0600000       1.9966490
       4.0700000       1.9773760
       4.0800000       1.9567819
       4.0900000       1.9346001
       4.1000000       1.9105016
       4.1100000       1.8840424
       4.1200000       1.8546249
       4.1300000       1.8214401
       4.1400000       1.7833198
       4.1500000       1.7385034
       4.1600000       1.6842149
       4.1700000       1.6156572
       4.1800000       1.5233788
       4.1900000       1.3780034
       4.2000000       1.0846975
       4.2100000      0.79364020
       4.2200000      0.61274178
       4.2300000       11.355375
       4.2400000       5.0840208
       4.2500000       4.9984955
       4.2600000       2.8085063
       4.2700000       1.9504134
       4.2800000       1.4010603
       4.2900000       1.7578665
       4.3000000       2.4990226
       4.3100000       2.9331848
       4.3200000       3.1145848
       4.3300000       2.6151165
       4.3400000       2.5672957
       4.3500000       2.4273042
       4.3600000       2.3726539
       4.3700000       2.3011977
       4.3800000       2.2512976
       4.3900000       2.2100465
       4.4000000       2.1739431
       4.4100000       2.1422848
       4.4200000       2.1139152
       4.4300000       2.0880619
       4.4400000       2.0638252
       4.4500000       2.0411205
       4.4600000       2.0204570
       4.4700000       1.9997548
       4.4800000       1.9816322
       4.4900000       1.9630002
       4.5000000       1.9448829
       4.5100000       1.9279692
       4.5200000       1.9093644
       4.5300000       1.8964453
       4.5400000       1.8804603
       4.5500000       1.8629811
       4.5600000       1.8483887
       4.5700000       1.8326989
       4.5800000       1.8176970
       4.5900000       1.8028716
       4.6000000       1.7877740
       4.6100000       1.7731574
       4.6200000       1.7579936
       4.6300000       1.7444991
       4.6400000       1.7292883
       4.6500000       1.7152098
       4.6600000       1.6987779
       4.6700000       1.6854419
       4.6800000       1.6680154
       4.6900000       1.6586164
       4.7000000       1.6435954
       4.7100000       1.6288924
       4.7200000       1.6135357
       4.7300000       1.6056829
       4.7400000       1.5852545
       4.7500000       1.5708779
       4.7600000       1.5525198
       4.7700000       1.5398852
       4.7800000       1.5195506
       4.7900000       1.5078830
       4.8000000       1.4959061
       4.8100000       1.4769693
       4.8200000       1.4556137
       4.8300000       1.4444039
       4.8400000       1.3837380
       4.8500000       1.4253213
       4.8600000       1.4087374
       4.8700000       1.3879873
       4.8800000       1.3670581
       4.8900000       1.3398399
       4.9000000       1.3953086
       4.9100000       1.3268180
       4.9200000       1.3025595
       4.9300000       1.2772708
       4.9400000       1.2553741
       4.9500000       1.2146853
       4.9600000       1.3520387
       4.9700000       1.2284301
       4.9800000       1.1868233
       4.9900000       1.1714187
       5.0000000       1.1267410
       5.0100000       1.0914569
       5.0200000    -0.036958149
       5.0300000       1.3102060
       5.0400000       1.1214527
       5.0500000       1.0797545
       5.0600000       1.0172984
       5.0700000       1.0013492
       5.0800000      0.86270082
       5.0900000       1.0459617
       5.1000000       1.0050129
       5.1100000      0.91792416
       5.1200000      0.89799032
       5.1300000      0.80884918
       5.1400000      0.56258271
       5.1500000       1.2918143
       5.1600000      0.89780263
       5.1700000      0.80295705
       5.1800000      0.73872521
       5.1900000      0.62372383
       5.2000000       2.6892569
       5.2100000      0.18233774
       5.2200000       1.0753129
       5.2300000      0.73690722
       5.2400000      0.65559114
       5.2500000      0.64990860
       5.2600000      0.61986280
       5.2700000      0.42758644
       5.2800000      0.57793959
       5.2900000     -0.15306940
       5.3000000      0.65133054
       5.3100000      0.52476504
       5.3200000      0.35422223
       5.3300000      0.22931665
       5.3400000    -0.084984661
       5.3500000       5.8180151
       5.3600000       1.0380345
       5.3700000      0.44911207
       5.3800000      0.16214077
       5.3900000      0.11203064
       5.4000000     -0.11127454
       5.4100000     -0.76089534
       5.4200000      -3.3481477
       5.4300000       1.1920768
       5.4400000      0.23638116
       5.4500000     0.017959063
       5.4600000      -1.0234949
       5.4700000       1.0056842
       5.4800000       2.8098426
       5.4900000      0.40412047
       5.5000000       0.0000000
