# microns      mas
       1.5000000       53.160151
       1.5100000       53.075806
       1.5200000       52.994224
       1.5300000       52.918845
       1.5400000       52.842947
       1.5500000       52.768054
       1.5600000       52.693774
       1.5700000       52.619945
       1.5800000       52.546248
       1.5900000       52.472513
       1.6000000       52.398745
       1.6100000       52.324633
       1.6200000       52.250164
       1.6300000       52.175102
       1.6400000       52.099446
       1.6500000       52.022846
       1.6600000       51.945375
       1.6700000       51.866539
       1.6800000       51.786737
       1.6900000       51.704005
       1.7000000       51.620269
       1.7100000       51.533824
       1.7200000       51.442540
       1.7300000       51.349691
       1.7400000       51.253278
       1.7500000       51.146819
       1.7600000       51.030796
       1.7700000       50.907774
       1.7800000       50.759091
       1.7900000       50.570182
       1.8000000       50.452916
       1.8100000       49.897619
       1.8200000       48.269964
       1.8300000       47.572913
       1.8400000       73.821434
       1.8500000       50.599762
       1.8600000       57.866120
       1.8700000       49.651492
       1.8800000       51.642211
       1.8900000       47.187181
       1.9000000       54.601804
       1.9100000       51.107749
       1.9200000       52.464966
       1.9300000       51.184393
       1.9400000       51.610158
       1.9500000       51.016629
       1.9600000       50.693405
       1.9700000       50.502811
       1.9800000       50.482484
       1.9900000       50.206898
       2.0000000       50.110281
       2.0100000       49.993864
       2.0200000       49.877902
       2.0300000       49.771921
       2.0400000       49.657421
       2.0500000       49.558248
       2.0600000       49.453234
       2.0700000       49.350519
       2.0800000       49.245306
       2.0900000       49.137464
       2.1000000       49.034931
       2.1100000       48.930272
       2.1200000       48.822476
       2.1300000       48.714923
       2.1400000       48.605424
       2.1500000       48.494514
       2.1600000       48.383355
       2.1700000       48.267611
       2.1800000       48.150774
       2.1900000       48.031846
       2.2000000       47.913482
       2.2100000       47.786868
       2.2200000       47.659985
       2.2300000       47.529653
       2.2400000       47.395875
       2.2500000       47.258370
       2.2600000       47.116722
       2.2700000       46.970779
       2.2800000       46.819625
       2.2900000       46.663138
       2.3000000       46.501275
       2.3100000       46.332559
       2.3200000       46.156208
       2.3300000       45.973268
       2.3400000       45.780004
       2.3500000       45.581635
       2.3600000       45.366988
       2.3700000       45.138433
       2.3800000       44.905832
       2.3900000       44.648109
       2.4000000       44.371667
       2.4100000       44.151969
       2.4200000       43.837063
       2.4300000       43.415305
       2.4400000       43.081716
       2.4500000       42.487773
       2.4600000       42.180038
       2.4700000       41.563325
       2.4800000       40.998269
       2.4900000       40.457219
       2.5000000       39.618183
       2.5100000       38.457995
       2.5200000       37.690139
       2.5300000       35.715572
       2.5400000       33.659453
       2.5500000       29.667310
       2.5600000     -0.60083622
       2.5700000       99.804166
       2.5800000       21.520892
       2.5900000       40.116144
       2.6000000       43.062577
       2.6100000       110.77636
       2.6200000      -24.865367
       2.6300000      -4.0187180
       2.6400000       48.276427
       2.6500000       35.933126
       2.6600000       51.720486
       2.6700000      -86.818014
       2.6800000       108.66808
       2.6900000       52.478552
       2.7000000       49.470755
       2.7100000       35.756686
       2.7200000      -58.484655
       2.7300000       61.280521
       2.7400000      -28.435894
       2.7500000       54.100126
       2.7600000       59.030957
       2.7700000       47.640649
       2.7800000       59.424958
       2.7900000       64.241922
       2.8000000       54.256473
       2.8100000       60.281308
       2.8200000       57.810192
       2.8300000       56.029091
       2.8400000       57.129280
       2.8500000       60.636822
       2.8600000       59.564398
       2.8700000       53.251190
       2.8800000       53.497571
       2.8900000       53.367352
       2.9000000       51.342280
       2.9100000       52.383908
       2.9200000       51.432032
       2.9300000       51.886428
       2.9400000       51.072780
       2.9500000       50.945130
       2.9600000       50.617181
       2.9700000       50.112314
       2.9800000       50.253310
       2.9900000       49.774658
       3.0000000       49.693199
       3.0100000       49.432646
       3.0200000       49.074287
       3.0300000       48.798043
       3.0400000       48.680039
       3.0500000       48.453180
       3.0600000       48.490521
       3.0700000       46.870509
       3.0800000       47.805196
       3.0900000       48.460177
       3.1000000       47.863586
       3.1100000       47.445288
       3.1200000       47.642211
       3.1300000       47.663539
       3.1400000       48.182305
       3.1500000       47.329954
       3.1600000       47.015123
       3.1700000       46.803724
       3.1800000       46.579352
       3.1900000       46.126866
       3.2000000       46.543349
       3.2100000       46.948084
       3.2200000       46.179217
       3.2300000       42.405863
       3.2400000       46.036631
       3.2500000       46.161320
       3.2600000       44.867816
       3.2700000       45.572941
       3.2800000       45.293179
       3.2900000       45.339578
       3.3000000       46.225379
       3.3100000       45.290729
       3.3200000       45.720896
       3.3300000       45.203893
       3.3400000       44.981114
       3.3500000       44.791222
       3.3600000       44.639736
       3.3700000       44.534082
       3.3800000       44.415808
       3.3900000       44.305982
       3.4000000       44.173488
       3.4100000       44.099132
       3.4200000       43.946369
       3.4300000       43.824788
       3.4400000       43.702243
       3.4500000       43.591400
       3.4600000       43.489110
       3.4700000       43.361998
       3.4800000       43.248419
       3.4900000       43.133959
       3.5000000       43.021235
       3.5100000       42.907805
       3.5200000       42.795203
       3.5300000       42.681889
       3.5400000       42.569846
       3.5500000       42.458140
       3.5600000       42.344742
       3.5700000       42.232948
       3.5800000       42.120597
       3.5900000       42.008155
       3.6000000       41.896212
       3.6100000       41.783909
       3.6200000       41.671454
       3.6300000       41.559156
       3.6400000       41.446479
       3.6500000       41.333775
       3.6600000       41.221778
       3.6700000       41.108017
       3.6800000       40.994878
       3.6900000       40.881542
       3.7000000       40.767995
       3.7100000       40.654203
       3.7200000       40.540283
       3.7300000       40.426048
       3.7400000       40.311558
       3.7500000       40.196792
       3.7600000       40.081742
       3.7700000       39.966377
       3.7800000       39.850704
       3.7900000       39.734730
       3.8000000       39.618357
       3.8100000       39.501665
       3.8200000       39.384613
       3.8300000       39.267167
       3.8400000       39.149322
       3.8500000       39.031073
       3.8600000       38.912396
       3.8700000       38.793290
       3.8800000       38.673684
       3.8900000       38.553669
       3.9000000       38.433166
       3.9100000       38.312136
       3.9200000       38.190584
       3.9300000       38.068484
       3.9400000       37.945907
       3.9500000       37.822698
       3.9600000       37.698881
       3.9700000       37.574483
       3.9800000       37.449375
       3.9900000       37.323623
       4.0000000       37.197173
       4.0100000       37.069954
       4.0200000       36.941941
       4.0300000       36.813140
       4.0400000       36.683415
       4.0500000       36.552872
       4.0600000       36.421176
       4.0700000       36.288347
       4.0800000       36.154334
       4.0900000       36.018993
       4.1000000       35.882126
       4.1100000       35.743564
       4.1200000       35.602931
       4.1300000       35.459880
       4.1400000       35.313795
       4.1500000       35.163835
       4.1600000       35.008717
       4.1700000       34.845914
       4.1800000       34.670904
       4.1900000       34.468044
       4.2000000       34.190509
       4.2100000       33.929181
       4.2200000       33.726362
       4.2300000       38.655494
       4.2400000       35.522641
       4.2500000       35.324442
       4.2600000       34.201512
       4.2700000       33.670295
       4.2800000       33.264412
       4.2900000       33.286550
       4.3000000       33.491140
       4.3100000       33.568409
       4.3200000       33.533205
       4.3300000       33.142316
       4.3400000       32.979455
       4.3500000       32.764965
       4.3600000       32.595393
       4.3700000       32.414064
       4.3800000       32.241363
       4.3900000       32.073061
       4.4000000       31.908136
       4.4100000       31.740453
       4.4200000       31.574679
       4.4300000       31.414716
       4.4400000       31.248555
       4.4500000       31.076830
       4.4600000       30.916541
       4.4700000       30.746591
       4.4800000       30.577714
       4.4900000       30.413271
       4.5000000       30.239667
       4.5100000       30.069846
       4.5200000       29.897255
       4.5300000       29.723204
       4.5400000       29.553342
       4.5500000       29.377550
       4.5600000       29.203690
       4.5700000       29.014093
       4.5800000       28.840989
       4.5900000       28.662054
       4.6000000       28.473643
       4.6100000       28.289877
       4.6200000       28.091697
       4.6300000       27.928408
       4.6400000       27.723013
       4.6500000       27.537025
       4.6600000       27.303513
       4.6700000       27.129265
       4.6800000       26.866835
       4.6900000       26.775725
       4.7000000       26.555324
       4.7100000       26.350571
       4.7200000       26.126857
       4.7300000       26.066953
       4.7400000       25.729626
       4.7500000       25.519704
       4.7600000       25.235084
       4.7700000       25.057504
       4.7800000       24.727274
       4.7900000       24.567707
       4.8000000       24.416709
       4.8100000       24.113982
       4.8200000       23.766137
       4.8300000       23.606685
       4.8400000       22.456817
       4.8500000       23.387216
       4.8600000       23.116842
       4.8700000       22.776028
       4.8800000       22.438758
       4.8900000       21.980110
       4.9000000       23.144469
       4.9100000       21.853003
       4.9200000       21.445237
       4.9300000       21.021195
       4.9400000       20.644981
       4.9500000       19.928849
       4.9600000       22.655855
       4.9700000       20.330511
       4.9800000       19.571759
       4.9900000       19.360314
       5.0000000       18.585370
       5.0100000       17.947819
       5.0200000      -3.0598901
       5.0300000       22.279264
       5.0400000       18.693254
       5.0500000       17.961675
       5.0600000       16.889145
       5.0700000       16.595736
       5.0800000       14.049084
       5.0900000       17.549844
       5.1000000       16.832804
       5.1100000       15.278370
       5.1200000       14.966551
       5.1300000       13.347072
       5.1400000       8.9916540
       5.1500000       22.038269
       5.1600000       15.087892
       5.1700000       13.424907
       5.1800000       12.325098
       5.1900000       10.274307
       5.2000000       48.216108
       5.2100000       2.6503663
       5.2200000       18.472362
       5.2300000       12.475782
       5.2400000       11.001157
       5.2500000       11.092661
       5.2600000       10.540732
       5.2700000       6.7809088
       5.2800000       9.8330867
       5.2900000      -3.1281538
       5.3000000       11.261710
       5.3100000       9.0259785
       5.3200000       5.9598451
       5.3300000       3.9189821
       5.3400000      -1.5720601
       5.3500000       101.03766
       5.3600000       18.049940
       5.3700000       7.7394882
       5.3800000       2.6415313
       5.3900000       2.0668030
       5.4000000      -1.8216408
       5.4100000      -13.304163
       5.4200000      -56.511737
       5.4300000       20.913902
       5.4400000       4.1552087
       5.4500000      0.52953350
       5.4600000      -17.192102
       5.4700000       17.090832
       5.4800000       49.939803
       5.4900000       7.3247568
       5.5000000       0.0000000
